0	22	0.909091	-0.060409
22	21	0.904762	0.099362
43	20	0.750000	-0.236800
63	19	0.947368	-0.030532
82	20	0.900000	-0.076000
102	19	1.000000	0.222100
121	20	0.900000	0.085100
141	19	0.894737	-0.016563
160	19	0.894737	-0.003763
179	19	0.894737	-0.083463
198	19	0.947368	0.062768
217	19	0.842105	-0.123195
236	18	0.944444	-0.033556
254	19	0.842105	-0.043895
273	18	0.888889	0.139589
291	18	0.944444	-0.025056
309	18	1.000000	0.174500
327	18	0.777778	-0.047322
345	17	0.941176	0.154376
362	18	0.833333	-0.086467
380	17	0.705882	-0.090618
397	17	0.764706	-0.009194
414	17	0.882353	-0.115947
431	17	0.941176	-0.032924
448	17	0.705882	-0.230418
465	16	0.937500	-0.057800
481	17	0.882353	0.099153
498	17	0.941176	0.149876
515	17	0.705882	-0.226918
532	16	1.000000	0.141200
548	17	0.882353	-0.078147
565	17	0.882353	0.093253
582	17	0.882353	-0.017447
599	17	0.823529	-0.169871
616	16	0.937500	0.046600
632	17	0.882353	-0.105947
649	16	0.937500	0.416400
665	16	0.937500	0.055500
681	16	0.875000	-0.104500
697	16	0.875000	0.120200
713	16	0.937500	-0.014200
729	16	0.875000	-0.014600
745	16	0.937500	-0.006900
761	16	0.875000	-0.018000
777	15	0.866667	-0.092233
792	15	1.000000	0.079500
807	15	0.866667	-0.085733
822	15	0.933333	0.260333
837	15	0.800000	-0.083800
852	15	1.000000	0.129900
867	15	1.000000	0.072100
882	15	1.000000	0.064300
897	15	0.866667	0.025167
912	15	0.866667	-0.029133
927	14	0.785714	-0.203386
941	14	0.928571	0.458571
955	14	0.857143	0.152343
969	14	0.928571	-0.059829
983	14	0.857143	-0.111757
997	14	0.928571	-0.070729
1011	14	0.928571	0.090071
1025	14	0.785714	-0.006186
1039	13	0.769231	-0.206769
1052	13	0.923077	-0.057123
1065	13	1.000000	0.007400
1078	13	1.000000	0.167000
1091	13	0.769231	-0.193669
1104	13	0.692308	-0.166392
1117	12	0.750000	-0.152700
1129	12	0.750000	-0.228200
1141	12	0.666667	-0.017233
1153	11	0.727273	-0.135827
1164	11	0.909091	0.361491
1175	12	0.916667	-0.056233
1187	12	1.000000	0.067300
1199	12	0.833333	-0.046567
1211	12	0.833333	-0.147167
1223	12	0.833333	0.003833
1235	11	0.818182	0.104382
1246	11	0.909091	-0.055709
1257	11	1.000000	0.200200
1268	11	0.727273	-0.207627
1279	11	0.727273	-0.025727
1290	10	0.800000	-0.132200
1300	10	1.000000	0.038800
1310	11	1.000000	0.112000
1321	11	0.909091	0.011391
1332	10	1.000000	0.404900
1342	10	0.900000	0.086200
1352	10	1.000000	0.002100
1362	10	0.900000	0.134700
1372	10	0.900000	0.024200
1382	10	1.000000	0.113100
1392	10	0.800000	-0.049400
1402	9	0.777778	0.394278
1411	9	0.777778	-0.218722
1420	9	1.000000	0.186500
1429	9	0.888889	0.079089
1438	9	0.888889	-0.076011
1447	9	1.000000	0.083900
1456	9	1.000000	0.302000
1465	9	1.000000	0.065300
1474	9	1.000000	0.021100
1483	9	0.888889	-0.073011
1492	9	1.000000	0.282900
1501	9	0.777778	-0.163722
1510	8	0.750000	-0.083200
1518	8	1.000000	0.011600
1526	8	1.000000	0.022000
1534	8	0.625000	-0.272800
1542	8	0.750000	-0.201400
1550	8	0.875000	-0.059900
1558	8	1.000000	0.137000
1566	8	0.750000	-0.033300
1574	8	0.750000	-0.118600
1582	8	0.875000	-0.058100
1590	8	1.000000	0.094500
1598	8	1.000000	0.112400
1606	8	1.000000	0.300400
1614	8	0.750000	-0.212100
1622	7	0.857143	-0.102057
1629	7	1.000000	0.278300
1636	7	1.000000	0.048100
1643	7	0.857143	0.375143
1650	7	0.857143	0.017843
1657	7	0.714286	-0.273314
1664	6	1.000000	0.040000
1670	7	0.857143	-0.047257
1677	6	0.666667	-0.274833
1683	6	0.833333	-0.010867
1689	6	0.833333	-0.049467
1695	6	0.833333	-0.023267
1701	6	0.833333	-0.078667
1707	6	1.000000	0.162000
1713	6	0.833333	-0.131267
1719	6	0.833333	0.159233
1725	6	1.000000	0.014700
1731	6	0.666667	-0.243233
1737	5	0.800000	0.030300
1742	5	1.000000	0.049000
1747	5	1.000000	0.107200
1752	5	1.000000	0.173400
1757	5	1.000000	0.148900
1762	5	1.000000	0.014500
1767	5	1.000000	0.061600
1772	5	1.000000	0.055700
1777	5	0.800000	-0.105300
1782	4	0.750000	-0.183900
1786	4	0.750000	-0.180900
1790	4	1.000000	0.072300
1794	4	1.000000	0.036500
1798	4	0.500000	-0.316100
1802	3	1.000000	0.440600
1805	4	1.000000	0.065600
1809	4	1.000000	0.045000
1813	4	1.000000	0.041700
1817	4	1.000000	0.028500
1821	4	1.000000	0.075600
1825	4	0.500000	-0.385200
1829	3	1.000000	0.092800
1832	4	1.000000	0.220100
1836	4	1.000000	0.090400
1840	4	1.000000	0.368900
1844	4	1.000000	0.025400
1848	4	1.000000	0.039200
1852	4	1.000000	0.392000
1856	4	0.750000	-0.221700
1860	3	1.000000	0.412900
1863	3	0.666667	-0.002633
1866	3	0.333333	-0.500267
1869	3	1.000000	0.129500
1872	3	0.666667	0.020967
1875	3	0.333333	-0.598467
1878	3	1.000000	0.133700
1881	4	0.500000	-0.486000
1885	4	1.000000	0.061100
1889	4	0.750000	-0.095600
1893	4	1.000000	0.201600
1897	4	1.000000	0.043800
1901	4	1.000000	0.020200
1905	4	1.000000	0.015500
1909	4	1.000000	0.086100
1913	4	1.000000	0.000500
1917	4	1.000000	0.038200
1921	4	1.000000	0.072400
1925	4	1.000000	0.017700
1929	4	0.750000	-0.096600
1933	3	1.000000	0.086400
1936	3	1.000000	0.028800
1939	3	0.333333	-0.615467
1942	3	1.000000	0.104400
1945	4	1.000000	0.200200
1949	4	1.000000	0.439700
1953	4	0.750000	-0.196700
1957	4	1.000000	0.049500
1961	4	0.750000	-0.187100
1965	4	0.750000	-0.173300
1969	4	0.750000	-0.201900
1973	4	0.750000	-0.239400
1977	3	1.000000	0.022600
1980	3	1.000000	0.066000
1983	3	0.666667	-0.221233
1986	3	1.000000	0.158500
1989	3	1.000000	0.031500
1992	3	1.000000	0.187400
1995	3	1.000000	0.060400
1998	3	1.000000	0.154300
2001	3	1.000000	0.022000
2004	3	0.666667	-0.169833
2007	2	0.500000	-0.461700
2009	2	1.000000	0.228900
2011	2	1.000000	0.048500
2013	2	1.000000	0.366200
2015	2	0.500000	-0.487000
2017	2	0.500000	-0.299600
2019	2	0.500000	-0.379200
2021	2	1.000000	0.036000
2023	2	1.000000	0.117200
2025	2	1.000000	0.117100
2027	2	1.000000	0.048300
2029	2	1.000000	0.009400
2031	2	1.000000	0.067200
2033	2	1.000000	0.163600
2035	2	1.000000	0.081700
2037	2	1.000000	0.093200
2039	2	1.000000	0.022200
2041	2	1.000000	0.053900
2043	2	1.000000	0.228500
2045	2	1.000000	0.044700
2047	2	1.000000	0.415700
2049	2	0.500000	-0.270200
2051	1	0.000000	-0.714900
2052	1	1.000000	0.081300

