0	111	0.900524	-0.081576	0.026870	-1.481881
191	110	0.914286	-0.037314	0.028070	0.015282
331	113	0.812030	-0.030470	0.050557	-0.129605
464	111	0.892562	0.129462	0.058980	0.099174
585	112	0.892857	-0.086643	0.064283	0.000331
697	109	0.908257	-0.078743	0.007363	0.017248
806	107	0.925234	-0.026766	0.046679	0.018692
913	107	0.878505	-0.021195	0.081288	-0.069495
1020	107	0.841121	-0.132878	0.024441	-0.061702
1127	110	0.836364	-0.010036	0.067707	-0.025543
1237	108	0.879630	-0.062970	0.053788	0.051731
1345	107	0.906542	-0.003158	0.051255	0.030595
1452	107	0.897196	-0.020904	0.049100	-0.030103
1559	106	0.886792	-0.105208	0.048176	-0.031364
1665	106	0.886792	0.134992	0.046827	0.000000
1771	106	0.877358	0.030859	0.039030	-0.030426
1877	105	0.885714	-0.001886	0.034833	0.009524
1982	105	0.904762	0.023362	0.029064	0.021505
2087	105	0.828571	0.340471	0.026043	-0.102526
2192	103	0.873786	-0.004414	0.037834	0.054570
2295	103	0.873786	-0.034014	0.044811	0.000000
2398	103	0.805825	-0.010075	0.042593	-0.096222
2501	101	0.871287	-0.109213	0.055167	0.081236
2602	102	0.843137	-0.035463	0.065336	-0.051662
2704	101	0.881188	0.378288	0.068356	0.045130
2805	101	0.792079	-0.185321	0.070110	-0.119101
2906	99	0.848485	0.262685	0.081092	0.071212
3005	100	0.840000	-0.004800	0.083639	-0.029800
3105	99	0.858586	-0.032414	0.079574	0.022126
3204	99	0.858586	-0.052014	0.073442	0.000000
3303	99	0.898990	-0.017210	0.059309	0.047059
3402	100	0.800000	-0.110900	0.052518	-0.127910
3502	98	0.816327	-0.178273	0.062141	0.020408
3600	98	0.785714	-0.092686	0.057567	-0.056750
3698	97	0.845361	0.332761	0.058189	0.075914
3795	97	0.855670	-0.136730	0.065271	0.012195
3892	97	0.845361	0.039761	0.060921	-0.031807
3989	97	0.762887	0.341187	0.058247	-0.115610
4086	95	0.778947	0.222847	0.068666	0.021053
4181	95	0.726316	-0.228684	0.062976	-0.086216
4276	93	0.741935	-0.193465	0.066625	0.021505
4369	93	0.784946	0.033746	0.064248	0.057971
4462	93	0.731183	0.286883	0.063771	-0.087123
4555	91	0.703297	-0.204403	0.069659	-0.057376
4646	90	0.766667	0.395067	0.071307	0.090104
4736	91	0.857143	0.017843	0.077393	0.118012
4827	93	0.720430	0.233030	0.087998	-0.176308
4920	90	0.766667	0.017967	0.110021	0.064179
5010	91	0.813187	-0.091813	0.114048	0.060678
5101	92	0.728261	-0.148839	0.114363	-0.122347
5193	90	0.777778	0.500878	0.121121	0.067993
5283	91	0.802198	-0.151802	0.115948	0.031397
5374	91	0.758242	-0.237258	0.103453	-0.073699
5465	90	0.844444	0.309244	0.096678	0.113688
5555	91	0.692308	-0.113392	0.096445	-0.196559
5646	89	0.651685	0.062585	0.112783	-0.077503
5735	87	0.735632	0.148532	0.116870	0.128815
5822	88	0.693182	-0.062518	0.127150	-0.076552
5910	87	0.712644	-0.205056	0.127984	0.028076
5997	87	0.344828	0.133828	0.116691	-0.525806
6084	79	0.291139	-0.646861	0.186016	-0.172582
6163	75	0.333333	0.158333	0.206658	0.144928
6238	75	0.346667	0.141867	0.214482	0.040000
6313	74	0.283784	-0.203116	0.205536	-0.197765
6387	71	0.295775	-0.009725	0.209114	0.042253
6458	71	0.380282	0.213782	0.185692	0.285714
6529	74	0.297297	0.239047	0.197809	-0.233854
6603	71	0.295775	0.026675	0.208424	-0.025019
6674	72	0.430556	0.171956	0.178327	0.455688
6746	77	0.337662	0.001062	0.229342	-0.231437
6823	74	0.337838	0.243848	0.252728	0.000520
6897	74	0.378378	-0.492822	0.230060	0.120000
6971	76	0.302632	0.024032	0.220128	-0.216184
7047	73	0.260274	-0.227526	0.219753	-0.157165
7120	71	0.366197	-0.286603	0.204827	0.406968
7191	75	0.240000	0.097300	0.238617	-0.357723
7266	70	0.342857	0.097257	0.276114	0.428571
7336	74	0.351351	0.320451	0.319664	0.024775
7410	76	0.368421	-0.002579	0.306875	0.048583
7486	76	0.394737	0.390670	0.282812	0.071429
7562	78	0.384615	-0.176385	0.248772	-0.045128
7640	78	0.423077	-0.395023	0.198400	0.100000
7718	80	0.350000	0.271480	0.160831	-0.189273
7798	77	0.376623	0.130223	0.143894	0.076067
7875	78	0.384615	-0.006985	0.122713	0.021220
7953	78	0.538462	-0.184438	0.102103	0.400000
8031	83	0.481928	0.053928	0.155671	-0.122892
8114	82	0.560976	0.162076	0.169934	0.164024
8196	85	0.576471	-0.200929	0.183586	0.027622
8281	86	0.465116	-0.195384	0.176075	-0.209302
8367	84	0.416667	-0.130333	0.183488	-0.122083
8451	82	0.426829	-0.286571	0.178089	0.024390
8533	82	0.475610	0.324810	0.155114	0.114286
8615	82	0.500000	0.342500	0.145807	0.051282
8697	82	0.560976	-0.226424	0.122009	0.121951
8779	84	0.535714	-0.112286	0.116837	-0.064130
8863	84	0.511905	0.173105	0.108416	-0.063555
8947	83	0.554217	0.119117	0.101015	0.082656
9030	85	0.423529	0.153429	0.096180	-0.251090
9115	81	0.444444	-0.343756	0.122756	0.049383
9196	81	0.530864	-0.288936	0.122881	0.194444
9277	83	0.493976	0.346276	0.141469	-0.088097
9360	81	0.530864	-0.099036	0.146464	0.074676
9441	82	0.426829	0.002029	0.140296	-0.212053
9523	80	0.475000	0.098200	0.157584	0.112857
9603	81	0.530864	0.100964	0.157903	0.117609
9684	82	0.512195	-0.155005	0.155369	-0.054464
9766	82	0.524390	-0.202910	0.142101	0.023810
9848	82	0.463415	-0.365085	0.123236	-0.133953
9930	80	0.512500	-0.461600	0.119680	0.105921
10010	81	0.925926	0.030226	0.116564	0.806685
10091	92	0.891304	-0.076596	0.231437	-0.056643
10183	93	0.860215	0.043515	0.242663	-0.054183
10276	94	0.872340	0.256840	0.238809	0.014096
10370	96	0.864583	-0.079417	0.225990	-0.028714
10466	96	0.885417	-0.097883	0.191145	0.024096
10562	96	0.885417	-0.075083	0.151787	0.000000
10658	96	0.843750	0.098850	0.106647	-0.066118
10754	95	0.831579	-0.164221	0.075559	-0.034136
10849	93	0.860215	-0.052985	0.044057	0.034436
10942	93	0.774194	-0.110206	0.038621	-0.118000
11035	91	0.780220	-0.186180	0.053346	0.007784
11126	91	0.912088	0.043788	0.052663	0.169014
11217	93	0.860215	-0.139585	0.075616	-0.075735
11310	92	0.847826	-0.110074	0.086771	-0.034114
11402	91	0.835165	-0.144735	0.085893	-0.034635
11493	91	0.956044	-0.033556	0.082837	0.144737
11584	93	0.881720	-0.107480	0.094338	-0.096186
11677	91	0.879121	0.220321	0.098787	-0.022889
11768	91	0.890110	0.016110	0.089855	0.012500
11859	91	0.923077	0.094777	0.079740	0.037037
11950	91	0.846154	0.168554	0.068953	-0.101667
12041	89	0.741573	-0.176027	0.071252	-0.141124
12130	87	0.862069	0.419769	0.084071	0.162487
12217	89	0.898876	0.049876	0.102923	0.042697
12306	89	0.876405	0.101705	0.102737	-0.044500
12395	88	0.795455	0.196155	0.101113	-0.110519
12483	87	0.735632	-0.152168	0.108755	-0.093701
12570	85	0.776471	0.098471	0.110485	0.055515
12655	85	0.858824	0.063524	0.103859	0.106061
12740	86	0.802326	-0.107774	0.104015	-0.084470
12826	85	0.764706	0.021406	0.101409	-0.065951
12911	84	0.761905	-0.093295	0.096836	-0.023590
12995	83	0.807229	-0.129571	0.088441	0.059488
13078	84	0.809524	-0.098576	0.083280	0.002843
13162	84	0.809524	-0.151776	0.067885	0.000000
13246	84	0.821429	-0.003071	0.051796	0.014706
13330	84	0.845238	-0.049962	0.040379	0.028986
13414	84	0.714286	-0.279514	0.031989	-0.171831
13498	82	0.756098	0.038798	0.051351	0.058537
13580	82	0.743902	-0.165498	0.059271	-0.035806
13662	81	0.679012	0.186512	0.063205	-0.105485
13743	79	0.746835	-0.175665	0.077907	0.099885
13822	80	0.825000	-0.032200	0.089726	0.104661
13902	81	0.814815	-0.127485	0.100004	-0.032099
13983	81	0.432099	0.376299	0.096738	-0.480303
14064	74	0.310811	-0.467789	0.162890	-0.295081
14138	70	0.414286	0.094986	0.207377	0.332919
14208	72	0.263889	0.091089	0.256799	-0.375766
14280	66	0.257576	-0.167224	0.315066	-0.043445
14346	64	0.312500	-0.380200	0.304603	0.213235
14410	65	0.384615	0.345645	0.304665	0.230769
14475	67	0.298507	0.275847	0.301634	-0.239403
14542	65	0.384615	-0.010085	0.290491	0.288462
14607	69	0.246377	0.105577	0.285793	-0.372232
14676	65	0.461538	0.341238	0.305034	0.873303
14741	74	0.378378	0.244978	0.413920	-0.196577
14815	73	0.356164	-0.292536	0.428077	-0.077534
14888	72	0.236111	0.132311	0.409515	-0.350331
14960	69	0.347826	-0.317174	0.420006	0.473146
15029	73	0.410959	0.268259	0.433807	0.181507
15102	76	0.276316	0.208466	0.400692	-0.341079
15178	71	0.309859	0.206659	0.391749	0.121395
15249	73	0.356164	0.207664	0.348159	0.149440
15322	74	0.391892	-0.131408	0.300104	0.100312
15396	76	0.276316	0.150316	0.266177	-0.309020
15472	73	0.328767	0.139567	0.264573	0.189824
15545	75	0.333333	0.005933	0.247027	0.013889
15620	74	0.324324	0.261564	0.204199	-0.046487
15694	73	0.397260	0.217060	0.175018	0.224886
15767	77	0.402597	0.318457	0.173593	0.013435
15844	77	0.376623	-0.347577	0.146596	-0.083226
15921	76	0.250000	0.249512	0.130551	-0.349483
15997	72	0.333333	0.089633	0.164139	0.333333
16069	75	0.560000	-0.092200	0.199156	0.680000
16144	83	0.361446	-0.311054	0.302042	-0.367470
16227	79	0.468354	0.285954	0.367703	0.295781
16306	84	0.488095	0.405885	0.404027	0.042149
16390	86	0.546512	0.204012	0.383627	0.119682
16476	88	0.431818	-0.253782	0.351525	-0.225667
16564	86	0.406977	-0.380823	0.323335	-0.076377
16650	85	0.505882	-0.308018	0.263831	0.243025
16735	87	0.436782	0.234682	0.237126	-0.153863
16822	84	0.488095	-0.071305	0.208150	0.117481
16906	86	0.569767	0.374567	0.187876	0.167328
16992	88	0.556818	-0.279682	0.187063	-0.042273
17080	88	0.534091	0.399591	0.170410	-0.060000
17168	88	0.522727	0.187827	0.150347	-0.040851
17256	88	0.545455	-0.222945	0.126598	0.043478
17344	88	0.465909	0.286009	0.104617	-0.162917
17432	85	0.552941	0.252541	0.103974	0.186801
17517	87	0.551724	-0.183076	0.116969	-0.022157
17604	87	0.517241	-0.340259	0.108563	-0.081250
17691	85	0.376471	-0.159529	0.108906	-0.286714
17776	81	0.567901	0.056401	0.145098	0.508488
17857	87	0.459770	0.142770	0.219410	-0.206597
17944	84	0.476190	0.007390	0.251021	0.035714
18028	84	0.464286	0.091386	0.245689	-0.044500
18112	84	0.559524	0.362124	0.227555	0.205128
18196	86	0.465116	-0.397684	0.222541	-0.185354
18282	84	0.500000	-0.137700	0.215757	0.075000
18366	85	0.517647	0.083847	0.189834	0.035294
18451	86	0.523256	-0.391744	0.155329	0.010835
18537	85	0.576471	-0.117529	0.118037	0.101699
18622	87	0.540230	0.208930	0.106195	-0.081609
18709	86	0.604651	0.164051	0.099633	0.119248
18795	88	0.409091	-0.044709	0.100238	-0.336958
18883	83	0.542169	-0.094131	0.139445	0.325301
18966	87	0.436782	-0.173818	0.186590	-0.210493
19053	84	0.440476	-0.149824	0.219382	0.008459
19137	83	0.469880	0.254680	0.214634	0.066754
19220	84	0.547619	0.099419	0.203290	0.165446
19304	86	0.430233	-0.431367	0.196813	-0.230071
19390	83	0.481928	0.303728	0.198292	0.120156
19473	85	0.541176	0.369376	0.185215	0.122941
19558	87	0.551724	-0.272676	0.171927	0.019490
19645	87	0.505747	-0.029453	0.147079	-0.101667
19732	86	0.546512	-0.310488	0.137175	0.080603
19818	87	0.505747	-0.323053	0.129262	-0.093099
19905	86	0.523256	0.160556	0.119947	0.034619
19991	86	0.546512	0.046512	0.102228	-0.912889
