100	0.89	0.16
160	0.88	0.1814
220	0.89	-0.0452
280	0.92	0.2164
340	0.93	-0.0441
400	0.91	0.0707
460	0.94	-0.0484
520	0.96	0.0089
580	0.88	-0.1093
640	0.85	-0.1044
700	0.83	-0.1062
760	0.89	-0.0775
820	0.86	-0.0644
880	0.91	-0.0204
940	0.89	0.2545
1000	0.87	-0.0633
1060	0.9	0.1794
1120	0.94	-0.027
1180	0.95	-0.0404
1240	0.89	0.0505
1300	0.79	-0.1707
1360	0.82	-0.1528
1420	0.82	-0.1667
1480	0.87	-0.0651
1540	0.87	0.161
1600	0.83	-0.1336
1660	0.83	-0.0973
1720	0.87	-0.1152
1780	0.89	-0.0948
1840	0.89	-0.055
1900	0.85	0.0198
1960	0.84	-0.1327
2020	0.88	-0.0755
2080	0.83	-0.0629
2140	0.84	-0.1304
2200	0.86	-0.1268
2260	0.8	-0.0928
2320	0.85	0.2112
2380	0.9	0.0877
2440	0.83	0.1205
2500	0.79	-0.1509
2560	0.78	-0.0286
2620	0.81	-0.1524
2680	0.85	-0.0699
2740	0.91	0.1645
2800	0.86	0.2108
2860	0.72	-0.1016
2920	0.77	-0.2237
2980	0.85	-0.1152
3040	0.85	-0.0908
3100	0.79	-0.1435
3160	0.81	-0.1123
3220	0.86	0.175
3280	0.83	-0.126
3340	0.89	-0.0944
3400	0.9	-0.0941
3460	0.86	-0.0265
3520	0.85	-0.134
3580	0.91	-0.0721
3640	0.91	-0.0469
3700	0.87	-0.042
3760	0.87	-0.1257
3820	0.83	-0.1111
3880	0.79	0.1702
3940	0.81	-0.1621
4000	0.76	0.0093
4060	0.76	0.0254
4120	0.77	0.4042
4180	0.79	0.5168
4240	0.77	0.3168
4300	0.75	0.1667
4360	0.64	-0.2804
4420	0.74	-0.2217
4480	0.78	-0.2079
4540	0.81	-0.0931
4600	0.77	0.6289
4660	0.72	-0.0916
4720	0.74	0.3281
4780	0.77	-0.1322
4840	0.78	-0.2086
4900	0.74	0.0178
4960	0.69	-0.2418
5020	0.68	-0.2526
5080	0.82	0.5249
5140	0.83	-0.1497
5200	0.77	-0.2148
5260	0.83	-0.0793
5320	0.75	-0.0271
5380	0.73	-0.2666
5440	0.76	0.2236
5500	0.78	-0.0142
5560	0.7	-0.2222
5620	0.73	0.1104
5680	0.79	0.1563
5740	0.76	0.1267
5800	0.77	0.0548
5860	0.78	0.2632
5920	0.72	-0.1199
5980	0.6	-0.3445
6040	0.3	0.0165
6100	0.27	-0.5648
6160	0.44	-0.2111
6220	0.38	-0.2953
6280	0.25	0.23096
6340	0.34	0.27476
6400	0.31	-0.1681
6460	0.33	-0.1301
6520	0.36	0.26034
6580	0.35	0.26576
6640	0.36	-0.4788
6700	0.32	-0.3271
6760	0.38	0.373233
6820	0.38	-0.0705
6880	0.38	0.29776
6940	0.33	0.0295
7000	0.28	-0.0215
7060	0.31	0.0947
7120	0.32	-0.3807
7180	0.3	0.0595
7240	0.31	0.24981
7300	0.33	-0.2819
7360	0.42	0.1383
7420	0.34	-0.3967
7480	0.29	-0.3976
7540	0.39	0.2486
7600	0.42	-0.3455
7660	0.32	-0.4927
7720	0.32	0.317097
7780	0.28	-0.016
7840	0.26	0.0098
7900	0.28	-0.036
7960	0.39	0.0037
