100	0.87	0.08
200	0.878	-0.0813
300	0.912	-0.0857
400	0.916	0.0767
500	0.924	0.1256
600	0.88	-0.0195
700	0.852	-0.0842
800	0.872	0.0556
900	0.88	-0.1069
1000	0.856	-0.0773
1100	0.87	-0.0692
1200	0.878	0.1434
1300	0.84	-0.1207
1400	0.874	-0.0072
1500	0.88	0.105
1600	0.872	-0.0916
1700	0.862	-0.1042
1800	0.856	-0.1108
1900	0.872	0.0418
2000	0.886	-0.1054
2100	0.866	0.1324
2200	0.814	-0.1728
2300	0.814	-0.1571
2400	0.866	-0.1104
2500	0.878	-0.0629
2600	0.816	-0.1007
2700	0.852	0.2661
2800	0.864	0.2148
2900	0.846	0.4192
3000	0.826	0.0658
3100	0.816	-0.1175
3200	0.814	-0.0507
3300	0.822	-0.0977
3400	0.86	-0.1341
3500	0.856	0.1291
3600	0.828	-0.1716
3700	0.814	-0.098
3800	0.84	-0.1225
3900	0.842	0.0318
4000	0.758	0.0073
4100	0.758	-0.1972
4200	0.754	-0.0719
4300	0.736	0.1527
4400	0.758	0.0829
4500	0.788	0.0339
4600	0.782	0.6409
4700	0.698	-0.061
4800	0.686	-0.1892
4900	0.734	0.0118
5000	0.774	-0.0285
5100	0.802	-0.1727
5200	0.78	-0.2048
5300	0.718	-0.2697
5400	0.78	0.1837
5500	0.762	-0.0322
5600	0.752	-0.0497
5700	0.774	-0.1399
5800	0.806	0.0908
5900	0.806	0.1509
6000	0.514	-0.4517
6100	0.294	-0.5408
6200	0.288	-0.2378
6300	0.348	0.33745
6400	0.362	-0.1161
6500	0.356	-0.0796
6600	0.318	0.1376
6700	0.314	-0.3331
6800	0.342	0.25
6900	0.29	0.25702
7000	0.334	0.0325
7100	0.354	0.0894
7200	0.33	0.127
7300	0.348	-0.2639
7400	0.342	-0.2897
7500	0.33	-0.2364
7600	0.27	-0.4955
7700	0.26	-0.4077
7800	0.274	-0.5174
7900	0.336	0.02
8000	0.482	0.2035
