10	-55	-nan	120.000000	-nan	0	-nan	0.982050	36.178429
10	-81	-nan	36.000000	-nan	0	-nan	0.915418	44.821190
10	-82	-nan	30.000000	-nan	1	-nan	0.887920	45.824711
10	-82	92.000000	23.000000	100.000000	0	92.000000	0.898876	46.828651
10	-83	-nan	24.000000	-nan	0	-nan	0.750000	47.832573
10	-84	-nan	24.000000	-nan	0	-nan	0.000000	48.836193
10	-80	-nan	24.000000	-nan	0	-nan	0.861111	49.839806
10	-83	-nan	23.000000	-nan	0	-nan	0.655172	50.843491
10	-85	-nan	20.000000	-nan	0	-nan	0.775510	51.847080
10	-87	-nan	20.000000	-nan	0	-nan	0.750000	52.850475
10	-87	-nan	22.000000	-nan	0	-nan	0.000000	53.854176
10	-87	-nan	20.000000	-nan	0	-nan	0.000000	55.276756
10	-57	-nan	128.000000	-nan	1	-nan	0.982456	18.483696
10	-78	-nan	43.000000	-nan	1	-nan	0.913223	46.587646
10	-79	78.000000	29.000000	50.000000	0	78.000000	0.925255	48.558540
10	-80	-nan	26.000000	-nan	0	-nan	0.875000	49.562420
10	-76	68.000000	22.000000	100.000000	0	68.000000	0.847826	50.566837
10	-81	68.000000	24.000000	100.000000	0	68.000000	0.850467	51.570629
10	-78	-nan	24.000000	-nan	1	-nan	0.741573	52.574711
10	-81	-nan	26.000000	-nan	264	-nan	0.858462	54.855000
10	-83	-nan	21.000000	-nan	0	-nan	0.000000	55.859024
10	-83	-nan	18.000000	-nan	0	-nan	0.000000	56.863178
