11	-52	-nan	136.000000	-nan	0	-nan	0.983297	13.038746
11	-80	-nan	30.000000	-nan	15	-nan	0.500000	48.829247
11	-74	82.000000	40.000000	100.000000	0	82.000000	0.922566	45.583733
11	-78	-nan	43.000000	-nan	1	-nan	0.913223	46.587646
11	-79	78.000000	29.000000	50.000000	6	78.000000	0.925255	48.558540
11	-80	-nan	26.000000	-nan	0	-nan	0.875000	49.562420
11	-76	68.000000	22.000000	100.000000	0	68.000000	0.847826	50.566837
11	-81	68.000000	24.000000	100.000000	0	68.000000	0.850467	51.570629
11	-78	-nan	24.000000	-nan	0	-nan	0.741573	52.574711
11	-81	-nan	26.000000	-nan	0	-nan	0.858462	54.855000
11	-83	-nan	21.000000	-nan	0	-nan	0.000000	55.859024
11	-83	-nan	18.000000	-nan	0	-nan	0.000000	56.863178
