12	-73	-nan	53.000000	-nan	0	-nan	0.937580	42.680672
12	-76	80.000000	39.000000	100.000000	0	80.000000	0.904232	43.684574
12	-75	-nan	39.000000	-nan	0	-nan	0.785714	44.687889
12	-77	-nan	41.000000	-nan	0	-nan	0.838235	45.691570
12	-81	73.000000	30.000000	100.000000	0	73.000000	1.000000	46.694740
12	-80	-nan	30.000000	-nan	0	-nan	0.500000	48.829247
12	-82	58.000000	28.000000	11.000000	0	58.000000	0.750000	49.833038
12	-82	58.000000	28.000000	11.000000	0	58.000000	0.797101	50.836601
12	-80	58.000000	29.000000	11.000000	0	58.000000	1.000000	51.839993
12	-82	74.000000	20.000000	100.000000	0	74.000000	1.000000	52.843513
12	-85	74.000000	20.000000	100.000000	0	74.000000	1.000000	54.682777
12	-73	-nan	71.000000	-nan	20	-nan	0.942090	27.561033
12	-55	-nan	120.000000	-nan	1	-nan	0.982050	36.178429
12	-45	-nan	112.000000	-nan	0	-nan	0.972222	14.239850
12	-57	-nan	128.000000	-nan	1	-nan	0.982456	18.483696
12	-74	-nan	42.000000	-nan	695	-nan	0.942466	26.492203
12	-71	-nan	58.000000	-nan	1	-nan	0.950602	28.499609
12	-66	-nan	57.000000	-nan	1	-nan	0.949546	30.734259
12	-67	-nan	59.000000	-nan	0	-nan	0.968220	32.741421
12	-66	-nan	75.000000	-nan	1	-nan	0.970832	33.744892
12	-58	-nan	70.000000	-nan	1	-nan	0.972190	34.748669
12	-61	-nan	69.000000	-nan	0	-nan	0.977778	35.752193
12	-54	-nan	113.000000	-nan	1	-nan	0.983225	36.757042
12	-56	-nan	147.000000	-nan	0	-nan	0.984143	37.761589
12	-61	-nan	169.000000	-nan	1	-nan	0.974581	38.765202
12	-65	-nan	85.000000	-nan	0	-nan	0.963822	39.768990
12	-62	-nan	75.000000	-nan	1	-nan	0.964701	40.772888
12	-68	-nan	75.000000	-nan	1	-nan	0.955115	42.572544
12	-68	-nan	63.000000	-nan	0	-nan	0.949001	43.576702
12	-70	-nan	63.000000	-nan	1	-nan	0.948783	44.580059
12	-74	82.000000	40.000000	100.000000	0	82.000000	0.922566	45.583733
12	-78	-nan	43.000000	-nan	1	-nan	0.913223	46.587646
12	-79	78.000000	29.000000	50.000000	1	78.000000	0.925255	48.558540
12	-80	-nan	26.000000	-nan	0	-nan	0.875000	49.562420
12	-76	68.000000	22.000000	100.000000	0	68.000000	0.847826	50.566837
12	-81	68.000000	24.000000	100.000000	0	68.000000	0.850467	51.570629
12	-78	-nan	24.000000	-nan	0	-nan	0.741573	52.574711
12	-81	-nan	26.000000	-nan	0	-nan	0.858462	54.855000
12	-83	-nan	21.000000	-nan	0	-nan	0.000000	55.859024
12	-83	-nan	18.000000	-nan	0	-nan	0.000000	56.863178
