13	-55	-nan	120.000000	-nan	0	-nan	0.982050	36.178429
13	-38	-nan	164.000000	-nan	1	-nan	0.982781	6.022414
13	-37	-nan	143.000000	-nan	0	-nan	0.984593	7.025271
13	-39	-nan	128.000000	-nan	1	-nan	0.984810	8.028271
13	-38	-nan	141.000000	-nan	0	-nan	0.987439	9.031567
13	-40	-nan	157.000000	-nan	1	-nan	0.975186	10.035206
13	-51	-nan	153.000000	-nan	0	-nan	0.967864	12.233220
13	-47	-nan	153.000000	-nan	0	-nan	0.960159	13.236502
13	-45	-nan	112.000000	-nan	1	-nan	0.972222	14.239850
13	-47	-nan	128.000000	-nan	0	-nan	0.973815	15.243625
13	-57	-nan	111.000000	-nan	1	-nan	0.962412	16.246801
13	-57	-nan	128.000000	-nan	1	-nan	0.982456	18.483696
13	-63	-nan	108.000000	-nan	0	-nan	0.970093	19.486757
13	-59	-nan	114.000000	-nan	1	-nan	0.973965	20.489935
13	-63	-nan	115.000000	-nan	0	-nan	0.977503	21.493420
13	-68	-nan	93.000000	-nan	1	-nan	0.961900	22.497309
13	-76	-nan	70.000000	-nan	0	-nan	0.937611	24.485989
13	-76	85.000000	47.000000	100.000000	0	85.000000	1.000000	25.488834
13	-74	-nan	42.000000	-nan	0	-nan	0.942466	26.492203
13	-71	-nan	64.000000	-nan	0	-nan	0.931799	27.496038
13	-71	-nan	58.000000	-nan	1	-nan	0.950602	28.499609
13	-66	-nan	57.000000	-nan	2	-nan	0.949546	30.734259
13	-66	-nan	71.000000	-nan	1	-nan	0.949958	31.737795
13	-67	-nan	59.000000	-nan	1	-nan	0.968220	32.741421
13	-66	-nan	75.000000	-nan	0	-nan	0.970832	33.744892
13	-58	-nan	70.000000	-nan	1	-nan	0.972190	34.748669
13	-61	-nan	69.000000	-nan	1	-nan	0.977778	35.752193
13	-54	-nan	113.000000	-nan	0	-nan	0.983225	36.757042
13	-56	-nan	147.000000	-nan	1	-nan	0.984143	37.761589
13	-61	-nan	169.000000	-nan	1	-nan	0.974581	38.765202
13	-65	-nan	85.000000	-nan	0	-nan	0.963822	39.768990
13	-62	-nan	75.000000	-nan	0	-nan	0.964701	40.772888
13	-68	-nan	75.000000	-nan	2	-nan	0.955115	42.572544
13	-68	-nan	63.000000	-nan	0	-nan	0.949001	43.576702
13	-70	-nan	63.000000	-nan	1	-nan	0.948783	44.580059
13	-74	82.000000	40.000000	100.000000	1	82.000000	0.922566	45.583733
13	-78	-nan	43.000000	-nan	0	-nan	0.913223	46.587646
13	-79	78.000000	29.000000	50.000000	1	78.000000	0.925255	48.558540
13	-80	-nan	26.000000	-nan	0	-nan	0.875000	49.562420
13	-76	68.000000	22.000000	100.000000	0	68.000000	0.847826	50.566837
13	-81	68.000000	24.000000	100.000000	0	68.000000	0.850467	51.570629
13	-78	-nan	24.000000	-nan	0	-nan	0.741573	52.574711
13	-81	-nan	26.000000	-nan	0	-nan	0.858462	54.855000
13	-83	-nan	21.000000	-nan	0	-nan	0.000000	55.859024
13	-83	-nan	18.000000	-nan	0	-nan	0.000000	56.863178
