14	-55	-nan	120.000000	-nan	1	-nan	0.982050	36.178429
14	-65	-nan	85.000000	-nan	1	-nan	0.963822	39.768990
14	-62	-nan	75.000000	-nan	0	-nan	0.964701	40.772888
14	-68	-nan	75.000000	-nan	2	-nan	0.955115	42.572544
14	-68	-nan	63.000000	-nan	1	-nan	0.949001	43.576702
14	-70	-nan	63.000000	-nan	0	-nan	0.948783	44.580059
14	-74	82.000000	40.000000	100.000000	0	82.000000	0.922566	45.583733
14	-78	-nan	43.000000	-nan	1	-nan	0.913223	46.587646
14	-79	78.000000	29.000000	50.000000	0	78.000000	0.925255	48.558540
14	-80	-nan	26.000000	-nan	0	-nan	0.875000	49.562420
14	-76	68.000000	22.000000	100.000000	0	68.000000	0.847826	50.566837
14	-81	68.000000	24.000000	100.000000	0	68.000000	0.850467	51.570629
14	-78	-nan	24.000000	-nan	0	-nan	0.741573	52.574711
14	-81	-nan	26.000000	-nan	1	-nan	0.858462	54.855000
14	-83	-nan	21.000000	-nan	0	-nan	0.000000	55.859024
14	-83	-nan	18.000000	-nan	0	-nan	0.000000	56.863178
