17	-75	-nan	52.000000	-nan	0	-nan	0.951852	27.081425
17	-75	82.000000	51.000000	100.000000	0	82.000000	0.927914	28.084768
17	-71	-nan	51.000000	-nan	0	-nan	0.935484	29.087765
17	-69	-nan	50.000000	-nan	0	-nan	0.941113	30.091396
17	-69	-nan	43.000000	-nan	1	-nan	0.933676	31.094666
17	-67	-nan	52.000000	-nan	0	-nan	0.951792	32.098141
17	-66	-nan	58.000000	-nan	1	-nan	0.950875	33.101627
17	-58	-nan	87.000000	-nan	1	-nan	0.963805	34.105747
17	-57	-nan	121.000000	-nan	0	-nan	0.982543	35.110836
17	-55	-nan	116.000000	-nan	1	-nan	0.983546	36.114731
17	-57	-nan	129.000000	-nan	0	-nan	0.983103	37.119213
17	-59	-nan	106.000000	-nan	1	-nan	0.973848	38.122639
17	-56	-nan	104.000000	-nan	0	-nan	0.965806	39.125786
17	-72	-nan	87.000000	-nan	1	-nan	0.958310	40.129253
17	-73	-nan	66.000000	-nan	0	-nan	0.955276	41.677254
17	-73	-nan	53.000000	-nan	1	-nan	0.937580	42.680672
17	-76	80.000000	39.000000	100.000000	0	80.000000	0.904232	43.684574
17	-75	-nan	39.000000	-nan	0	-nan	0.785714	44.687889
17	-77	-nan	41.000000	-nan	0	-nan	0.838235	45.691570
17	-81	73.000000	30.000000	100.000000	0	73.000000	1.000000	46.694740
17	-80	-nan	30.000000	-nan	0	-nan	0.500000	48.829247
17	-82	58.000000	28.000000	11.000000	0	58.000000	0.750000	49.833038
17	-82	58.000000	28.000000	11.000000	0	58.000000	0.797101	50.836601
17	-80	58.000000	29.000000	11.000000	0	58.000000	1.000000	51.839993
17	-82	74.000000	20.000000	100.000000	0	74.000000	1.000000	52.843513
17	-85	74.000000	20.000000	100.000000	0	74.000000	1.000000	54.682777
17	-55	-nan	120.000000	-nan	0	-nan	0.982050	36.178429
17	-75	-nan	50.000000	-nan	0	-nan	0.923562	40.511299
17	-80	-nan	26.000000	-nan	0	-nan	0.875000	49.562420
17	-76	68.000000	22.000000	100.000000	0	68.000000	0.847826	50.566837
17	-81	68.000000	24.000000	100.000000	0	68.000000	0.850467	51.570629
17	-78	68.000000	25.000000	83.000000	0	68.000000	0.741573	52.574711
17	-81	-nan	26.000000	-nan	292	-nan	0.858462	54.855000
17	-83	-nan	21.000000	-nan	0	-nan	0.000000	55.859024
17	-83	-nan	18.000000	-nan	0	-nan	0.000000	56.863178
