18	-78	-nan	68.000000	-nan	0	-nan	0.909091	24.072865
18	-72	-nan	58.000000	-nan	0	-nan	0.978378	25.075808
18	-75	-nan	59.000000	-nan	0	-nan	0.777778	26.078808
18	-75	-nan	52.000000	-nan	1	-nan	0.951852	27.081425
18	-75	82.000000	51.000000	100.000000	0	82.000000	0.927914	28.084768
18	-71	-nan	51.000000	-nan	0	-nan	0.935484	29.087765
18	-69	-nan	50.000000	-nan	0	-nan	0.941113	30.091396
18	-69	-nan	43.000000	-nan	1	-nan	0.933676	31.094666
18	-67	-nan	52.000000	-nan	0	-nan	0.951792	32.098141
18	-66	-nan	58.000000	-nan	1	-nan	0.950875	33.101627
18	-58	-nan	87.000000	-nan	0	-nan	0.963805	34.105747
18	-57	-nan	121.000000	-nan	1	-nan	0.982543	35.110836
18	-55	-nan	116.000000	-nan	1	-nan	0.983546	36.114731
18	-57	-nan	129.000000	-nan	0	-nan	0.983103	37.119213
18	-59	-nan	106.000000	-nan	0	-nan	0.973848	38.122639
18	-56	-nan	104.000000	-nan	1	-nan	0.965806	39.125786
18	-72	-nan	87.000000	-nan	0	-nan	0.958310	40.129253
18	-73	-nan	66.000000	-nan	1	-nan	0.955276	41.677254
18	-73	-nan	53.000000	-nan	1	-nan	0.937580	42.680672
18	-76	80.000000	39.000000	100.000000	0	80.000000	0.904232	43.684574
18	-75	-nan	39.000000	-nan	0	-nan	0.785714	44.687889
18	-77	-nan	41.000000	-nan	0	-nan	0.838235	45.691570
18	-81	73.000000	30.000000	100.000000	0	73.000000	1.000000	46.694740
18	-80	-nan	30.000000	-nan	0	-nan	0.500000	48.829247
18	-82	58.000000	28.000000	11.000000	0	58.000000	0.750000	49.833038
18	-82	58.000000	28.000000	11.000000	0	58.000000	0.797101	50.836601
18	-80	58.000000	29.000000	11.000000	0	58.000000	1.000000	51.839993
18	-82	74.000000	20.000000	100.000000	0	74.000000	1.000000	52.843513
18	-85	74.000000	20.000000	100.000000	0	74.000000	1.000000	54.682777
18	-61	-nan	76.000000	-nan	0	-nan	0.976090	33.165432
18	-60	-nan	121.000000	-nan	1	-nan	0.978959	34.170258
18	-53	-nan	111.000000	-nan	1	-nan	0.984266	35.174305
18	-55	-nan	120.000000	-nan	0	-nan	0.982050	36.178429
18	-65	-nan	117.000000	-nan	1	-nan	0.972567	37.500683
18	-69	-nan	87.000000	-nan	1	-nan	0.964411	38.503918
18	-76	-nan	51.000000	-nan	416	-nan	0.932635	41.516083
18	-80	-nan	49.000000	-nan	1	-nan	0.924706	43.817463
18	-81	-nan	36.000000	-nan	0	-nan	0.915418	44.821190
18	-82	-nan	30.000000	-nan	1	-nan	0.887920	45.824711
18	-82	92.000000	23.000000	100.000000	0	92.000000	0.898876	46.828651
18	-83	-nan	24.000000	-nan	0	-nan	0.750000	47.832573
18	-84	-nan	24.000000	-nan	0	-nan	0.000000	48.836193
18	-80	-nan	24.000000	-nan	0	-nan	0.861111	49.839806
18	-83	-nan	23.000000	-nan	0	-nan	0.655172	50.843491
18	-85	-nan	20.000000	-nan	0	-nan	0.775510	51.847080
18	-87	-nan	20.000000	-nan	0	-nan	0.750000	52.850475
18	-87	-nan	22.000000	-nan	0	-nan	0.000000	53.854176
18	-87	-nan	20.000000	-nan	0	-nan	0.000000	55.276756
18	-76	85.000000	47.000000	100.000000	0	85.000000	1.000000	25.488834
18	-74	-nan	42.000000	-nan	0	-nan	0.942466	26.492203
18	-71	-nan	58.000000	-nan	426	-nan	0.950602	28.499609
18	-68	-nan	63.000000	-nan	0	-nan	0.949001	43.576702
18	-70	-nan	63.000000	-nan	0	-nan	0.948783	44.580059
18	-74	82.000000	40.000000	100.000000	0	82.000000	0.922566	45.583733
