19	-56	-nan	104.000000	-nan	1	-nan	0.965806	39.125786
19	-72	-nan	87.000000	-nan	1	-nan	0.958310	40.129253
19	-73	-nan	66.000000	-nan	0	-nan	0.955276	41.677254
19	-73	-nan	53.000000	-nan	0	-nan	0.937580	42.680672
19	-76	80.000000	39.000000	100.000000	0	80.000000	0.904232	43.684574
19	-75	-nan	39.000000	-nan	0	-nan	0.785714	44.687889
19	-77	-nan	41.000000	-nan	0	-nan	0.838235	45.691570
19	-81	73.000000	30.000000	100.000000	0	73.000000	1.000000	46.694740
19	-80	-nan	30.000000	-nan	0	-nan	0.500000	48.829247
19	-82	58.000000	28.000000	11.000000	0	58.000000	0.750000	49.833038
19	-82	58.000000	28.000000	11.000000	0	58.000000	0.797101	50.836601
19	-80	58.000000	29.000000	11.000000	0	58.000000	1.000000	51.839993
19	-82	74.000000	20.000000	100.000000	0	74.000000	1.000000	52.843513
19	-85	74.000000	20.000000	100.000000	0	74.000000	1.000000	54.682777
19	-56	-nan	98.000000	-nan	1	-nan	0.975271	16.047394
19	-58	-nan	116.000000	-nan	1	-nan	0.975179	17.050659
19	-59	-nan	111.000000	-nan	1	-nan	0.982646	18.053726
19	-52	-nan	125.000000	-nan	0	-nan	0.981700	19.057228
19	-61	-nan	107.000000	-nan	1	-nan	0.981281	20.061396
19	-65	-nan	116.000000	-nan	0	-nan	0.981714	21.065498
19	-67	-nan	111.000000	-nan	0	-nan	0.972573	22.069338
19	-78	-nan	93.000000	-nan	0	-nan	1.000000	23.072260
19	-74	-nan	93.000000	-nan	0	-nan	1.000000	24.075274
19	-75	-nan	61.000000	-nan	0	-nan	0.887931	25.554623
19	-72	93.000000	68.000000	100.000000	0	93.000000	0.845238	26.557816
19	-73	-nan	71.000000	-nan	0	-nan	0.942090	27.561033
19	-70	-nan	72.000000	-nan	1	-nan	0.952352	28.564550
19	-71	-nan	63.000000	-nan	0	-nan	0.956989	29.568146
19	-66	-nan	66.000000	-nan	1	-nan	0.967238	31.158144
19	-65	-nan	86.000000	-nan	0	-nan	0.966441	32.162128
19	-61	-nan	76.000000	-nan	1	-nan	0.976090	33.165432
19	-60	-nan	121.000000	-nan	1	-nan	0.978959	34.170258
19	-53	-nan	111.000000	-nan	0	-nan	0.984266	35.174305
19	-55	-nan	120.000000	-nan	1	-nan	0.982050	36.178429
19	-65	-nan	117.000000	-nan	1	-nan	0.972567	37.500683
19	-69	-nan	87.000000	-nan	0	-nan	0.964411	38.503918
19	-69	-nan	74.000000	-nan	1	-nan	0.952231	39.508160
19	-75	-nan	50.000000	-nan	0	-nan	0.923562	40.511299
19	-76	-nan	51.000000	-nan	0	-nan	0.932635	41.516083
19	-80	-nan	49.000000	-nan	106	-nan	0.924706	43.817463
19	-81	-nan	36.000000	-nan	1	-nan	0.915418	44.821190
19	-82	-nan	30.000000	-nan	0	-nan	0.887920	45.824711
19	-82	92.000000	23.000000	100.000000	0	92.000000	0.898876	46.828651
19	-83	-nan	24.000000	-nan	0	-nan	0.750000	47.832573
19	-84	-nan	24.000000	-nan	0	-nan	0.000000	48.836193
19	-80	-nan	24.000000	-nan	0	-nan	0.861111	49.839806
19	-83	-nan	23.000000	-nan	0	-nan	0.655172	50.843491
19	-85	-nan	20.000000	-nan	0	-nan	0.775510	51.847080
19	-87	-nan	20.000000	-nan	0	-nan	0.750000	52.850475
19	-87	-nan	22.000000	-nan	0	-nan	0.000000	53.854176
19	-87	-nan	20.000000	-nan	0	-nan	0.000000	55.276756
19	-68	-nan	93.000000	-nan	1	-nan	0.961900	22.497309
19	-76	86.000000	54.000000	100.000000	0	86.000000	0.937611	24.485989
19	-76	85.000000	47.000000	100.000000	50	85.000000	1.000000	25.488834
19	-74	-nan	42.000000	-nan	95	-nan	0.942466	26.492203
19	-71	94.000000	52.000000	100.000000	0	94.000000	0.931799	27.496038
19	-71	-nan	58.000000	-nan	1	-nan	0.950602	28.499609
19	-66	-nan	57.000000	-nan	1	-nan	0.949546	30.734259
19	-66	-nan	71.000000	-nan	0	-nan	0.949958	31.737795
19	-67	-nan	59.000000	-nan	0	-nan	0.968220	32.741421
19	-66	-nan	75.000000	-nan	1	-nan	0.970832	33.744892
19	-58	-nan	70.000000	-nan	0	-nan	0.972190	34.748669
19	-61	-nan	69.000000	-nan	1	-nan	0.977778	35.752193
19	-54	-nan	113.000000	-nan	1	-nan	0.983225	36.757042
19	-56	-nan	147.000000	-nan	1	-nan	0.984143	37.761589
19	-61	-nan	169.000000	-nan	0	-nan	0.974581	38.765202
19	-65	-nan	85.000000	-nan	0	-nan	0.963822	39.768990
19	-62	-nan	75.000000	-nan	73	-nan	0.964701	40.772888
19	-68	-nan	75.000000	-nan	0	-nan	0.955115	42.572544
19	-81	-nan	26.000000	-nan	0	-nan	0.858462	54.855000
19	-83	-nan	21.000000	-nan	0	-nan	0.000000	55.859024
19	-83	-nan	18.000000	-nan	0	-nan	0.000000	56.863178
