21	-32	-nan	144.000000	-nan	0	-nan	0.972717	7.021461
21	-51	-nan	112.000000	-nan	1	-nan	0.966545	11.032130
21	-51	-nan	155.000000	-nan	0	-nan	0.982768	12.035130
21	-52	-nan	136.000000	-nan	1	-nan	0.983297	13.038746
21	-53	-nan	149.000000	-nan	0	-nan	0.988676	14.042181
21	-56	-nan	144.000000	-nan	1	-nan	0.983333	15.044976
21	-56	-nan	129.000000	-nan	1	-nan	0.986643	16.047979
21	-53	-nan	132.000000	-nan	0	-nan	0.981969	17.051180
21	-50	-nan	111.000000	-nan	1	-nan	0.983589	18.054323
21	-57	-nan	125.000000	-nan	1	-nan	0.980523	19.057745
21	-60	-nan	124.000000	-nan	0	-nan	0.978619	20.061329
21	-64	-nan	112.000000	-nan	1	-nan	0.978629	21.064423
21	-65	-nan	99.000000	-nan	1	-nan	0.965517	22.067720
21	-76	-nan	81.000000	-nan	0	-nan	0.938202	23.070251
21	-78	-nan	68.000000	-nan	0	-nan	0.909091	24.072865
21	-72	-nan	58.000000	-nan	0	-nan	0.978378	25.075808
21	-75	-nan	59.000000	-nan	0	-nan	0.777778	26.078808
21	-75	-nan	52.000000	-nan	0	-nan	0.951852	27.081425
21	-75	82.000000	51.000000	100.000000	0	82.000000	0.927914	28.084768
21	-71	-nan	51.000000	-nan	0	-nan	0.935484	29.087765
21	-69	-nan	50.000000	-nan	1	-nan	0.941113	30.091396
21	-69	-nan	43.000000	-nan	0	-nan	0.933676	31.094666
21	-67	-nan	52.000000	-nan	2	-nan	0.951792	32.098141
21	-66	-nan	58.000000	-nan	1	-nan	0.950875	33.101627
21	-58	-nan	87.000000	-nan	0	-nan	0.963805	34.105747
21	-57	-nan	121.000000	-nan	1	-nan	0.982543	35.110836
21	-55	-nan	116.000000	-nan	0	-nan	0.983546	36.114731
21	-57	-nan	129.000000	-nan	0	-nan	0.983103	37.119213
21	-59	-nan	106.000000	-nan	1	-nan	0.973848	38.122639
21	-56	-nan	104.000000	-nan	1	-nan	0.965806	39.125786
21	-72	-nan	87.000000	-nan	1	-nan	0.958310	40.129253
21	-73	-nan	66.000000	-nan	1	-nan	0.955276	41.677254
21	-73	-nan	53.000000	-nan	0	-nan	0.937580	42.680672
21	-76	80.000000	39.000000	100.000000	0	80.000000	0.904232	43.684574
21	-75	-nan	39.000000	-nan	0	-nan	0.785714	44.687889
21	-77	-nan	41.000000	-nan	0	-nan	0.838235	45.691570
21	-81	73.000000	30.000000	100.000000	0	73.000000	1.000000	46.694740
21	-80	-nan	30.000000	-nan	0	-nan	0.500000	48.829247
21	-82	58.000000	28.000000	11.000000	0	58.000000	0.750000	49.833038
21	-82	58.000000	28.000000	11.000000	0	58.000000	0.797101	50.836601
21	-80	58.000000	29.000000	11.000000	0	58.000000	1.000000	51.839993
21	-82	74.000000	20.000000	100.000000	0	74.000000	1.000000	52.843513
21	-85	74.000000	20.000000	100.000000	0	74.000000	1.000000	54.682777
21	-58	-nan	116.000000	-nan	1	-nan	0.975179	17.050659
21	-59	-nan	111.000000	-nan	0	-nan	0.982646	18.053726
21	-52	-nan	125.000000	-nan	1	-nan	0.981700	19.057228
21	-61	-nan	107.000000	-nan	1	-nan	0.981281	20.061396
21	-65	-nan	116.000000	-nan	0	-nan	0.981714	21.065498
21	-67	-nan	111.000000	-nan	1	-nan	0.972573	22.069338
21	-78	-nan	93.000000	-nan	0	-nan	1.000000	23.072260
21	-74	-nan	93.000000	-nan	0	-nan	1.000000	24.075274
21	-75	-nan	61.000000	-nan	0	-nan	0.887931	25.554623
21	-72	93.000000	68.000000	100.000000	0	93.000000	0.845238	26.557816
21	-73	-nan	71.000000	-nan	0	-nan	0.942090	27.561033
21	-70	-nan	72.000000	-nan	1	-nan	0.952352	28.564550
21	-71	-nan	63.000000	-nan	1	-nan	0.956989	29.568146
21	-66	-nan	66.000000	-nan	1	-nan	0.967238	31.158144
21	-65	-nan	86.000000	-nan	2	-nan	0.966441	32.162128
21	-61	-nan	76.000000	-nan	1	-nan	0.976090	33.165432
21	-60	-nan	121.000000	-nan	0	-nan	0.978959	34.170258
21	-53	-nan	111.000000	-nan	0	-nan	0.984266	35.174305
21	-55	-nan	120.000000	-nan	1	-nan	0.982050	36.178429
21	-65	-nan	117.000000	-nan	1	-nan	0.972567	37.500683
21	-69	-nan	87.000000	-nan	0	-nan	0.964411	38.503918
21	-69	-nan	74.000000	-nan	0	-nan	0.952231	39.508160
21	-75	-nan	50.000000	-nan	1	-nan	0.923562	40.511299
21	-76	-nan	51.000000	-nan	1	-nan	0.932635	41.516083
21	-80	-nan	49.000000	-nan	1	-nan	0.924706	43.817463
21	-81	-nan	36.000000	-nan	1	-nan	0.915418	44.821190
21	-82	-nan	30.000000	-nan	0	-nan	0.887920	45.824711
21	-82	92.000000	23.000000	100.000000	0	92.000000	0.898876	46.828651
21	-83	-nan	24.000000	-nan	0	-nan	0.750000	47.832573
21	-84	-nan	24.000000	-nan	0	-nan	0.000000	48.836193
21	-80	-nan	24.000000	-nan	0	-nan	0.861111	49.839806
21	-83	-nan	23.000000	-nan	0	-nan	0.655172	50.843491
21	-85	-nan	20.000000	-nan	0	-nan	0.775510	51.847080
21	-87	-nan	20.000000	-nan	0	-nan	0.750000	52.850475
21	-87	-nan	22.000000	-nan	0	-nan	0.000000	53.854176
21	-87	-nan	20.000000	-nan	0	-nan	0.000000	55.276756
21	-31	-nan	176.000000	-nan	0	-nan	0.989417	1.002525
21	-31	-nan	208.000000	-nan	1	-nan	0.988088	2.007769
21	-33	-nan	189.000000	-nan	1	-nan	0.990116	3.011845
21	-30	-nan	191.000000	-nan	1	-nan	0.987097	4.016499
21	-36	-nan	205.000000	-nan	1	-nan	0.983240	5.019560
21	-38	-nan	164.000000	-nan	1	-nan	0.982781	6.022414
21	-37	-nan	143.000000	-nan	0	-nan	0.984593	7.025271
21	-39	-nan	128.000000	-nan	1	-nan	0.984810	8.028271
21	-38	-nan	141.000000	-nan	0	-nan	0.987439	9.031567
21	-40	-nan	157.000000	-nan	1	-nan	0.975186	10.035206
21	-51	-nan	153.000000	-nan	0	-nan	0.967864	12.233220
21	-47	-nan	153.000000	-nan	0	-nan	0.960159	13.236502
21	-45	-nan	112.000000	-nan	1	-nan	0.972222	14.239850
21	-47	-nan	128.000000	-nan	0	-nan	0.973815	15.243625
21	-57	-nan	111.000000	-nan	1	-nan	0.962412	16.246801
21	-56	-nan	147.000000	-nan	0	-nan	0.984143	37.761589
21	-61	-nan	169.000000	-nan	1	-nan	0.974581	38.765202
21	-65	-nan	85.000000	-nan	1	-nan	0.963822	39.768990
21	-62	-nan	75.000000	-nan	0	-nan	0.964701	40.772888
21	-68	-nan	75.000000	-nan	2	-nan	0.955115	42.572544
21	-68	-nan	63.000000	-nan	0	-nan	0.949001	43.576702
21	-70	-nan	63.000000	-nan	1	-nan	0.948783	44.580059
21	-74	82.000000	40.000000	100.000000	1	82.000000	0.922566	45.583733
21	-78	-nan	43.000000	-nan	0	-nan	0.913223	46.587646
21	-79	78.000000	29.000000	50.000000	1	78.000000	0.925255	48.558540
21	-80	-nan	26.000000	-nan	0	-nan	0.875000	49.562420
21	-76	68.000000	22.000000	100.000000	0	68.000000	0.847826	50.566837
21	-81	68.000000	24.000000	100.000000	0	68.000000	0.850467	51.570629
21	-78	68.000000	25.000000	83.000000	0	68.000000	0.741573	52.574711
21	-81	-nan	26.000000	-nan	0	-nan	0.858462	54.855000
21	-83	-nan	21.000000	-nan	0	-nan	0.000000	55.859024
21	-83	-nan	18.000000	-nan	0	-nan	0.000000	56.863178
