59	-67	60.000000	58.000000	58.000000	3569	60.000000	0.951792	32.098141
59	-66	75.000000	72.000000	100.000000	2551	75.000000	0.950875	33.101627
59	-58	89.000000	88.000000	100.000000	27	89.000000	0.963805	34.105747
59	-57	98.000000	100.000000	100.000000	102	98.000000	0.982543	35.110836
59	-55	99.000000	101.000000	100.000000	96	99.000000	0.983546	36.114731
59	-57	99.000000	101.000000	100.000000	150	99.000000	0.983103	37.119213
59	-59	79.000000	80.000000	53.000000	878	79.000000	0.973848	38.122639
59	-65	99.000000	101.000000	100.000000	64	99.000000	0.981714	21.065498
59	-73	73.000000	72.000000	78.000000	409	73.000000	0.942090	27.561033
59	-67	74.000000	75.000000	72.000000	2256	74.000000	0.968220	32.741421
