84	-24	85.000000	129.000000	73.000000	243	85.000000	0.966754	6.018654
84	-32	79.000000	115.000000	59.000000	394	79.000000	0.971466	8.024248
84	-35	87.000000	117.000000	69.000000	468	87.000000	0.973472	9.026788
84	-37	87.000000	107.000000	100.000000	399	87.000000	0.971264	10.029261
84	-51	79.000000	126.000000	64.000000	363	79.000000	0.982768	12.035130
84	-52	89.000000	149.000000	98.000000	2434	89.000000	0.983297	13.038746
84	-53	86.000000	144.000000	96.000000	4771	86.000000	0.988676	14.042181
84	-56	77.000000	129.000000	61.000000	3443	77.000000	0.983333	15.044976
84	-56	76.000000	129.000000	55.000000	4376	76.000000	0.986643	16.047979
84	-50	75.000000	125.000000	63.000000	3984	75.000000	0.983589	18.054323
84	-57	76.000000	124.000000	87.000000	3556	76.000000	0.980523	19.057745
84	-60	67.000000	112.000000	56.000000	3766	67.000000	0.978619	20.061329
84	-66	57.000000	87.000000	57.000000	7911	57.000000	0.950875	33.101627
84	-58	76.000000	121.000000	78.000000	5270	76.000000	0.963805	34.105747
84	-57	69.000000	116.000000	49.000000	5313	69.000000	0.982543	35.110836
84	-55	77.000000	129.000000	63.000000	5193	77.000000	0.983546	36.114731
84	-59	76.000000	125.000000	70.000000	4023	76.000000	0.982646	18.053726
84	-61	70.000000	116.000000	86.000000	4559	70.000000	0.981281	20.061396
84	-65	66.000000	111.000000	43.000000	4299	66.000000	0.981714	21.065498
84	-60	67.000000	111.000000	50.000000	740	67.000000	0.978959	34.170258
84	-53	72.000000	120.000000	78.000000	4953	72.000000	0.984266	35.174305
84	-55	70.000000	117.000000	49.000000	5036	70.000000	0.982050	36.178429
84	-65	53.000000	87.000000	62.000000	4325	53.000000	0.972567	37.500683
84	-39	84.000000	141.000000	73.000000	2566	84.000000	0.984810	8.028271
84	-38	76.000000	127.000000	55.000000	1206	76.000000	0.987439	9.031567
84	-47	81.000000	112.000000	83.000000	954	81.000000	0.960159	13.236502
84	-45	80.000000	112.000000	100.000000	281	80.000000	0.972222	14.239850
84	-57	88.000000	128.000000	100.000000	2492	88.000000	0.962412	16.246801
84	-63	75.000000	114.000000	52.000000	1419	75.000000	0.970093	19.486757
84	-74	41.000000	64.000000	34.000000	6827	41.000000	0.942466	26.492203
84	-61	70.000000	113.000000	100.000000	2	70.000000	0.977778	35.752193
84	-54	87.000000	138.000000	98.000000	3480	87.000000	0.983225	36.757042
