85	-37	80.000000	112.000000	72.000000	1704	80.000000	0.971264	10.029261
85	-53	55.000000	111.000000	100.000000	593	55.000000	0.981969	17.051180
85	-57	53.000000	106.000000	33.000000	1085	53.000000	0.983103	37.119213
85	-31	91.000000	182.000000	99.000000	2982	91.000000	0.989417	1.002525
85	-33	85.000000	175.000000	63.000000	231	85.000000	0.990116	3.011845
85	-30	87.000000	175.000000	75.000000	394	87.000000	0.987097	4.016499
85	-36	82.000000	164.000000	60.000000	528	82.000000	0.983240	5.019560
85	-38	71.000000	143.000000	66.000000	1940	71.000000	0.982781	6.022414
85	-37	64.000000	128.000000	64.000000	3308	64.000000	0.984593	7.025271
85	-38	78.000000	157.000000	77.000000	4395	78.000000	0.987439	9.031567
85	-54	78.000000	147.000000	89.000000	2895	78.000000	0.983225	36.757042
85	-56	86.000000	169.000000	82.000000	6097	86.000000	0.984143	37.761589
