86	-27	77.000000	187.000000	66.000000	4754	77.000000	0.987158	2.005993
86	-29	88.000000	216.000000	98.000000	1100	88.000000	0.990624	3.008948
86	-27	70.000000	157.000000	68.000000	2534	70.000000	0.982130	5.014201
86	-35	71.000000	149.000000	56.000000	7048	71.000000	0.970952	7.019801
86	-35	55.000000	128.000000	49.000000	1547	55.000000	0.983571	8.598366
86	-31	53.000000	109.000000	39.000000	1808	53.000000	0.973946	9.601002
86	-40	80.000000	140.000000	82.000000	392	80.000000	0.970551	10.603623
86	-47	61.000000	120.000000	72.000000	444	61.000000	0.965792	12.608832
86	-31	79.000000	189.000000	78.000000	4087	79.000000	0.988088	2.007769
86	-33	78.000000	191.000000	80.000000	5798	78.000000	0.990116	3.011845
86	-30	86.000000	205.000000	97.000000	1602	86.000000	0.987097	4.016499
86	-40	70.000000	153.000000	100.000000	1082	70.000000	0.975186	10.035206
