95	-18	86.000000	209.000000	97.000000	1	86.000000	0.988734	4.013608
95	-35	87.000000	117.000000	69.000000	1	87.000000	0.973472	9.026788
95	-51	76.000000	155.000000	100.000000	3	76.000000	0.966545	11.032130
95	-52	89.000000	149.000000	98.000000	1	89.000000	0.983297	13.038746
95	-56	77.000000	132.000000	100.000000	0	77.000000	0.986643	16.047979
95	-50	75.000000	125.000000	63.000000	2	75.000000	0.983589	18.054323
95	-72	70.000000	59.000000	100.000000	0	70.000000	0.978378	25.075808
95	-75	81.000000	61.000000	84.000000	0	81.000000	0.951852	27.081425
95	-69	56.000000	52.000000	50.000000	1	56.000000	0.933676	31.094666
95	-67	60.000000	58.000000	58.000000	1	60.000000	0.951792	32.098141
95	-66	57.000000	87.000000	57.000000	1	57.000000	0.950875	33.101627
95	-58	76.000000	121.000000	78.000000	3	76.000000	0.963805	34.105747
95	-55	77.000000	129.000000	63.000000	1	77.000000	0.983546	36.114731
95	-75	28.000000	41.000000	0.000000	0	28.000000	0.785714	44.687889
95	-82	47.000000	32.000000	0.000000	0	47.000000	0.750000	49.833038
95	-27	82.000000	216.000000	86.000000	3	82.000000	0.987158	2.005993
95	-29	89.000000	217.000000	86.000000	1	89.000000	0.990624	3.008948
95	-31	90.000000	134.000000	100.000000	0	90.000000	0.973946	9.601002
95	-40	80.000000	140.000000	82.000000	1	80.000000	0.970551	10.603623
95	-56	73.000000	98.000000	100.000000	0	73.000000	0.961918	15.041287
95	-56	73.000000	116.000000	75.000000	1	73.000000	0.975271	16.047394
95	-59	76.000000	125.000000	70.000000	2	76.000000	0.982646	18.053726
95	-61	70.000000	116.000000	86.000000	1	70.000000	0.981281	20.061396
95	-75	74.000000	74.000000	54.000000	0	74.000000	0.887931	25.554623
95	-73	73.000000	72.000000	78.000000	1	73.000000	0.942090	27.561033
95	-71	61.000000	66.000000	78.000000	1	61.000000	0.956989	29.568146
95	-66	70.000000	86.000000	100.000000	1	70.000000	0.967238	31.158144
95	-61	76.000000	121.000000	76.000000	1	76.000000	0.976090	33.165432
95	-53	72.000000	120.000000	78.000000	1	72.000000	0.984266	35.174305
95	-75	61.000000	51.000000	59.000000	1	61.000000	0.923562	40.511299
95	-87	55.000000	22.000000	0.000000	0	55.000000	0.750000	52.850475
95	-31	87.000000	208.000000	87.000000	1	87.000000	0.989417	1.002525
95	-33	78.000000	191.000000	80.000000	1	78.000000	0.990116	3.011845
95	-30	86.000000	205.000000	97.000000	2	86.000000	0.987097	4.016499
95	-39	84.000000	141.000000	73.000000	2	84.000000	0.984810	8.028271
95	-38	78.000000	157.000000	77.000000	1	78.000000	0.987439	9.031567
95	-45	92.000000	128.000000	100.000000	1	92.000000	0.972222	14.239850
95	-57	88.000000	128.000000	100.000000	2	88.000000	0.962412	16.246801
95	-63	75.000000	114.000000	52.000000	0	75.000000	0.970093	19.486757
95	-59	71.000000	115.000000	77.000000	2	71.000000	0.973965	20.489935
95	-74	41.000000	64.000000	34.000000	0	41.000000	0.942466	26.492203
95	-66	59.000000	71.000000	100.000000	3	59.000000	0.949546	30.734259
95	-67	74.000000	75.000000	72.000000	1	74.000000	0.968220	32.741421
95	-61	70.000000	113.000000	100.000000	1	70.000000	0.977778	35.752193
95	-54	78.000000	147.000000	89.000000	2	78.000000	0.983225	36.757042
95	-56	86.000000	169.000000	82.000000	2	86.000000	0.984143	37.761589
95	-81	68.000000	24.000000	100.000000	0	68.000000	0.850467	51.570629
95	-78	28.000000	26.000000	0.000000	0	28.000000	0.741573	52.574711
