-30	 0.972603	 1.000000	 1.000000	 0.109673
-27	 0.967568	 1.000000	 1.000000	 0.205519
-29	 0.988417	 1.000000	 1.000000	 0.465297
-32	 0.972222	 1.000000	 1.000000	 0.576054
-29	 0.981366	 1.000000	 1.000000	 0.739699
-29	 0.963190	 1.000000	 1.000000	 0.823010
-31	 0.976834	 1.000000	 1.000000	 0.952313
-29	 0.969697	 1.000000	 1.000000	 1.053180
-32	 0.973451	 1.000000	 1.000000	 1.167543
-35	 0.961783	 1.000000	 1.000000	 1.249064
-37	 0.979094	 1.000000	 1.000000	 1.395093
-31	 0.981595	 1.000000	 1.000000	 1.562552
-33	 0.973094	 1.000000	 1.000000	 1.678199
-34	 0.971429	 1.000000	 1.000000	 1.785656
-34	 0.965517	 1.000000	 1.000000	 1.873563
-32	 0.970149	 1.000000	 1.000000	 1.979982
-31	 0.982090	 1.000000	 1.000000	 2.158914
-33	 0.984615	 1.000000	 1.000000	 2.355999
-31	 0.980583	 1.000000	 1.000000	 2.518488
-34	 0.980328	 1.000000	 1.000000	 2.703460
-39	 0.978648	 1.000000	 1.000000	 2.847141
-43	 0.971698	 1.000000	 1.000000	 2.958611
-44	 0.966480	 1.000000	 1.000000	 3.048914
-43	 0.986079	 1.000000	 1.000000	 3.287598
-42	 0.975510	 1.000000	 1.000000	 3.414243
-43	 0.970297	 1.000000	 1.000000	 3.518359
-40	 0.970732	 1.000000	 1.000000	 3.624234
-39	 0.971564	 1.000000	 1.000000	 3.730334
-42	 0.956835	 1.000000	 1.000000	 3.801697
-43	 0.971292	 1.000000	 1.000000	 3.911491
-42	 0.971963	 1.000000	 1.000000	 4.018957
-46	 0.986364	 1.000000	 1.000000	 4.239566
-46	 0.966851	 1.000000	 1.000000	 4.331376
-45	 0.973214	 1.000000	 1.000000	 4.446071
-44	 0.961783	 1.000000	 1.000000	 4.525379
-42	 0.983696	 1.000000	 1.000000	 4.745133
-45	 0.978182	 1.000000	 1.000000	 4.887168
-46	 0.975000	 1.000000	 1.000000	 5.028066
-50	 0.968912	 1.000000	 1.000000	 5.163533
-48	 0.975104	 1.000000	 1.000000	 5.286622
-43	 0.977099	 1.000000	 1.000000	 5.419148
-46	 0.975510	 1.000000	 1.000000	 5.545745
-46	 0.979730	 1.000000	 1.000000	 5.697090
-46	 0.970874	 1.000000	 1.000000	 5.803117
-46	 0.968750	 1.000000	 1.000000	 5.899881
-48	 0.978339	 1.000000	 1.000000	 6.040957
-48	 0.971698	 1.000000	 1.000000	 6.150340
-46	 0.983516	 1.000000	 1.000000	 6.337430
-47	 0.971564	 1.000000	 1.000000	 6.445335
-49	 0.982143	 1.000000	 1.000000	 6.615923
-51	 0.981481	 1.000000	 1.000000	 6.779252
-51	 0.983146	 1.000000	 1.000000	 6.956527
-51	 0.985882	 1.000000	 1.000000	 7.170431
-49	 0.962500	 1.000000	 1.000000	 7.252119
-48	 0.956204	 1.000000	 1.000000	 7.324002
-49	 0.974249	 1.000000	 1.000000	 7.443865
-49	 0.971292	 1.000000	 1.000000	 7.566383
-46	 0.983562	 1.000000	 1.000000	 7.757157
-53	 0.986784	 1.000000	 1.000000	 7.987584
-54	 0.979798	 1.000000	 1.000000	 8.140033
-54	 0.971014	 1.000000	 1.000000	 8.246364
-52	 0.935484	 1.000000	 1.000000	 8.296876
-55	 0.971831	 1.000000	 1.000000	 8.405390
-56	 0.917808	 1.000000	 1.000000	 8.445196
-56	 0.973568	 1.000000	 1.000000	 8.563272
-57	 0.974790	 1.000000	 1.000000	 8.685806
-59	 0.920000	 1.000000	 1.000000	 8.727141
-58	 0.954887	 1.000000	 1.000000	 8.796936
-56	 0.968750	 1.000000	 1.000000	 8.896729
-56	 0.976096	 1.000000	 1.000000	 9.025372
-55	 0.965714	 1.000000	 1.000000	 9.116323
-56	 0.978261	 1.000000	 1.000000	 9.262590
-59	 0.872727	 1.000000	 1.000000	 9.293782
-62	 0.984848	 1.000000	 1.000000	 9.496344
-60	 0.978495	 1.000000	 1.000000	 9.648009
-56	 0.926829	 1.000000	 1.000000	 9.693523
-55	 0.955556	 1.000000	 1.000000	 9.765109
-63	 0.972851	 1.000000	 1.000000	 9.879823
-64	 0.968912	 1.000000	 1.000000	 9.981778
-61	 0.979661	 1.000000	 1.000000	 10.136116
-60	 0.931818	 1.000000	 1.000000	 10.182903
-60	 0.943925	 1.000000	 1.000000	 10.239919
-61	 0.974684	 1.000000	 1.000000	 10.364938
-61	 0.976834	 0.841699	 0.846442	 11.065073
-67	 0.931035	 1.000000	 1.000000	 11.331059
-73	 0.946903	 1.000000	 1.000000	 11.397832
-68	 0.952756	 1.000000	 1.000000	 11.693790
-73	 0.949799	 1.000000	 1.000000	 12.486067
-65	 0.965714	 1.000000	 1.000000	 13.011314
-70	 0.968085	 1.000000	 1.000000	 13.245653
-70	 0.760000	 1.000000	 1.000000	 13.269061
-69	 0.857143	 1.000000	 1.000000	 13.293835
-69	 0.949580	 1.000000	 1.000000	 13.358339
-69	 0.625000	 1.000000	 1.000000	 13.368938
-71	 0.909091	 1.000000	 1.000000	 13.404405
-72	 0.923077	 1.000000	 1.000000	 13.461466
-74	 0.828571	 1.000000	 1.000000	 13.617914
-73	 0.903226	 1.000000	 1.000000	 13.670597
-71	 0.884615	 1.000000	 1.000000	 13.711679
-75	 0.600000	 1.000000	 1.000000	 13.735170
-71	 0.955556	 1.000000	 1.000000	 13.968530
-74	 0.793103	 1.000000	 1.000000	 13.989132
-76	 0.500000	 1.000000	 1.000000	 14.000883
-74	 0.769231	 1.000000	 1.000000	 14.018421
-80	 0.647059	 1.000000	 1.000000	 14.051138
-81	 0.000000	 1.000000	 1.000000	 14.093483
-81	 0.000000	 1.000000	 1.000000	 14.130362
-79	 0.000000	 1.000000	 -nan	 14.166642
-80	 0.000000	 1.000000	 -nan	 14.210084
-78	 0.000000	 1.000000	 -nan	 14.243556
-73	 0.739130	 1.000000	 1.000000	 14.440526
-73	 0.000000	 1.000000	 -nan	 14.479161
-73	 0.250000	 1.000000	 -nan	 14.510253
-69	 0.914286	 1.000000	 1.000000	 14.749503
-67	 0.956835	 1.000000	 1.000000	 14.831629
-70	 0.666667	 1.000000	 1.000000	 14.850603
-74	 0.942857	 1.000000	 1.000000	 14.906425
-75	 0.142857	 1.000000	 -nan	 14.939628
-75	 0.684211	 1.000000	 1.000000	 15.090814
-75	 0.000000	 1.000000	 -nan	 15.109706
-75	 0.142857	 1.000000	 -nan	 15.128019
-69	 0.000000	 1.000000	 -nan	 15.145378
-72	 0.921053	 1.000000	 1.000000	 15.226983
-73	 0.647059	 1.000000	 1.000000	 15.255454
-75	 0.928571	 1.000000	 1.000000	 15.456278
-75	 0.000000	 1.000000	 1.000000	 15.497456
-75	 0.000000	 1.000000	 -nan	 15.532368
-75	 0.869565	 1.000000	 1.000000	 15.572657
-74	 0.000000	 1.000000	 1.000000	 15.611083
-76	 0.000000	 1.000000	 1.000000	 15.651113
-80	 0.000000	 1.000000	 -nan	 15.698003
-76	 0.000000	 1.000000	 -nan	 15.741425
-77	 0.700000	 1.000000	 -nan	 15.781773
-78	 0.454545	 1.000000	 1.000000	 15.928809
-76	 0.727273	 1.000000	 1.000000	 15.944671
-77	 0.600000	 1.000000	 1.000000	 15.967023
-77	 0.000000	 1.000000	 1.000000	 16.008230
-77	 0.142857	 1.000000	 1.000000	 16.041630
-73	 0.333333	 1.000000	 1.000000	 16.065350
-77	 0.500000	 1.000000	 1.000000	 16.099133
-75	 0.785714	 1.000000	 1.000000	 16.126083
-72	 0.952756	 1.000000	 1.000000	 16.414333
-77	 0.890909	 1.000000	 1.000000	 16.454649
-78	 0.000000	 1.000000	 1.000000	 16.498352
-79	 0.000000	 1.000000	 -nan	 16.535646
-78	 0.708333	 1.000000	 1.000000	 16.696079
-78	 0.000000	 1.000000	 -nan	 16.739264
-76	 0.916667	 1.000000	 1.000000	 16.835875
-76	 0.953846	 1.000000	 1.000000	 16.906351
-77	 0.886792	 1.000000	 1.000000	 16.935249
-75	 0.977012	 1.000000	 1.000000	 17.083555
-75	 0.000000	 1.000000	 1.000000	 17.123608
-75	 0.800000	 1.000000	 1.000000	 17.153791
-75	 0.947368	 1.000000	 1.000000	 17.216881
-76	 0.941558	 1.000000	 1.000000	 17.299007
-75	 0.917808	 1.000000	 1.000000	 17.339302
-74	 0.956835	 1.000000	 1.000000	 17.413698
-73	 0.863636	 1.000000	 1.000000	 17.459171
-72	 0.333333	 1.000000	 1.000000	 17.481243
-75	 0.727273	 1.000000	 1.000000	 17.503807
-74	 0.897959	 1.000000	 1.000000	 18.450788
-73	 0.333333	 1.000000	 1.000000	 18.474680
-78	 0.960784	 1.000000	 1.000000	 18.586390
-76	 0.142857	 1.000000	 1.000000	 18.607010
-74	 0.963415	 1.000000	 1.000000	 18.696049
-72	 0.955556	 1.000000	 1.000000	 18.771736
-73	 0.945946	 1.000000	 1.000000	 18.831066
-74	 0.900000	 1.000000	 1.000000	 18.867876
-72	 0.971292	 1.000000	 1.000000	 18.974974
-73	 0.944954	 1.000000	 1.000000	 19.032866
-73	 0.957747	 1.000000	 1.000000	 19.121347
-73	 0.936170	 1.000000	 1.000000	 19.175484
-75	 0.944444	 1.000000	 1.000000	 19.281342
-72	 0.981191	 1.000000	 1.000000	 19.445816
-67	 0.953846	 1.000000	 1.000000	 19.519594
-69	 0.970297	 1.000000	 1.000000	 19.625563
-73	 0.974790	 1.000000	 1.000000	 19.751602
-71	 0.967568	 1.000000	 1.000000	 19.853300
-72	 0.947368	 1.000000	 1.000000	 19.913170
-72	 0.943396	 1.000000	 1.000000	 19.971436
-70	 0.955556	 1.000000	 1.000000	 20.042372
-66	 0.977359	 1.000000	 1.000000	 20.181265
-66	 0.978947	 1.000000	 1.000000	 20.329727
-64	 0.973333	 0.888889	 0.899598	 21.327753
-64	 0.933333	 1.000000	 1.000000	 21.377180
-64	 0.978102	 1.000000	 1.000000	 21.519854
-65	 0.986111	 1.000000	 1.000000	 21.746010
-66	 0.971154	 1.000000	 1.000000	 21.854477
-67	 0.980456	 1.000000	 1.000000	 22.015520
-66	 0.926829	 1.000000	 1.000000	 22.061037
-62	 0.983003	 1.000000	 1.000000	 22.242439
-58	 0.989933	 1.000000	 1.000000	 22.545252
-59	 0.973333	 1.000000	 1.000000	 22.660467
-57	 0.983379	 1.000000	 1.000000	 22.842701
-59	 0.973799	 1.000000	 1.000000	 22.959549
-58	 0.969388	 1.000000	 1.000000	 23.063232
-58	 0.961290	 1.000000	 1.000000	 23.143175
-60	 0.974684	 1.000000	 1.000000	 23.262789
-60	 0.970443	 1.000000	 1.000000	 23.368362
-47	 0.970451	 1.000000	 1.000000	 24.689304
-50	 0.982857	 0.920000	 0.899642	 25.165508
-49	 0.969543	 1.000000	 1.000000	 25.267225
-55	 0.981538	 1.000000	 1.000000	 25.435682
-53	 0.970149	 1.000000	 1.000000	 25.540405
-57	 0.968254	 1.000000	 1.000000	 25.637531
-55	 0.962025	 1.000000	 1.000000	 25.722584
-56	 0.973799	 1.000000	 1.000000	 25.844290
-66	 0.979094	 1.000000	 1.000000	 25.997105
-66	 0.962500	 1.000000	 1.000000	 26.081123
-66	 0.950000	 1.000000	 1.000000	 26.144018
-70	 0.971014	 1.000000	 1.000000	 26.251596
-73	 0.937500	 1.000000	 1.000000	 26.308575
-67	 0.960784	 1.000000	 1.000000	 26.389217
-67	 0.961039	 1.000000	 1.000000	 26.471970
-70	 0.966292	 1.000000	 1.000000	 26.587523
-69	 0.948718	 1.000000	 1.000000	 26.649948
-68	 0.979021	 1.000000	 1.000000	 26.827751
-66	 0.924051	 1.000000	 1.000000	 26.870180
-69	 0.959184	 1.000000	 1.000000	 26.949541
-67	 0.959459	 1.000000	 1.000000	 27.026838
-66	 0.976923	 1.000000	 1.000000	 27.160692
-68	 0.959732	 1.000000	 1.000000	 27.238485
-69	 0.961039	 1.000000	 1.000000	 27.329443
-75	 0.953488	 1.000000	 1.000000	 27.398140
-71	 0.973684	 1.000000	 1.000000	 27.515903
-71	 0.943396	 1.000000	 1.000000	 27.571360
-70	 0.950000	 1.000000	 1.000000	 27.636524
-69	 0.960265	 1.000000	 1.000000	 27.716345
-69	 0.956522	 1.000000	 1.000000	 27.787954
-76	 0.975410	 1.000000	 1.000000	 27.918127
-77	 0.932584	 1.000000	 1.000000	 27.979321
-75	 0.875000	 1.000000	 1.000000	 28.017778
-74	 0.860465	 -0.023256	 0.521739	 28.781034
-73	 0.880000	 1.000000	 1.000000	 28.809416
-73	 0.940000	 1.000000	 1.000000	 28.864140
-71	 0.916667	 1.000000	 1.000000	 28.910328
-73	 0.894737	 1.000000	 1.000000	 28.945013
-74	 0.961538	 1.000000	 1.000000	 29.027744
-74	 0.935484	 1.000000	 1.000000	 29.088663
-76	 0.972477	 1.000000	 1.000000	 29.202980
-78	 0.901408	 1.000000	 1.000000	 29.251698
-77	 0.884615	 1.000000	 1.000000	 29.281935
-80	 0.931035	 1.000000	 1.000000	 29.338408
-75	 0.940000	 1.000000	 1.000000	 29.398939
-76	 0.898305	 1.000000	 1.000000	 29.430517
-77	 0.739130	 1.000000	 1.000000	 29.469007
-75	 0.940000	 1.000000	 1.000000	 29.521982
-74	 0.823529	 1.000000	 1.000000	 29.541912
-80	 0.900000	 1.000000	 1.000000	 29.594570
-78	 0.600000	 1.000000	 1.000000	 29.617373
-77	 0.846154	 1.000000	 1.000000	 29.641838
-79	 0.894737	 1.000000	 1.000000	 29.677547
-78	 0.905671	 1.000000	 1.000000	 31.062124
-76	 0.000000	 1.000000	 1.000000	 31.095999
-77	 0.793103	 1.000000	 1.000000	 31.112366
-78	 0.714286	 1.000000	 1.000000	 31.127916
-80	 0.000000	 1.000000	 1.000000	 31.170149
-80	 0.000000	 1.000000	 1.000000	 31.213139
-80	 0.000000	 1.000000	 1.000000	 31.255219
-80	 0.000000	 1.000000	 1.000000	 31.297285
-77	 0.000000	 1.000000	 1.000000	 31.334854
-75	 0.932584	 1.000000	 1.000000	 31.384296
-76	 0.142857	 1.000000	 1.000000	 31.409466
-76	 0.500000	 1.000000	 1.000000	 31.421968
-75	 0.777778	 1.000000	 1.000000	 31.438025
-77	 0.850000	 1.000000	 1.000000	 31.461197
-77	 0.454545	 1.000000	 1.000000	 31.471750
-76	 0.000000	 1.000000	 1.000000	 31.513702
-76	 0.571429	 1.000000	 1.000000	 31.526606
-76	 0.333333	 1.000000	 1.000000	 31.538830
-78	 0.142857	 1.000000	 1.000000	 31.575344
-76	 0.892857	 1.000000	 1.000000	 31.607546
-79	 0.142857	 1.000000	 1.000000	 31.648294
-78	 0.333333	 1.000000	 1.000000	 31.669266
-78	 0.333333	 1.000000	 1.000000	 31.682070
-70	 0.850000	 1.000000	 1.000000	 31.749371
-70	 0.000000	 1.000000	 -nan	 31.787643
-77	 0.000000	 1.000000	 1.000000	 31.826101
-78	 0.000000	 1.000000	 1.000000	 31.866507
-76	 0.828571	 1.000000	 1.000000	 31.900263
-75	 0.500000	 1.000000	 1.000000	 31.932623
-77	 0.000000	 1.000000	 1.000000	 31.967678
-77	 0.853659	 1.000000	 1.000000	 31.997442
-73	 0.739130	 1.000000	 1.000000	 32.034920
-73	 0.739130	 1.000000	 1.000000	 32.065479
-74	 0.142857	 1.000000	 1.000000	 32.096272
-74	 0.000000	 1.000000	 1.000000	 32.117149
-73	 0.000000	 1.000000	 1.000000	 32.133080
-76	 0.700000	 1.000000	 1.000000	 32.161171
-75	 0.250000	 1.000000	 1.000000	 32.201176
-74	 0.901639	 1.000000	 1.000000	 32.245033
-74	 0.853659	 1.000000	 1.000000	 32.285206
-78	 0.917808	 1.000000	 1.000000	 32.335697
-80	 0.000000	 1.000000	 1.000000	 32.376122
-78	 0.000000	 1.000000	 1.000000	 32.417763
-78	 0.000000	 1.000000	 1.000000	 32.462204
-77	 0.850000	 1.000000	 1.000000	 32.502815
-78	 0.142857	 1.000000	 1.000000	 32.536369
-76	 0.625000	 1.000000	 1.000000	 32.568092
-77	 0.890909	 1.000000	 1.000000	 32.605389
-80	 0.250000	 1.000000	 1.000000	 32.648926
-80	 0.000000	 1.000000	 1.000000	 32.694134
-81	 0.000000	 1.000000	 1.000000	 32.734219
-76	 0.333333	 1.000000	 1.000000	 32.756435
-80	 0.000000	 1.000000	 1.000000	 32.795925
-79	 0.000000	 1.000000	 1.000000	 32.854309
-76	 0.000000	 1.000000	 -nan	 32.894512
-76	 0.454545	 1.000000	 -nan	 32.921116
-76	 0.000000	 1.000000	 -nan	 32.939903
-77	 0.000000	 1.000000	 -nan	 32.979431
-78	 0.000000	 1.000000	 1.000000	 33.011227
-78	 0.000000	 1.000000	 -nan	 33.044491
-79	 0.000000	 1.000000	 1.000000	 33.073151
-78	 0.000000	 1.000000	 1.000000	 33.089111
-77	 0.000000	 1.000000	 1.000000	 33.105892
-79	 0.000000	 1.000000	 1.000000	 33.121681
-80	 0.000000	 1.000000	 1.000000	 33.137280
-82	 0.000000	 1.000000	 1.000000	 33.153637
-81	 0.000000	 1.000000	 1.000000	 33.174522
-80	 0.000000	 1.000000	 1.000000	 33.192890
-77	 0.000000	 1.000000	 1.000000	 33.206554
-77	 0.000000	 1.000000	 1.000000	 33.223145
-77	 0.000000	 1.000000	 1.000000	 33.239712
-77	 0.000000	 1.000000	 1.000000	 33.256943
-78	 0.000000	 1.000000	 1.000000	 33.273308
-79	 0.000000	 1.000000	 1.000000	 33.291740
-80	 0.000000	 1.000000	 1.000000	 33.307808
-80	 0.000000	 1.000000	 1.000000	 33.325260
-79	 0.000000	 1.000000	 1.000000	 33.340950
-77	 0.000000	 1.000000	 1.000000	 33.357208
-78	 0.000000	 1.000000	 1.000000	 33.373356
-76	 0.000000	 1.000000	 -nan	 33.389381
-77	 0.000000	 1.000000	 1.000000	 33.404976
-76	 0.000000	 1.000000	 1.000000	 33.421497
-78	 0.000000	 1.000000	 1.000000	 33.437443
-78	 0.000000	 1.000000	 1.000000	 33.453060
-79	 0.000000	 1.000000	 1.000000	 33.469143
-80	 0.000000	 1.000000	 1.000000	 33.487240
-79	 0.000000	 1.000000	 1.000000	 33.503048
-79	 0.000000	 1.000000	 1.000000	 33.518646
-78	 0.000000	 1.000000	 1.000000	 33.534416
-78	 0.000000	 1.000000	 1.000000	 33.551636
-78	 0.000000	 1.000000	 1.000000	 33.567142
-77	 0.000000	 1.000000	 1.000000	 33.582943
-78	 0.000000	 1.000000	 1.000000	 33.598293
-79	 0.000000	 1.000000	 1.000000	 33.614735
-79	 0.000000	 1.000000	 1.000000	 33.631512
-80	 0.000000	 1.000000	 1.000000	 33.648159
-80	 0.000000	 1.000000	 1.000000	 33.663574
-81	 0.000000	 1.000000	 1.000000	 33.680740
-81	 0.000000	 1.000000	 1.000000	 33.697227
-81	 0.000000	 1.000000	 1.000000	 33.713428
-80	 0.000000	 1.000000	 1.000000	 33.729446
-80	 0.000000	 1.000000	 1.000000	 33.745506
-81	 0.000000	 1.000000	 1.000000	 33.761024
-81	 0.000000	 1.000000	 1.000000	 33.778469
-80	 0.000000	 1.000000	 1.000000	 33.794552
-79	 0.000000	 1.000000	 1.000000	 33.810387
-77	 0.000000	 1.000000	 1.000000	 33.826839
-78	 0.000000	 1.000000	 1.000000	 33.843216
-78	 0.000000	 1.000000	 1.000000	 33.858196
-79	 0.000000	 1.000000	 1.000000	 33.874779
-78	 0.000000	 1.000000	 1.000000	 33.890480
-80	 0.000000	 1.000000	 1.000000	 33.906876
-80	 0.000000	 1.000000	 1.000000	 33.923210
-81	 0.000000	 1.000000	 1.000000	 33.939983
-80	 0.000000	 1.000000	 1.000000	 33.956158
-80	 0.000000	 1.000000	 1.000000	 33.974560
-79	 0.000000	 1.000000	 1.000000	 33.992035
-77	 0.000000	 1.000000	 1.000000	 34.007862
-79	 0.000000	 1.000000	 1.000000	 34.023697
-79	 0.000000	 1.000000	 1.000000	 34.039124
-78	 0.000000	 1.000000	 1.000000	 34.058014
-79	 0.000000	 1.000000	 1.000000	 34.073471
-78	 0.000000	 1.000000	 1.000000	 34.090309
-78	 0.000000	 1.000000	 1.000000	 34.105492
-79	 0.000000	 1.000000	 1.000000	 34.124554
-79	 0.000000	 1.000000	 1.000000	 34.141468
-78	 0.000000	 1.000000	 1.000000	 34.157722
-78	 0.000000	 1.000000	 1.000000	 34.180889
-78	 0.000000	 1.000000	 1.000000	 34.198055
-78	 0.000000	 1.000000	 1.000000	 34.213848
-79	 0.000000	 1.000000	 1.000000	 34.229633
-79	 0.000000	 1.000000	 1.000000	 34.245392
-79	 0.000000	 1.000000	 1.000000	 34.261559
-80	 0.000000	 1.000000	 1.000000	 34.277855
-81	 0.000000	 1.000000	 1.000000	 34.295509
-79	 0.000000	 1.000000	 1.000000	 34.311138
-81	 0.000000	 1.000000	 1.000000	 34.329464
-81	 0.000000	 1.000000	 1.000000	 34.345661
-82	 0.000000	 1.000000	 1.000000	 34.363766
-82	 0.000000	 1.000000	 1.000000	 34.379719
-82	 0.000000	 1.000000	 1.000000	 34.395847
-80	 0.000000	 1.000000	 1.000000	 34.411732
-80	 0.000000	 1.000000	 1.000000	 34.427837
-79	 0.000000	 1.000000	 1.000000	 34.443768
-79	 0.000000	 1.000000	 1.000000	 34.459702
-80	 0.000000	 1.000000	 1.000000	 34.475929
-81	 0.000000	 1.000000	 1.000000	 34.491741
-80	 0.000000	 1.000000	 1.000000	 34.508553
-81	 0.000000	 1.000000	 1.000000	 34.524673
-81	 0.000000	 1.000000	 1.000000	 34.541100
-80	 0.000000	 1.000000	 1.000000	 34.556904
-81	 0.000000	 1.000000	 1.000000	 34.576260
-81	 0.000000	 1.000000	 -nan	 34.591297
-81	 0.000000	 1.000000	 1.000000	 34.608372
-83	 0.000000	 1.000000	 1.000000	 34.623844
-84	 0.000000	 1.000000	 1.000000	 34.640076
-82	 0.000000	 1.000000	 1.000000	 34.655972
-82	 0.000000	 1.000000	 1.000000	 34.671276
-82	 0.000000	 1.000000	 1.000000	 34.686764
-83	 0.000000	 1.000000	 1.000000	 34.703957
-83	 0.000000	 1.000000	 1.000000	 34.719624
-82	 0.000000	 1.000000	 1.000000	 34.735497
-83	 0.000000	 1.000000	 1.000000	 34.751671
-81	 0.000000	 1.000000	 1.000000	 34.767994
-80	 0.000000	 1.000000	 1.000000	 34.784088
-81	 0.000000	 1.000000	 1.000000	 34.799583
-81	 0.000000	 1.000000	 1.000000	 34.815323
-81	 0.000000	 1.000000	 1.000000	 34.831989
-81	 0.000000	 1.000000	 1.000000	 34.847443
-81	 0.000000	 1.000000	 1.000000	 34.863987
-79	 0.000000	 1.000000	 1.000000	 34.879631
-80	 0.000000	 1.000000	 1.000000	 34.898518
-80	 0.000000	 1.000000	 1.000000	 34.915104
-81	 0.000000	 1.000000	 1.000000	 34.931164
-82	 0.000000	 1.000000	 1.000000	 34.947124
-83	 0.000000	 1.000000	 1.000000	 34.962749
-83	 0.000000	 1.000000	 1.000000	 34.979443
-81	 0.000000	 1.000000	 1.000000	 34.995182
-82	 0.000000	 1.000000	 1.000000	 35.011494
-83	 0.000000	 1.000000	 1.000000	 35.027111
-80	 0.250000	 -2.375000	 0.614286	 37.355961
-77	 0.000000	 1.000000	 -nan	 37.372250
-77	 0.000000	 1.000000	 -nan	 37.387402
-82	 0.000000	 1.000000	 1.000000	 37.403633
-82	 0.000000	 1.000000	 1.000000	 37.419422
-77	 0.000000	 1.000000	 1.000000	 37.435696
-81	 0.000000	 1.000000	 1.000000	 37.451954
-82	 0.000000	 1.000000	 1.000000	 37.468536
-82	 0.000000	 1.000000	 1.000000	 37.483974
-81	 0.000000	 1.000000	 1.000000	 37.499489
-82	 0.000000	 1.000000	 1.000000	 37.515266
-81	 0.000000	 1.000000	 1.000000	 37.531216
-83	 0.000000	 1.000000	 1.000000	 37.547913
-79	 0.000000	 1.000000	 1.000000	 37.564850
-83	 0.000000	 1.000000	 1.000000	 37.584167
-83	 0.000000	 1.000000	 1.000000	 37.599705
-83	 0.000000	 1.000000	 1.000000	 37.616520
-82	 0.000000	 1.000000	 1.000000	 37.631489
-82	 0.000000	 1.000000	 1.000000	 37.648220
-82	 0.000000	 1.000000	 1.000000	 37.664116
-82	 0.000000	 1.000000	 1.000000	 37.681561
-82	 0.000000	 1.000000	 1.000000	 37.697144
-83	 0.000000	 1.000000	 1.000000	 37.713032
-83	 0.000000	 1.000000	 1.000000	 37.729519
-83	 0.000000	 1.000000	 1.000000	 37.745087
-83	 0.000000	 1.000000	 1.000000	 37.760498
-83	 0.000000	 1.000000	 1.000000	 37.779228
-82	 0.000000	 1.000000	 1.000000	 37.795448
-81	 0.000000	 1.000000	 1.000000	 37.811756
-81	 0.000000	 1.000000	 1.000000	 37.827549
-82	 0.000000	 1.000000	 1.000000	 37.843987
-84	 0.000000	 1.000000	 1.000000	 37.859364
-81	 0.000000	 1.000000	 1.000000	 37.875553
-84	 0.000000	 1.000000	 1.000000	 37.896400
-85	 0.000000	 1.000000	 1.000000	 37.913715
-84	 0.000000	 1.000000	 1.000000	 37.935635
-84	 0.000000	 1.000000	 1.000000	 37.952278
-83	 0.000000	 1.000000	 1.000000	 37.968811
-83	 0.000000	 1.000000	 1.000000	 37.986923
-84	 0.000000	 1.000000	 1.000000	 38.005081
-83	 0.000000	 1.000000	 1.000000	 38.020996
-83	 0.000000	 1.000000	 1.000000	 38.036713
-84	 0.000000	 1.000000	 1.000000	 38.053406
-83	 0.000000	 1.000000	 1.000000	 38.070541
-83	 0.000000	 1.000000	 1.000000	 38.085552
-83	 0.000000	 1.000000	 1.000000	 38.102200
-83	 0.000000	 1.000000	 1.000000	 38.117641
-84	 0.000000	 1.000000	 1.000000	 38.133846
-83	 0.000000	 1.000000	 1.000000	 38.150631
-83	 0.000000	 1.000000	 1.000000	 38.166298
-80	 0.000000	 1.000000	 1.000000	 38.183239
-84	 0.000000	 1.000000	 1.000000	 38.199677
-84	 0.000000	 1.000000	 1.000000	 38.219070
-85	 0.000000	 1.000000	 1.000000	 38.238712
-85	 0.000000	 1.000000	 1.000000	 38.254898
-85	 0.000000	 1.000000	 -nan	 38.270638
-83	 0.000000	 1.000000	 1.000000	 38.289963
-85	 0.000000	 1.000000	 1.000000	 38.305958
-83	 0.000000	 1.000000	 1.000000	 38.330292
-83	 0.000000	 1.000000	 1.000000	 38.345688
-84	 0.000000	 1.000000	 1.000000	 38.362495
-84	 0.000000	 1.000000	 1.000000	 38.377533
-83	 0.000000	 1.000000	 1.000000	 38.393833
-82	 0.000000	 1.000000	 1.000000	 38.409893
-82	 0.000000	 1.000000	 1.000000	 38.425972
-80	 0.000000	 1.000000	 1.000000	 38.443115
-81	 0.000000	 1.000000	 1.000000	 38.458439
-80	 0.000000	 1.000000	 1.000000	 38.474453
-81	 0.000000	 1.000000	 1.000000	 38.491154
-81	 0.000000	 1.000000	 1.000000	 38.506424
-81	 0.000000	 1.000000	 1.000000	 38.522652
-81	 0.000000	 1.000000	 1.000000	 38.541782
-81	 0.000000	 1.000000	 1.000000	 38.557480
-82	 0.000000	 1.000000	 1.000000	 38.573181
-82	 0.000000	 1.000000	 1.000000	 38.589272
-83	 0.000000	 1.000000	 1.000000	 38.605362
-84	 0.000000	 1.000000	 1.000000	 38.622757
-83	 0.000000	 1.000000	 1.000000	 38.642944
-84	 0.000000	 1.000000	 1.000000	 38.662079
-85	 0.000000	 1.000000	 1.000000	 38.677193
-84	 0.000000	 1.000000	 1.000000	 38.695976
-82	 0.000000	 1.000000	 1.000000	 38.711754
-84	 0.000000	 1.000000	 1.000000	 38.727894
-84	 0.000000	 1.000000	 1.000000	 38.743534
-83	 0.000000	 1.000000	 1.000000	 38.758804
-83	 0.000000	 1.000000	 1.000000	 38.775131
-82	 0.000000	 1.000000	 1.000000	 38.790977
-84	 0.000000	 1.000000	 1.000000	 38.808716
-85	 0.000000	 1.000000	 1.000000	 38.827827
-85	 0.000000	 1.000000	 1.000000	 38.848099
-85	 0.000000	 1.000000	 1.000000	 38.871967
-84	 0.000000	 1.000000	 1.000000	 38.888439
-82	 0.000000	 1.000000	 1.000000	 38.916794
-83	 0.000000	 1.000000	 1.000000	 38.932339
-84	 0.000000	 1.000000	 1.000000	 38.950916
-81	 0.000000	 1.000000	 1.000000	 38.969608
-81	 0.000000	 1.000000	 1.000000	 38.986023
-82	 0.000000	 1.000000	 1.000000	 39.002831
-83	 0.000000	 1.000000	 1.000000	 39.019501
-83	 0.000000	 1.000000	 1.000000	 39.037838
-82	 0.000000	 1.000000	 1.000000	 39.055271
-86	 0.000000	 1.000000	 1.000000	 39.094551
-84	 0.000000	 1.000000	 1.000000	 39.111927
-83	 0.000000	 1.000000	 1.000000	 39.128082
-82	 0.000000	 1.000000	 1.000000	 39.144482
-82	 0.000000	 1.000000	 1.000000	 39.162907
-83	 0.000000	 1.000000	 1.000000	 39.179775
-82	 0.000000	 1.000000	 1.000000	 39.202465
-83	 0.000000	 1.000000	 1.000000	 39.220478
-83	 0.000000	 1.000000	 1.000000	 39.237595
-83	 0.000000	 1.000000	 1.000000	 39.254894
-84	 0.000000	 1.000000	 1.000000	 39.274097
-85	 0.000000	 1.000000	 1.000000	 39.345196
-85	 0.000000	 1.000000	 -nan	 39.380753
-85	 0.000000	 1.000000	 -nan	 39.407265
-83	 0.000000	 1.000000	 -nan	 39.425564
-83	 0.000000	 1.000000	 -nan	 39.441895
-83	 0.000000	 1.000000	 -nan	 39.463696
-83	 0.000000	 1.000000	 -nan	 39.481590
-83	 0.000000	 1.000000	 -nan	 39.497486
-83	 0.000000	 1.000000	 1.000000	 39.519260
-82	 0.000000	 1.000000	 1.000000	 39.539597
-82	 0.000000	 1.000000	 1.000000	 39.555847
-82	 0.000000	 1.000000	 1.000000	 39.574989
-81	 0.000000	 1.000000	 1.000000	 39.590977
-80	 0.000000	 1.000000	 1.000000	 39.607471
-83	 0.000000	 1.000000	 1.000000	 39.625729
-83	 0.000000	 1.000000	 -nan	 39.640118
-83	 0.000000	 1.000000	 1.000000	 39.656059
-83	 0.000000	 1.000000	 1.000000	 39.672398
-83	 0.000000	 1.000000	 1.000000	 39.687908
-81	 0.000000	 1.000000	 1.000000	 39.703587
-82	 0.000000	 1.000000	 1.000000	 39.720154
-83	 0.000000	 1.000000	 1.000000	 39.739391
-83	 0.000000	 1.000000	 1.000000	 39.754974
-82	 0.000000	 1.000000	 1.000000	 39.773357
-82	 0.000000	 1.000000	 1.000000	 39.791664
-82	 0.000000	 1.000000	 1.000000	 39.807201
-81	 0.000000	 1.000000	 1.000000	 39.823093
-82	 0.000000	 1.000000	 1.000000	 39.839764
-83	 0.000000	 1.000000	 1.000000	 39.863281
-83	 0.000000	 1.000000	 1.000000	 39.880142
-84	 0.000000	 1.000000	 1.000000	 39.908501
-86	 0.000000	 1.000000	 1.000000	 39.928204
-87	 0.000000	 1.000000	 1.000000	 39.944679
-85	 0.000000	 1.000000	 1.000000	 39.962990
-85	 0.000000	 1.000000	 1.000000	 39.979015
-84	 0.000000	 1.000000	 1.000000	 39.995453
-83	 0.000000	 1.000000	 1.000000	 40.011673
-84	 0.000000	 1.000000	 1.000000	 40.028324
-83	 0.000000	 1.000000	 1.000000	 40.044804
-84	 0.000000	 1.000000	 1.000000	 40.060368
-84	 0.000000	 1.000000	 1.000000	 40.078220
-84	 0.000000	 1.000000	 -nan	 40.097301
-83	 0.000000	 1.000000	 1.000000	 40.118767
-82	 0.000000	 1.000000	 1.000000	 40.139854
-83	 0.000000	 1.000000	 1.000000	 40.156517
-83	 0.000000	 1.000000	 1.000000	 40.174820
-82	 0.000000	 1.000000	 1.000000	 40.191338
-84	 0.000000	 1.000000	 1.000000	 40.207272
-85	 0.000000	 1.000000	 1.000000	 40.227859
-85	 0.000000	 1.000000	 1.000000	 40.305073
-85	 0.000000	 1.000000	 -nan	 40.329346
-81	 0.000000	 1.000000	 -nan	 40.346874
-81	 0.000000	 1.000000	 -nan	 40.365002
-81	 0.000000	 1.000000	 -nan	 40.383095
-81	 0.000000	 1.000000	 -nan	 40.400101
-81	 0.000000	 1.000000	 -nan	 40.415916
-84	 0.000000	 1.000000	 1.000000	 40.437229
-83	 0.000000	 1.000000	 1.000000	 40.464188
-83	 0.000000	 1.000000	 1.000000	 40.480007
-82	 0.000000	 1.000000	 1.000000	 40.496281
-82	 0.000000	 1.000000	 1.000000	 40.512512
-81	 0.000000	 1.000000	 1.000000	 40.529282
-80	 0.000000	 1.000000	 1.000000	 40.547153
-81	 0.000000	 1.000000	 1.000000	 40.563889
-82	 0.000000	 1.000000	 1.000000	 40.584831
-83	 0.000000	 1.000000	 1.000000	 40.611519
-84	 0.000000	 1.000000	 1.000000	 40.641171
-83	 0.000000	 1.000000	 1.000000	 40.655270
-85	 0.000000	 1.000000	 1.000000	 40.677448
-84	 0.000000	 1.000000	 1.000000	 40.709438
-85	 0.000000	 1.000000	 1.000000	 40.823517
-85	 0.000000	 1.000000	 -nan	 40.885796
-85	 0.000000	 1.000000	 -nan	 40.917381
-85	 0.000000	 1.000000	 -nan	 40.946815
-85	 0.000000	 1.000000	 -nan	 40.964104
-85	 0.000000	 1.000000	 -nan	 40.983948
-85	 0.000000	 1.000000	 -nan	 41.001732
-84	 0.000000	 1.000000	 1.000000	 41.021481
-84	 0.000000	 1.000000	 1.000000	 41.042686
-84	 0.000000	 1.000000	 1.000000	 41.061150
-82	 0.000000	 1.000000	 1.000000	 41.077358
-84	 0.000000	 1.000000	 1.000000	 41.096546
-84	 0.000000	 1.000000	 1.000000	 41.112007
-84	 0.000000	 1.000000	 1.000000	 41.130360
-83	 0.000000	 1.000000	 1.000000	 41.146492
-84	 0.000000	 1.000000	 1.000000	 41.163204
-84	 0.000000	 1.000000	 1.000000	 41.178604
-84	 0.000000	 1.000000	 1.000000	 41.194996
-85	 0.000000	 1.000000	 1.000000	 41.213577
-84	 0.000000	 1.000000	 1.000000	 41.229515
-84	 0.000000	 1.000000	 1.000000	 41.245045
-84	 0.000000	 1.000000	 1.000000	 41.263515
-84	 0.000000	 1.000000	 1.000000	 41.279362
-85	 0.000000	 1.000000	 1.000000	 41.296665
-85	 0.000000	 1.000000	 1.000000	 41.313240
-85	 0.000000	 1.000000	 1.000000	 41.331196
-86	 0.000000	 1.000000	 1.000000	 41.347298
-86	 0.000000	 1.000000	 1.000000	 41.365826
-84	 0.000000	 1.000000	 1.000000	 41.382633
-85	 0.000000	 1.000000	 1.000000	 41.398998
-85	 0.000000	 1.000000	 1.000000	 41.417061
-85	 0.000000	 1.000000	 1.000000	 41.434547
-85	 0.000000	 1.000000	 1.000000	 41.453144
-84	 0.000000	 1.000000	 1.000000	 41.470081
-85	 0.000000	 1.000000	 1.000000	 41.488762
-84	 0.000000	 1.000000	 1.000000	 41.505119
-86	 0.000000	 1.000000	 1.000000	 41.521660
-85	 0.000000	 1.000000	 1.000000	 41.542107
-82	 0.000000	 1.000000	 1.000000	 41.558910
-86	 0.000000	 1.000000	 1.000000	 41.584389
-85	 0.000000	 1.000000	 1.000000	 41.601925
-84	 0.000000	 1.000000	 1.000000	 41.618431
-83	 0.000000	 1.000000	 1.000000	 41.635269
-84	 0.000000	 1.000000	 1.000000	 41.651360
-85	 0.000000	 1.000000	 1.000000	 41.695759
-85	 0.000000	 1.000000	 -nan	 41.719246
-85	 0.000000	 1.000000	 -nan	 41.742035
-83	 0.000000	 1.000000	 -nan	 41.771713
-86	 0.000000	 1.000000	 1.000000	 42.090073
-86	 0.000000	 1.000000	 1.000000	 42.158539
-85	 0.000000	 1.000000	 1.000000	 42.403870
-82	 0.000000	 1.000000	 1.000000	 42.636383
-83	 0.000000	 1.000000	 1.000000	 42.652290
-82	 0.000000	 1.000000	 1.000000	 42.668938
-83	 0.000000	 1.000000	 1.000000	 42.687424
-83	 0.000000	 1.000000	 1.000000	 42.706871
-83	 0.000000	 1.000000	 1.000000	 42.724907
-85	 0.000000	 1.000000	 1.000000	 42.744568
-84	 0.000000	 1.000000	 1.000000	 42.766403
-84	 0.000000	 1.000000	 1.000000	 42.801590
-83	 0.000000	 1.000000	 1.000000	 42.830601
-83	 0.000000	 1.000000	 1.000000	 42.878101
-83	 0.000000	 1.000000	 -nan	 42.900955
-83	 0.000000	 1.000000	 -nan	 42.920242
-83	 0.000000	 1.000000	 -nan	 42.936222
-83	 0.000000	 1.000000	 -nan	 42.951900
-83	 0.000000	 1.000000	 -nan	 42.969284
-83	 0.000000	 1.000000	 -nan	 42.985329
-83	 0.000000	 1.000000	 1.000000	 43.011917
-83	 0.000000	 1.000000	 1.000000	 43.030441
-83	 0.000000	 1.000000	 1.000000	 43.050407
-85	 0.000000	 1.000000	 1.000000	 43.210831
-85	 0.000000	 1.000000	 -nan	 43.236362
-85	 0.000000	 1.000000	 -nan	 43.265354
-82	 0.000000	 1.000000	 1.000000	 43.292965
-83	 0.000000	 1.000000	 -nan	 43.312988
-84	 0.000000	 1.000000	 -nan	 43.523602
-84	 0.000000	 1.000000	 -nan	 43.555763
-83	 0.000000	 1.000000	 1.000000	 43.580925
-85	 0.000000	 1.000000	 1.000000	 43.615852
-84	 0.000000	 1.000000	 1.000000	 43.646358
-84	 0.000000	 1.000000	 1.000000	 43.671318
-83	 0.000000	 1.000000	 1.000000	 43.692509
-83	 0.000000	 1.000000	 1.000000	 43.713802
-81	 0.000000	 1.000000	 1.000000	 43.730003
-82	 0.000000	 1.000000	 1.000000	 43.751434
-83	 0.000000	 1.000000	 1.000000	 43.767231
-83	 0.000000	 1.000000	 1.000000	 43.786270
-82	 0.000000	 1.000000	 1.000000	 43.804901
-83	 0.000000	 1.000000	 1.000000	 43.829002
-83	 0.000000	 1.000000	 1.000000	 43.848129
-82	 0.000000	 1.000000	 1.000000	 43.866539
-83	 0.000000	 1.000000	 1.000000	 43.888283
-82	 0.000000	 1.000000	 1.000000	 43.911480
-82	 0.000000	 1.000000	 1.000000	 43.929966
-83	 0.000000	 1.000000	 1.000000	 43.949013
-81	 0.000000	 1.000000	 1.000000	 43.967922
-82	 0.000000	 1.000000	 1.000000	 43.985676
-82	 0.000000	 1.000000	 1.000000	 44.004288
-82	 0.000000	 1.000000	 1.000000	 44.025497
-81	 0.000000	 1.000000	 1.000000	 44.045334
-82	 0.000000	 1.000000	 1.000000	 44.060936
-85	 0.000000	 1.000000	 1.000000	 44.080173
-82	 0.000000	 1.000000	 1.000000	 44.096161
-83	 0.000000	 1.000000	 1.000000	 44.115578
-86	 0.000000	 1.000000	 1.000000	 44.132084
-82	 0.000000	 1.000000	 1.000000	 44.155178
-84	 0.000000	 1.000000	 1.000000	 44.174458
-84	 0.000000	 1.000000	 1.000000	 44.200859
-83	 0.000000	 1.000000	 1.000000	 44.245991
-83	 0.000000	 1.000000	 1.000000	 44.286350
-85	 0.000000	 1.000000	 1.000000	 44.326630
-83	 0.000000	 1.000000	 1.000000	 44.368656
-84	 0.000000	 1.000000	 1.000000	 44.425480
-84	 0.000000	 1.000000	 -nan	 44.474644
-84	 0.000000	 1.000000	 -nan	 44.492912
-84	 0.000000	 1.000000	 -nan	 44.508987
-84	 0.000000	 1.000000	 -nan	 44.532784
-84	 0.000000	 1.000000	 -nan	 44.551235
-84	 0.000000	 1.000000	 -nan	 44.568645
-84	 0.000000	 1.000000	 -nan	 44.583775
-83	 0.000000	 1.000000	 1.000000	 44.935429
-83	 0.000000	 1.000000	 -nan	 45.017071
-83	 0.000000	 1.000000	 -nan	 45.116276
-84	 0.000000	 1.000000	 -nan	 45.180065
-85	 0.000000	 1.000000	 1.000000	 45.335609
-85	 0.000000	 1.000000	 -nan	 45.430984
-83	 0.000000	 1.000000	 1.000000	 45.485661
-85	 0.000000	 0.333333	 -1.000000	 46.085987
