HT20/LGI	 T	 MCS11	 32.8	97.3	 95.2	 101(106)	| 0.963190	 1.000000	 1.000000 |	-29	 0.823010
HT20/LGI	 T	 MCS11	 32.8	97.3	 96.2	 102(106)	| 0.979094	 1.000000	 1.000000 |	-37	 1.395093
HT20/LGI	 T	 MCS11	 32.9	97.6	 97.1	 103(106)	| 0.977099	 1.000000	 1.000000 |	-43	 5.419148
HT20/LGI	 T	 MCS11	 33.0	97.9	 97.1	 103(106)	| 0.982143	 1.000000	 1.000000 |	-49	 6.615923
HT20/LGI	 T	 MCS11	 28.9	85.5	 91.4	 86(	| 0.949799	 1.000000	 1.000000 |	-73	 12.486067
HT20/LGI	 T	 MCS11	 15.5	46.1	 2.1	 1(	| 0.000000	 1.000000	 -nan |	-79	 16.535646
HT20/LGI	 T	 MCS11	 13.1	38.9	 9.4	 5(	| 0.000000	 1.000000	 -nan |	-78	 16.739264
HT20/LGI	 T	 MCS11	 23.1	68.4	 46.1	 30(	| 0.800000	 1.000000	 1.000000 |	-75	 17.153791
HT20/LGI	 T	 MCS11	 25.3	75.0	 94.8	 93(	| 0.947368	 1.000000	 1.000000 |	-75	 17.216881
HT20/LGI	 T	 MCS11	 29.7	87.9	 84.0	 79(	| 0.727273	 1.000000	 1.000000 |	-75	 17.503807
HT20/LGI	 T	 MCS11	 32.6	96.6	 97.0	 100(103)	| 0.961290	 1.000000	 1.000000 |	-58	 23.143175
HT20/LGI	 T	 MCS11	 32.4	96.0	 96.0	 98(102)	| 0.970451	 1.000000	 1.000000 |	-47	 24.689304
HT20/LGI	 T	 MCS11	 31.7	94.0	 85.1	 80(	| 0.961039	 1.000000	 1.000000 |	-69	 27.329443
HT20/LGI	 T	 MCS11	 22.0	65.2	 59.3	 51(	| 0.905671	 1.000000	 1.000000 |	-78	 31.062124
HT20/LGI	 T	 MCS11	 13.7	40.5	 70.1	 54(	| 0.142857	 1.000000	 1.000000 |	-76	 31.409466
HT20/LGI	 T	 MCS11	 14.5	43.1	 23.7	 14(	| 0.000000	 1.000000	 1.000000 |	-76	 31.513702
HT20/LGI	 T	 MCS11	 7.1	21.1	 12.7	 7(	| 0.000000	 1.000000	 1.000000 |	-80	 32.795925
HT20/LGI	 MCS11	 0.0	 1.5	0.0	 0(	 19)	| 0.000000	 1.000000	 1.000000 |	-78	 33.373356
HT20/LGI	 MCS11	 0.0	 0.3	0.0	 0(	 19)	| 0.000000	 1.000000	 1.000000 |	-79	 33.631512
HT20/LGI	 MCS11	 0.0	 0.0	0.0	 0(	 19)	| 0.000000	 1.000000	 1.000000 |	-80	 34.411732
HT20/LGI	 MCS11	 0.0	 0.0	0.0	 0(	 19)	| 0.000000	 1.000000	 1.000000 |	-82	 34.671276
HT20/LGI	 MCS11	 0.0	 0.0	0.0	 0(	 19)	| 0.000000	 1.000000	 1.000000 |	-79	 34.879631
HT20/LGI	 MCS11	 0.0	 0.0	0.0	 0(	 19)	| 0.000000	 1.000000	 1.000000 |	-83	 37.547913
HT20/LGI	 MCS11	 0.0	 0.0	0.0	 0(	 18)	| 0.000000	 1.000000	 1.000000 |	-83	 37.599705
HT20/LGI	 MCS11	 0.0	 0.0	0.0	 0(	 19)	| 0.000000	 1.000000	 1.000000 |	-84	 37.859364
HT20/LGI	 MCS11	 0.0	 0.0	0.0	 0(	 18)	| 0.000000	 1.000000	 1.000000 |	-85	 37.913715
HT20/LGI	 MCS11	 0.0	 0.0	0.0	 0(	 19)	| 0.000000	 1.000000	 1.000000 |	-83	 38.330292
HT20/LGI	 MCS11	 0.0	 0.0	0.0	 0(	 20)	| 0.000000	 1.000000	 1.000000 |	-82	 38.589272
HT20/LGI	 MCS11	 0.0	 0.0	0.0	 0(	 18)	| 0.000000	 1.000000	 1.000000 |	-84	 38.695976
HT20/LGI	 MCS11	 0.0	 0.0	0.0	 0(	 19)	| 0.000000	 1.000000	 1.000000 |	-84	 38.743534
HT20/LGI	 MCS11	 0.0	 0.0	0.0	 0(	 16)	| 0.000000	 1.000000	 1.000000 |	-85	 38.848099
HT20/LGI	 MCS11	 0.0	 0.0	0.0	 0(	 18)	| 0.000000	 1.000000	 1.000000 |	-84	 39.274097
HT20/LGI	 MCS11	 0.0	 0.0	0.0	 0(	 6)	| 0.000000	 1.000000	 1.000000 |	-85	 39.345196
HT20/LGI	 MCS11	 0.0	 0.0	0.0	 0(	 19)	| 0.000000	 1.000000	 1.000000 |	-83	 39.656059
HT20/LGI	 MCS11	 0.0	 0.0	0.0	 0(	 17)	| 0.000000	 1.000000	 1.000000 |	-85	 40.227859
HT20/LGI	 MCS11	 0.0	 0.0	0.0	 0(	 18)	| 0.000000	 1.000000	 -nan |	-81	 40.383095
HT20/LGI	 MCS11	 0.0	 0.0	0.0	 0(	 17)	| 0.000000	 1.000000	 1.000000 |	-84	 40.437229
HT20/LGI	 MCS11	 0.0	 0.0	0.0	 0(	 16)	| 0.000000	 1.000000	 1.000000 |	-84	 41.061150
HT20/LGI	 MCS11	 0.0	 0.0	0.0	 0(	 18)	| 0.000000	 1.000000	 1.000000 |	-84	 41.112007
HT20/LGI	 MCS11	 0.0	 0.0	0.0	 0(	 16)	| 0.000000	 1.000000	 1.000000 |	-85	 42.403870
HT20/LGI	 MCS11	 0.0	 0.0	0.0	 0(	 17)	| 0.000000	 1.000000	 1.000000 |	-82	 42.636383
HT20/LGI	 MCS11	 0.0	 0.0	0.0	 0(	 18)	| 0.000000	 1.000000	 1.000000 |	-83	 42.687424
HT20/LGI	 MCS11	 0.0	 0.0	0.0	 0(	 16)	| 0.000000	 1.000000	 1.000000 |	-83	 43.011917
HT20/LGI	 MCS11	 0.0	 0.0	0.0	 0(	 13)	| 0.000000	 1.000000	 -nan |	-83	 43.312988
HT20/LGI	 MCS11	 0.0	 0.0	0.0	 0(	 14)	| 0.000000	 1.000000	 1.000000 |	-84	 44.200859
HT20/LGI	 MCS11	 0.0	 0.0	0.0	 0(	 8)	| 0.000000	 1.000000	 -nan |	-84	 44.474644
