HT20/LGI	 T	 MCS12	 41.9	97.2	 97.6	 125(128)	| 0.972727	 1.000000	 1.000000 |	-27	 0.569017
HT20/LGI	 T	 MCS12	 41.6	96.6	 96.0	 121(126)	| 0.975904	 1.000000	 1.000000 |	-42	 2.397198
HT20/LGI	 T	 MCS12	 41.6	96.6	 94.4	 120(127)	| 0.961326	 1.000000	 1.000000 |	-38	 2.969677
HT20/LGI	 T	 MCS12	 41.9	97.2	 93.0	 120(129)	| 0.936170	 1.000000	 1.000000 |	-48	 5.101585
HT20/LGI	 T	 MCS12	 42.1	97.8	 98.3	 123(125)	| 0.975510	 1.000000	 1.000000 |	-59	 8.901074
HT20/LGI	 T	 MCS12	 41.5	96.4	 92.2	 107(116)	| 0.901639	 1.000000	 1.000000 |	-70	 10.457120
HT20/LGI	 T	 MCS12	 28.6	66.5	 73.4	 69(	| 0.892857	 1.000000	 1.000000 |	-69	 11.982871
HT20/LGI	 T	 MCS12	 33.6	78.1	 85.4	 106(124)	| 0.901639	 1.000000	 1.000000 |	-68	 12.136939
HT20/LGI	 T	 MCS12	 35.6	82.6	 95.1	 118(124)	| 0.954545	 1.000000	 1.000000 |	-72	 12.397257
HT20/LGI	 MCS12	 0.0	 5.8	0.0	 0(	 37)	| 0.000000	 1.000000	 1.000000 |	-76	 13.805195
HT20/LGI	 T	 MCS12	 7.3	17.1	 2.7	 1(	| 0.000000	 1.000000	 1.000000 |	-69	 15.090781
HT20/LGI	 MCS12	 0.0	 2.5	0.0	 0(	 20)	| 0.000000	 1.000000	 1.000000 |	-75	 15.682760
HT20/LGI	 MCS12	 0.0	 1.0	0.0	 0(	 20)	| 0.000000	 1.000000	 1.000000 |	-75	 15.837690
HT20/LGI	 T	 MCS12	 40.6	94.2	 98.4	 125(127)	| 0.977359	 1.000000	 1.000000 |	-64	 19.042454
HT20/LGI	 T	 MCS12	 41.3	95.8	 93.6	 119(127)	| 0.948718	 1.000000	 1.000000 |	-66	 19.510080
HT20/LGI	 T	 MCS12	 40.9	95.0	 99.1	 124(125)	| 0.984127	 1.000000	 1.000000 |	-68	 26.637461
HT20/LGI	 T	 MCS12	 20.2	46.9	 0.0	 0(	| 0.000000	 1.000000	 1.000000 |	-76	 28.265079
HT20/LGI	 T	 MCS12	 11.6	26.9	 0.0	 0(	| 0.000000	 1.000000	 1.000000 |	-79	 28.534994
HT20/LGI	 MCS12	 0.0	 7.0	0.0	 0(	 49)	| 0.142857	 1.000000	 1.000000 |	-71	 28.930353
HT20/LGI	 MCS12	 0.0	 9.9	6.5	 3(	 46)	| 0.000000	 1.000000	 1.000000 |	-71	 29.197836
HT20/LGI	 T	 MCS12	 15.6	36.2	 53.8	 42(	| 0.500000	 1.000000	 1.000000 |	-70	 30.316069
HT20/LGI	 T	 MCS12	 11.7	27.1	 0.0	 0(	| 0.000000	 1.000000	 1.000000 |	-66	 30.374071
HT20/LGI	 T	 MCS12	 8.7	20.3	 0.0	 0(	| 0.000000	 1.000000	 1.000000 |	-72	 30.433405
HT20/LGI	 T	 MCS12	 10.8	25.0	 39.1	 29(	| 0.454545	 1.000000	 1.000000 |	-72	 30.482506
HT20/LGI	 T	 MCS12	 15.2	35.4	 54.7	 40(	| 0.884615	 1.000000	 1.000000 |	-75	 30.585596
HT20/LGI	 T	 MCS12	 8.5	19.9	 0.0	 0(	| 0.000000	 1.000000	 1.000000 |	-74	 30.691792
HT20/LGI	 MCS12	 0.0	 4.6	0.0	 0(	 38)	| 0.000000	 1.000000	 1.000000 |	-75	 31.066105
HT20/LGI	 MCS12	 0.0	 0.0	0.0	 0(	 20)	| 0.000000	 1.000000	 1.000000 |	-74	 32.210972
HT20/LGI	 MCS12	 0.0	 0.0	0.0	 0(	 20)	| 0.000000	 1.000000	 1.000000 |	-76	 32.367523
HT20/LGI	 MCS12	 0.0	 0.0	0.0	 0(	 19)	| 0.000000	 1.000000	 1.000000 |	-78	 32.419987
HT20/LGI	 MCS12	 0.0	 0.0	0.0	 0(	 20)	| 0.000000	 1.000000	 1.000000 |	-78	 32.939941
HT20/LGI	 MCS12	 0.0	 0.0	0.0	 0(	 21)	| 0.000000	 1.000000	 1.000000 |	-79	 33.095360
HT20/LGI	 MCS12	 0.0	 0.0	0.0	 0(	 18)	| 0.000000	 1.000000	 1.000000 |	-77	 33.145618
HT20/LGI	 MCS12	 0.0	 0.0	0.0	 0(	 20)	| 0.000000	 1.000000	 1.000000 |	-78	 33.405354
HT20/LGI	 MCS12	 0.0	 0.0	0.0	 0(	 20)	| 0.000000	 1.000000	 1.000000 |	-80	 33.613850
HT20/LGI	 MCS12	 0.0	 0.0	0.0	 0(	 20)	| 0.000000	 1.000000	 1.000000 |	-78	 34.393745
HT20/LGI	 MCS12	 0.0	 0.0	0.0	 0(	 17)	| 0.000000	 1.000000	 1.000000 |	-81	 35.069675
HT20/LGI	 MCS12	 0.0	 0.0	0.0	 0(	 19)	| 0.000000	 1.000000	 1.000000 |	-84	 35.588970
HT20/LGI	 MCS12	 0.0	 0.0	0.0	 0(	 20)	| 0.000000	 1.000000	 1.000000 |	-80	 36.213684
HT20/LGI	 MCS12	 0.0	 0.0	0.0	 0(	 18)	| 0.000000	 1.000000	 1.000000 |	-80	 36.525555
HT20/LGI	 MCS12	 0.0	 0.0	0.0	 0(	 18)	| 0.000000	 1.000000	 1.000000 |	-81	 36.892197
HT20/LGI	 MCS12	 0.0	 0.0	0.0	 0(	 17)	| 0.000000	 1.000000	 1.000000 |	-83	 37.202339
HT20/LGI	 MCS12	 0.0	 0.0	0.0	 0(	 19)	| 0.000000	 1.000000	 1.000000 |	-81	 37.257236
HT20/LGI	 MCS12	 0.0	 0.0	0.0	 0(	 18)	| 0.000000	 1.000000	 1.000000 |	-80	 37.566833
HT20/LGI	 MCS12	 0.0	 0.0	0.0	 0(	 20)	| 0.000000	 1.000000	 1.000000 |	-83	 38.195148
HT20/LGI	 MCS12	 0.0	 0.0	0.0	 0(	 20)	| 0.000000	 1.000000	 1.000000 |	-80	 38.351044
HT20/LGI	 MCS12	 0.0	 0.0	0.0	 0(	 20)	| 0.000000	 1.000000	 1.000000 |	-82	 38.922596
HT20/LGI	 MCS12	 0.0	 0.0	0.0	 0(	 20)	| 0.000000	 1.000000	 1.000000 |	-82	 39.498810
HT20/LGI	 MCS12	 0.0	 0.0	0.0	 0(	 20)	| 0.000000	 1.000000	 -nan |	-80	 40.130356
HT20/LGI	 MCS12	 0.0	 0.0	0.0	 0(	 17)	| 0.000000	 1.000000	 1.000000 |	-82	 40.817932
HT20/LGI	 MCS12	 0.0	 0.0	0.0	 0(	 16)	| 0.000000	 1.000000	 1.000000 |	-82	 41.287216
HT20/LGI	 MCS12	 0.0	 0.0	0.0	 0(	 15)	| 0.000000	 1.000000	 1.000000 |	-82	 41.622326
HT20/LGI	 MCS12	 0.0	 0.0	0.0	 0(	 9)	| 0.000000	 1.000000	 -nan |	-84	 42.261932
HT20/LGI	 MCS12	 0.0	 0.0	0.0	 0(	 19)	| 0.000000	 1.000000	 1.000000 |	-84	 42.470718
HT20/LGI	 MCS12	 0.0	 0.0	0.0	 0(	 15)	| 0.000000	 1.000000	 1.000000 |	-82	 42.679859
HT20/LGI	 MCS12	 0.0	 0.0	0.0	 0(	 13)	| 0.000000	 1.000000	 1.000000 |	-82	 42.783012
HT20/LGI	 MCS12	 0.0	 0.0	0.0	 0(	 17)	| 0.000000	 1.000000	 1.000000 |	-82	 43.310665
HT20/LGI	 MCS12	 0.0	 0.0	0.0	 0(	 16)	| 0.000000	 1.000000	 1.000000 |	-81	 43.651852
HT20/LGI	 MCS12	 0.0	 0.0	0.0	 0(	 17)	| 0.000000	 1.000000	 1.000000 |	-84	 43.919041
HT20/LGI	 T	 MCS12	 40.6	94.3	 100.0	 16(	| 0.853659	 1.000000	 1.000000 |	-61	 10.950396
HT20/LGI	 T	 MCS12	 41.5	96.3	 94.9	 19(	| 0.000000	 1.000000	 1.000000 |	-63	 11.159139
HT20/LGI	 T	 MCS12	 41.8	97.1	 94.7	 18(	| 0.681818	 1.000000	 1.000000 |	-62	 11.315487
HT20/LGI	 T	 MCS12	 41.8	97.1	 100.0	 46(	| 0.562500	 1.000000	 1.000000 |	-65	 11.414399
HT20/LGI	 T	 MCS12	 42.1	97.8	 100.0	 63(	| 0.000000	 1.000000	 1.000000 |	-63	 11.471637
HT20/LGI	 T	 MCS12	 42.2	98.1	 97.2	 36(	| 0.000000	 1.000000	 -nan |	-64	 11.579021
HT20/LGI	 T	 MCS12	 42.2	98.0	 95.3	 61(	| 0.000000	 1.000000	 1.000000 |	-61	 11.733919
HT20/LGI	 T	 MCS12	 42.3	98.1	 98.5	 69(	| 0.000000	 1.000000	 1.000000 |	-62	 11.783423
HT20/LGI	 T	 MCS12	 23.0	53.5	 84.1	 53(	| 0.000000	 1.000000	 1.000000 |	-71	 14.778894
HT20/LGI	 T	 MCS12	 20.4	47.4	 76.5	 49(	| 0.000000	 1.000000	 1.000000 |	-74	 15.047373
