HT20/LGI	 T	 MCS15	 51.3	94.5	 94.6	 107(113)	| 0.948148	 1.000000	 1.000000 |	-27	 1.063800
HT20/LGI	 T	 MCS15	 46.2	85.1	 59.4	 66(111)	| 0.333333	 1.000000	 1.000000 |	-32	 2.797578
HT20/LGI	 T	 MCS15	 44.2	81.5	 87.5	 134(153)	| 0.825000	 1.000000	 1.000000 |	-31	 2.952971
HT20/LGI	 T	 MCS15	 41.5	76.4	 78.2	 72(	| 0.600000	 1.000000	 1.000000 |	-38	 3.107153
HT20/LGI	 T	 MCS15	 42.4	78.0	 83.0	 118(142)	| 0.428571	 1.000000	 1.000000 |	-40	 3.160892
HT20/LGI	 T	 MCS15	 40.9	75.4	 89.8	 133(148)	| 0.454545	 1.000000	 1.000000 |	-41	 3.319174
HT20/LGI	 T	 MCS15	 51.0	93.9	 96.4	 134(139)	| 0.978571	 1.000000	 1.000000 |	-45	 4.000839
HT20/LGI	 T	 MCS15	 51.0	93.9	 94.1	 112(119)	| 0.943396	 1.000000	 1.000000 |	-39	 4.050117
HT20/LGI	 T	 MCS15	 51.7	95.1	 90.7	 128(141)	| 0.875000	 1.000000	 1.000000 |	-43	 4.415215
HT20/LGI	 T	 MCS15	 48.7	89.6	 71.1	 74(104)	| 0.777778	 1.000000	 1.000000 |	-46	 5.728797
HT20/LGI	 T	 MCS15	 47.3	87.1	 91.2	 115(126)	| 0.968421	 1.000000	 1.000000 |	-49	 7.877697
HT20/LGI	 T	 MCS15	 32.9	60.5	 23.8	 10(	| 0.400000	 1.000000	 1.000000 |	-49	 8.032515
HT20/LGI	 MCS15	 0.0	 1.0	0.0	 0(	 20)	| 0.000000	 1.000000	 1.000000 |	-66	 10.268413
HT20/LGI	 MCS15	 0.0	 0.3	0.0	 0(	 21)	| 0.000000	 1.000000	 1.000000 |	-68	 10.589097
HT20/LGI	 MCS15	 0.0	 0.0	0.0	 0(	 21)	| 0.000000	 1.000000	 1.000000 |	-72	 11.307416
HT20/LGI	 MCS15	 0.0	 0.0	0.0	 0(	 21)	| 0.000000	 1.000000	 1.000000 |	-74	 11.341956
HT20/LGI	 MCS15	 0.0	 0.0	0.0	 0(	 20)	| 0.000000	 1.000000	 1.000000 |	-70	 11.401636
HT20/LGI	 MCS15	 0.0	 0.0	0.0	 0(	 21)	| 0.000000	 1.000000	 1.000000 |	-69	 11.456794
HT20/LGI	 MCS15	 0.0	 0.0	0.0	 0(	 20)	| 0.000000	 1.000000	 1.000000 |	-74	 11.507935
HT20/LGI	 MCS15	 0.0	 0.0	0.0	 0(	 21)	| 0.000000	 1.000000	 1.000000 |	-75	 11.608084
HT20/LGI	 MCS15	 0.0	 0.0	0.0	 0(	 19)	| 0.000000	 1.000000	 1.000000 |	-76	 14.071527
HT20/LGI	 MCS15	 0.0	 0.0	0.0	 0(	 20)	| 0.000000	 1.000000	 1.000000 |	-79	 14.904273
HT20/LGI	 MCS15	 0.0	 0.0	0.0	 0(	 20)	| 0.000000	 1.000000	 1.000000 |	-78	 15.268058
HT20/LGI	 MCS15	 0.0	 0.0	0.0	 0(	 20)	| 0.000000	 1.000000	 1.000000 |	-76	 15.955591
HT20/LGI	 MCS15	 0.0	 0.0	0.0	 0(	 20)	| 0.000000	 1.000000	 1.000000 |	-78	 16.048571
HT20/LGI	 MCS15	 0.0	 0.0	0.0	 0(	 20)	| 0.000000	 1.000000	 1.000000 |	-73	 16.307753
HT20/LGI	 MCS15	 0.0	 0.0	0.0	 0(	 20)	| 0.000000	 1.000000	 1.000000 |	-74	 16.621473
HT20/LGI	 MCS15	 0.0	 0.0	0.0	 0(	 20)	| 0.000000	 1.000000	 1.000000 |	-73	 16.934605
HT20/LGI	 MCS15	 0.0	 0.0	0.0	 0(	 21)	| 0.000000	 1.000000	 1.000000 |	-73	 17.089476
HT20/LGI	 MCS15	 0.0	 0.0	0.0	 0(	 20)	| 0.000000	 1.000000	 1.000000 |	-73	 17.556335
HT20/LGI	 MCS15	 0.0	 0.0	0.0	 0(	 20)	| 0.000000	 1.000000	 1.000000 |	-65	 18.387896
HT20/LGI	 MCS15	 0.0	 0.0	0.0	 0(	 21)	| 0.000000	 1.000000	 1.000000 |	-66	 18.753370
HT20/LGI	 MCS15	 0.0	 4.5	0.0	 0(	 20)	| 0.000000	 1.000000	 1.000000 |	-59	 20.519978
HT20/LGI	 T	 MCS15	 11.2	20.7	 18.0	 11(	| 0.250000	 1.000000	 1.000000 |	-57	 21.222296
HT20/LGI	 T	 MCS15	 8.8	16.2	 2.6	 1(	| 0.000000	 1.000000	 1.000000 |	-60	 21.271620
HT20/LGI	 T	 MCS15	 16.9	31.2	 1.9	 1(	| 0.000000	 1.000000	 1.000000 |	-50	 22.654285
HT20/LGI	 T	 MCS15	 20.9	38.4	 60.2	 56(	| 0.333333	 1.000000	 1.000000 |	-50	 22.711252
HT20/LGI	 T	 MCS15	 13.1	24.1	 10.7	 6(	| 0.250000	 1.000000	 1.000000 |	-53	 22.974113
HT20/LGI	 T	 MCS15	 12.0	22.0	 15.8	 10(	| 0.000000	 1.000000	 1.000000 |	-55	 23.026749
HT20/LGI	 T	 MCS15	 12.0	22.2	 22.7	 15(	| 0.333333	 1.000000	 1.000000 |	-55	 23.074583
HT20/LGI	 T	 MCS15	 21.5	39.6	 27.4	 25(	| 0.000000	 1.000000	 1.000000 |	-53	 23.231777
HT20/LGI	 T	 MCS15	 16.1	29.7	 0.0	 0(	| 0.000000	 1.000000	 1.000000 |	-55	 23.284214
HT20/LGI	 T	 MCS15	 13.8	25.4	 0.0	 0(	| 0.000000	 1.000000	 1.000000 |	-55	 23.554462
HT20/LGI	 T	 MCS15	 10.3	19.0	 0.0	 0(	| 0.000000	 1.000000	 1.000000 |	-57	 23.605803
HT20/LGI	 MCS15	 0.0	 2.5	0.0	 0(	 37)	| 0.000000	 1.000000	 1.000000 |	-65	 23.995275
HT20/LGI	 MCS15	 0.0	 0.4	0.0	 0(	 20)	| 0.000000	 1.000000	 1.000000 |	-66	 24.308165
HT20/LGI	 MCS15	 0.0	 0.1	0.0	 0(	 20)	| 0.000000	 1.000000	 1.000000 |	-70	 24.568861
HT20/LGI	 MCS15	 0.0	 0.0	0.0	 0(	 19)	| 0.000000	 1.000000	 1.000000 |	-65	 24.828648
HT20/LGI	 MCS15	 0.0	 0.0	0.0	 0(	 19)	| 0.000000	 1.000000	 1.000000 |	-63	 24.984030
HT20/LGI	 MCS15	 0.0	 0.0	0.0	 0(	 21)	| 0.000000	 1.000000	 1.000000 |	-69	 25.243629
HT20/LGI	 MCS15	 0.0	 0.0	0.0	 0(	 20)	| 0.000000	 1.000000	 1.000000 |	-67	 25.296083
HT20/LGI	 MCS15	 0.0	 0.0	0.0	 0(	 21)	| 0.000000	 1.000000	 1.000000 |	-72	 25.400440
HT20/LGI	 MCS15	 0.0	 0.0	0.0	 0(	 20)	| 0.000000	 1.000000	 1.000000 |	-75	 25.556505
HT20/LGI	 MCS15	 0.0	 0.0	0.0	 0(	 20)	| 0.000000	 1.000000	 1.000000 |	-71	 25.816565
HT20/LGI	 MCS15	 0.0	 0.0	0.0	 0(	 20)	| 0.000000	 1.000000	 1.000000 |	-76	 25.971743
HT20/LGI	 MCS15	 0.0	 0.0	0.0	 0(	 21)	| 0.000000	 1.000000	 1.000000 |	-74	 26.444662
HT20/LGI	 MCS15	 0.0	 0.0	0.0	 0(	 21)	| 0.000000	 1.000000	 1.000000 |	-75	 26.911888
HT20/LGI	 MCS15	 0.0	 0.0	0.0	 0(	 20)	| 0.000000	 1.000000	 1.000000 |	-78	 27.220234
HT20/LGI	 MCS15	 0.0	 0.0	0.0	 0(	 21)	| 0.000000	 1.000000	 1.000000 |	-76	 27.688805
HT20/LGI	 MCS15	 0.0	 0.0	0.0	 0(	 21)	| 0.000000	 1.000000	 1.000000 |	-75	 28.936922
HT20/LGI	 MCS15	 0.0	 0.0	0.0	 0(	 21)	| 0.000000	 1.000000	 1.000000 |	-80	 29.250025
HT20/LGI	 MCS15	 0.0	 0.0	0.0	 0(	 21)	| 0.000000	 1.000000	 1.000000 |	-76	 30.134218
HT20/LGI	 MCS15	 0.0	 0.0	0.0	 0(	 21)	| 0.000000	 1.000000	 1.000000 |	-79	 30.293329
HT20/LGI	 MCS15	 0.0	 0.0	0.0	 0(	 21)	| 0.000000	 1.000000	 1.000000 |	-79	 30.500757
HT20/LGI	 MCS15	 0.0	 0.0	0.0	 0(	 20)	| 0.000000	 1.000000	 1.000000 |	-80	 30.551298
HT20/LGI	 MCS15	 0.0	 0.0	0.0	 0(	 19)	| 0.000000	 1.000000	 1.000000 |	-83	 31.696566
HT20/LGI	 MCS15	 0.0	 0.0	0.0	 0(	 19)	| 0.000000	 1.000000	 1.000000 |	-84	 33.939831
