-34	 0.976000	 1.000000	 1.000000	 0.096113
-30	 0.985646	 1.000000	 1.000000	 0.261759
-32	 0.991202	 1.000000	 1.000000	 0.517322
-25	 0.973094	 1.000000	 1.000000	 0.610219
-27	 0.985294	 1.000000	 1.000000	 0.793309
-27	 0.981763	 1.000000	 1.000000	 0.918866
-29	 0.987976	 1.000000	 1.000000	 1.107687
-30	 0.976096	 1.000000	 1.000000	 1.218373
-28	 0.980723	 1.000000	 1.000000	 1.379489
-32	 0.983871	 1.000000	 1.000000	 1.528836
-31	 0.962500	 1.000000	 1.000000	 1.591674
-32	 0.975309	 1.000000	 1.000000	 1.682715
-34	 0.970443	 1.000000	 1.000000	 1.758743
-35	 0.982759	 1.000000	 1.000000	 1.905806
-35	 0.973568	 1.000000	 1.000000	 2.024989
-35	 0.989189	 1.000000	 1.000000	 2.243104
-36	 0.966292	 1.000000	 1.000000	 2.313416
-35	 0.500000	 1.000000	 1.000000	 2.325051
-34	 0.925000	 1.000000	 1.000000	 2.357008
-31	 0.988528	 1.000000	 1.000000	 2.563136
-33	 0.975000	 1.000000	 1.000000	 2.657221
-36	 0.976744	 1.000000	 1.000000	 2.775306
-29	 0.971014	 1.000000	 1.000000	 2.863104
-32	 0.965517	 1.000000	 1.000000	 2.928233
-34	 0.970588	 1.000000	 1.000000	 3.012703
-35	 0.982196	 1.000000	 1.000000	 3.145050
-33	 0.979167	 1.000000	 1.000000	 3.255623
-32	 0.971774	 1.000000	 1.000000	 3.349680
-33	 0.961538	 1.000000	 1.000000	 3.408511
-33	 0.970149	 1.000000	 1.000000	 3.484578
-34	 0.950413	 1.000000	 1.000000	 3.530729
-34	 0.906250	 1.000000	 1.000000	 3.562200
-31	 0.823529	 1.000000	 1.000000	 3.578133
-36	 0.983425	 1.000000	 1.000000	 3.721635
-37	 0.952381	 1.000000	 1.000000	 3.772282
-43	 0.990669	 1.000000	 1.000000	 4.023249
-42	 0.977186	 1.000000	 1.000000	 4.124470
-41	 0.981651	 1.000000	 1.000000	 4.252587
-43	 0.984848	 1.000000	 1.000000	 4.403675
-41	 0.969849	 1.000000	 1.000000	 4.478657
-43	 0.982659	 1.000000	 1.000000	 4.623321
-29	 0.985330	 1.000000	 1.000000	 4.792370
-39	 0.986871	 1.000000	 1.000000	 4.979133
-38	 0.987976	 1.000000	 1.000000	 5.206973
-39	 0.958904	 1.000000	 1.000000	 5.272365
-38	 0.972973	 1.000000	 1.000000	 5.357372
-37	 0.928571	 1.000000	 1.000000	 5.391677
-45	 0.984252	 1.000000	 1.000000	 5.535035
-46	 0.975000	 1.000000	 1.000000	 5.627505
-48	 0.975610	 1.000000	 1.000000	 5.719642
-48	 0.987288	 1.000000	 1.000000	 5.897529
-43	 0.976923	 1.000000	 1.000000	 5.996401
-47	 0.971154	 1.000000	 1.000000	 6.076263
-47	 0.968750	 1.000000	 1.000000	 6.148666
-48	 0.973214	 1.000000	 1.000000	 6.231797
-47	 0.962025	 1.000000	 1.000000	 6.292441
-44	 0.984925	 1.000000	 1.000000	 6.445202
-42	 0.965909	 1.000000	 1.000000	 6.511676
-48	 0.978495	 1.000000	 1.000000	 6.616687
-48	 0.981073	 1.000000	 1.000000	 6.737096
-42	 0.973333	 1.000000	 1.000000	 6.821618
-43	 0.963855	 1.000000	 1.000000	 6.887762
-52	 0.977941	 1.000000	 1.000000	 6.990185
-48	 0.977012	 1.000000	 1.000000	 7.096869
-43	 0.927711	 1.000000	 1.000000	 7.130496
-47	 0.966667	 1.000000	 1.000000	 7.200152
-47	 0.928571	 1.000000	 1.000000	 7.233255
-50	 0.972727	 1.000000	 1.000000	 7.319310
-54	 0.974790	 1.000000	 1.000000	 7.412351
-49	 0.975510	 1.000000	 1.000000	 7.507813
-48	 0.975309	 1.000000	 1.000000	 7.603051
-49	 0.976190	 1.000000	 1.000000	 7.699264
-51	 0.956204	 1.000000	 1.000000	 7.754345
-53	 0.969388	 1.000000	 1.000000	 7.829966
-50	 0.984848	 1.000000	 1.000000	 7.985685
-50	 0.979933	 1.000000	 1.000000	 8.099269
-51	 0.966851	 1.000000	 1.000000	 8.169725
-51	 0.960265	 1.000000	 1.000000	 8.227725
-49	 0.968912	 1.000000	 1.000000	 8.298752
-49	 0.988528	 1.000000	 1.000000	 8.558753
-51	 0.947826	 1.000000	 1.000000	 8.605986
-55	 0.967568	 1.000000	 1.000000	 8.683408
-52	 0.949580	 1.000000	 1.000000	 8.728870
-51	 0.962264	 1.000000	 1.000000	 8.790618
-51	 0.974684	 1.000000	 1.000000	 8.883661
-52	 0.963190	 1.000000	 1.000000	 8.947810
-53	 0.972350	 1.000000	 1.000000	 9.033158
-54	 0.977778	 1.000000	 1.000000	 9.133297
-54	 0.983425	 1.000000	 1.000000	 9.268727
-56	 0.914286	 1.000000	 1.000000	 9.298700
-55	 0.979730	 1.000000	 1.000000	 9.415502
-55	 0.929412	 1.000000	 1.000000	 9.454436
-54	 0.890909	 1.000000	 1.000000	 9.476951
-52	 0.947826	 1.000000	 1.000000	 9.521088
-52	 0.944444	 1.000000	 1.000000	 9.569157
-55	 0.853659	 1.000000	 1.000000	 9.586714
-55	 0.850000	 1.000000	 1.000000	 9.605825
-57	 0.955224	 1.000000	 1.000000	 9.659470
-57	 0.963190	 1.000000	 1.000000	 9.722318
-54	 0.948718	 1.000000	 1.000000	 9.767760
-55	 0.966851	 1.000000	 1.000000	 9.838147
-54	 0.958621	 1.000000	 1.000000	 9.895334
-54	 0.917808	 1.000000	 1.000000	 9.924380
-57	 0.925926	 1.000000	 1.000000	 9.957876
-57	 0.666667	 1.000000	 1.000000	 9.967038
-58	 0.892857	 1.000000	 1.000000	 9.991450
-56	 0.973451	 1.000000	 1.000000	 10.080011
-56	 0.880000	 1.000000	 1.000000	 10.102433
-58	 0.647059	 1.000000	 1.000000	 10.111578
-62	 0.918919	 1.000000	 1.000000	 10.141319
-61	 0.793103	 1.000000	 1.000000	 10.154177
-60	 0.925000	 1.000000	 1.000000	 10.188041
-60	 0.250000	 1.000000	 1.000000	 10.203043
-57	 0.958042	 1.000000	 1.000000	 10.257354
-56	 0.981424	 1.000000	 1.000000	 10.381032
-59	 0.857143	 1.000000	 1.000000	 10.406391
-60	 0.866667	 1.000000	 1.000000	 10.426152
-59	 0.851064	 1.000000	 1.000000	 10.449150
-60	 0.730769	 1.000000	 1.000000	 10.464925
-57	 0.949580	 1.000000	 1.000000	 10.509956
-58	 0.857143	 1.000000	 1.000000	 10.528822
-62	 0.866667	 1.000000	 1.000000	 10.548362
-61	 0.860465	 1.000000	 1.000000	 10.565738
-57	 0.962025	 1.000000	 1.000000	 10.627368
-60	 0.894737	 1.000000	 1.000000	 10.651207
-62	 0.820513	 1.000000	 1.000000	 10.669758
-60	 0.971014	 1.000000	 1.000000	 10.774792
-54	 0.892857	 1.000000	 1.000000	 10.797483
-63	 0.739130	 1.000000	 1.000000	 10.809347
-64	 0.142857	 1.000000	 1.000000	 10.833320
-61	 0.454545	 1.000000	 1.000000	 10.844345
-62	 0.142857	 1.000000	 1.000000	 10.861213
-60	 0.600000	 1.000000	 1.000000	 10.878669
-60	 0.926829	 1.000000	 1.000000	 10.910947
-61	 0.872340	 1.000000	 1.000000	 10.931074
-61	 0.853659	 1.000000	 1.000000	 10.950396
-60	 0.777778	 1.000000	 1.000000	 10.962879
-59	 0.907692	 1.000000	 1.000000	 10.990415
-60	 0.882353	 1.000000	 1.000000	 11.012695
-62	 0.952000	 1.000000	 1.000000	 11.062404
-64	 0.695652	 1.000000	 1.000000	 11.073173
-62	 0.400000	 1.000000	 1.000000	 11.081191
-62	 0.333333	 1.000000	 1.000000	 11.086599
-64	 0.400000	 1.000000	 1.000000	 11.092697
-63	 0.875000	 1.000000	 1.000000	 11.110954
-62	 0.914286	 1.000000	 1.000000	 11.149994
-63	 0.000000	 1.000000	 1.000000	 11.154131
-63	 0.000000	 1.000000	 1.000000	 11.159139
-63	 0.000000	 1.000000	 1.000000	 11.163878
-63	 0.000000	 1.000000	 -nan	 11.168834
-61	 0.000000	 1.000000	 1.000000	 11.173724
-61	 0.142857	 1.000000	 1.000000	 11.178678
-61	 0.000000	 1.000000	 1.000000	 11.183507
-61	 0.250000	 1.000000	 1.000000	 11.188362
-62	 0.769231	 1.000000	 1.000000	 11.200639
-64	 0.930233	 1.000000	 1.000000	 11.235038
-63	 0.954198	 1.000000	 1.000000	 11.287318
-62	 0.777778	 1.000000	 1.000000	 11.303353
-62	 0.681818	 1.000000	 1.000000	 11.315487
-64	 0.684211	 1.000000	 1.000000	 11.324672
-64	 0.930693	 1.000000	 1.000000	 11.365377
-64	 0.250000	 1.000000	 1.000000	 11.371627
-65	 0.000000	 1.000000	 1.000000	 11.376381
-65	 0.142857	 1.000000	 1.000000	 11.381195
-65	 0.500000	 1.000000	 1.000000	 11.388434
-66	 0.666667	 1.000000	 1.000000	 11.399412
-66	 0.600000	 1.000000	 -nan	 11.406789
-65	 0.562500	 1.000000	 1.000000	 11.414399
-65	 0.454545	 1.000000	 1.000000	 11.422207
-65	 0.083333	 1.000000	 1.000000	 11.431245
-64	 0.000000	 1.000000	 1.000000	 11.435853
-63	 0.000000	 1.000000	 1.000000	 11.443942
-63	 0.250000	 1.000000	 1.000000	 11.450038
-63	 0.200000	 1.000000	 -nan	 11.455973
-63	 0.250000	 1.000000	 1.000000	 11.461968
-63	 0.142857	 1.000000	 1.000000	 11.466791
-63	 0.000000	 1.000000	 1.000000	 11.471637
-62	 0.625000	 1.000000	 1.000000	 11.478776
-62	 0.914286	 1.000000	 1.000000	 11.513799
-63	 0.333333	 1.000000	 1.000000	 11.519358
-62	 0.454545	 1.000000	 1.000000	 11.525657
-63	 0.454545	 1.000000	 1.000000	 11.532531
-63	 0.222222	 1.000000	 1.000000	 11.537871
-63	 0.500000	 1.000000	 1.000000	 11.545261
-64	 0.859649	 1.000000	 1.000000	 11.570433
-64	 0.000000	 1.000000	 -nan	 11.579021
-64	 0.000000	 1.000000	 1.000000	 11.583620
-64	 0.000000	 1.000000	 1.000000	 11.588200
-64	 0.000000	 1.000000	 -nan	 11.592622
-62	 0.250000	 1.000000	 1.000000	 11.598171
-61	 0.333333	 1.000000	 1.000000	 11.603662
-62	 0.250000	 1.000000	 1.000000	 11.609075
-60	 0.760000	 1.000000	 1.000000	 11.620145
-61	 0.666667	 1.000000	 1.000000	 11.629412
-60	 0.400000	 1.000000	 1.000000	 11.635040
-61	 0.684211	 1.000000	 1.000000	 11.645710
-61	 0.666667	 1.000000	 1.000000	 11.654487
-65	 0.823529	 1.000000	 1.000000	 11.669266
-61	 0.300000	 1.000000	 1.000000	 11.675872
-62	 0.600000	 1.000000	 1.000000	 11.683737
-63	 0.125000	 1.000000	 1.000000	 11.689506
-63	 0.142857	 1.000000	 1.000000	 11.694424
-63	 0.000000	 1.000000	 1.000000	 11.702839
-60	 0.142857	 1.000000	 1.000000	 11.709362
-61	 0.142857	 1.000000	 1.000000	 11.714702
-61	 0.000000	 1.000000	 1.000000	 11.720268
-62	 0.000000	 1.000000	 1.000000	 11.726054
-61	 0.000000	 1.000000	 1.000000	 11.733919
-61	 0.000000	 1.000000	 1.000000	 11.739300
-61	 0.000000	 1.000000	 1.000000	 11.744049
-61	 0.000000	 1.000000	 1.000000	 11.748823
-61	 0.000000	 1.000000	 1.000000	 11.753484
-61	 0.000000	 1.000000	 1.000000	 11.757852
-61	 0.000000	 1.000000	 -nan	 11.762056
-62	 0.000000	 1.000000	 1.000000	 11.767664
-63	 0.000000	 1.000000	 1.000000	 11.772736
-61	 0.142857	 1.000000	 1.000000	 11.777492
-62	 0.000000	 1.000000	 1.000000	 11.783423
-63	 0.066667	 1.000000	 1.000000	 11.816637
-63	 0.806452	 1.000000	 1.000000	 11.831411
-63	 0.333333	 1.000000	 1.000000	 11.837461
-63	 0.000000	 1.000000	 1.000000	 11.841816
-63	 0.142857	 1.000000	 1.000000	 11.846799
-62	 0.000000	 1.000000	 1.000000	 11.851839
-65	 0.000000	 1.000000	 1.000000	 11.856999
-65	 0.142857	 1.000000	 1.000000	 11.862332
-64	 0.000000	 1.000000	 1.000000	 11.867280
-65	 0.142857	 1.000000	 1.000000	 11.872471
-65	 0.111111	 1.000000	 1.000000	 11.878936
-64	 0.000000	 1.000000	 1.000000	 11.906323
-65	 0.000000	 1.000000	 1.000000	 11.923009
-65	 0.000000	 1.000000	 1.000000	 11.962762
-64	 0.000000	 1.000000	 1.000000	 11.971336
-64	 0.000000	 1.000000	 1.000000	 11.988904
-63	 0.000000	 1.000000	 1.000000	 12.005399
-64	 0.000000	 1.000000	 1.000000	 12.010807
-64	 0.000000	 1.000000	 1.000000	 12.015641
-65	 0.000000	 1.000000	 1.000000	 12.027917
-65	 0.000000	 1.000000	 1.000000	 12.040115
-65	 0.000000	 1.000000	 1.000000	 12.047913
-68	 0.000000	 1.000000	 1.000000	 12.084542
-69	 0.000000	 1.000000	 1.000000	 12.170759
-70	 0.000000	 1.000000	 1.000000	 12.175148
-69	 0.000000	 1.000000	 1.000000	 12.207512
-70	 0.000000	 1.000000	 1.000000	 12.233152
-68	 0.000000	 1.000000	 1.000000	 12.265089
-66	 0.000000	 1.000000	 1.000000	 12.313127
-68	 0.000000	 1.000000	 1.000000	 12.364944
-69	 0.000000	 1.000000	 1.000000	 12.382437
-71	 0.000000	 1.000000	 1.000000	 12.415266
-70	 0.000000	 1.000000	 1.000000	 12.425678
-69	 0.000000	 1.000000	 1.000000	 12.444890
-71	 0.000000	 1.000000	 1.000000	 12.460104
-71	 0.000000	 1.000000	 1.000000	 12.491960
-73	 0.000000	 1.000000	 1.000000	 12.545017
-71	 0.000000	 1.000000	 1.000000	 12.805945
-69	 0.000000	 1.000000	 1.000000	 12.821637
-73	 0.000000	 1.000000	 1.000000	 12.844803
-71	 0.000000	 1.000000	 1.000000	 12.912361
-70	 0.000000	 1.000000	 1.000000	 12.937611
-69	 0.000000	 1.000000	 1.000000	 12.947207
-72	 0.000000	 1.000000	 1.000000	 12.991480
-73	 0.000000	 1.000000	 1.000000	 13.077508
-68	 0.000000	 1.000000	 1.000000	 13.084303
-74	 0.000000	 1.000000	 1.000000	 13.095140
-71	 0.000000	 1.000000	 1.000000	 13.176146
-71	 0.000000	 1.000000	 1.000000	 13.180485
-72	 0.000000	 1.000000	 1.000000	 13.235449
-71	 0.000000	 1.000000	 1.000000	 13.329935
-73	 0.000000	 1.000000	 1.000000	 13.428435
-72	 0.000000	 1.000000	 1.000000	 13.445028
-73	 0.000000	 1.000000	 1.000000	 13.547223
-72	 0.000000	 1.000000	 1.000000	 13.660029
-72	 0.000000	 1.000000	 1.000000	 13.708605
-73	 0.000000	 1.000000	 1.000000	 13.723745
-72	 0.000000	 1.000000	 1.000000	 13.825358
-73	 0.000000	 1.000000	 1.000000	 13.835686
-71	 0.000000	 1.000000	 1.000000	 13.884171
-69	 0.000000	 1.000000	 1.000000	 13.904217
-72	 0.000000	 1.000000	 1.000000	 13.932442
-74	 0.000000	 1.000000	 1.000000	 13.965666
-72	 0.000000	 1.000000	 1.000000	 14.110305
-70	 0.000000	 1.000000	 1.000000	 14.226243
-70	 0.000000	 1.000000	 1.000000	 14.233488
-69	 0.000000	 1.000000	 1.000000	 14.243503
-68	 0.000000	 1.000000	 1.000000	 14.322887
-70	 0.000000	 1.000000	 1.000000	 14.352963
-73	 0.000000	 1.000000	 1.000000	 14.609511
-73	 0.000000	 1.000000	 1.000000	 14.660728
-71	 0.000000	 1.000000	 1.000000	 14.774525
-71	 0.000000	 1.000000	 1.000000	 14.778894
-73	 0.000000	 1.000000	 1.000000	 14.789005
-73	 0.000000	 1.000000	 1.000000	 14.796101
-73	 0.000000	 1.000000	 1.000000	 14.805240
-72	 0.000000	 1.000000	 1.000000	 14.814159
-73	 0.000000	 1.000000	 1.000000	 15.024602
-74	 0.000000	 1.000000	 1.000000	 15.047373
-71	 0.000000	 1.000000	 1.000000	 15.144164
-72	 0.000000	 1.000000	 1.000000	 15.220627
-69	 0.000000	 1.000000	 1.000000	 15.264396
-70	 0.000000	 1.000000	 1.000000	 15.299188
-72	 0.000000	 1.000000	 1.000000	 15.322932
-73	 0.000000	 1.000000	 1.000000	 15.376698
-73	 0.000000	 1.000000	 1.000000	 15.518341
-75	 0.000000	 1.000000	 1.000000	 16.020382
-74	 0.000000	 1.000000	 1.000000	 16.190870
-76	 0.000000	 1.000000	 1.000000	 17.069901
-76	 0.000000	 1.000000	 1.000000	 17.201639
-72	 0.000000	 1.000000	 1.000000	 17.247414
-76	 0.000000	 1.000000	 1.000000	 17.275112
-78	 0.000000	 1.000000	 1.000000	 17.352119
-76	 0.000000	 1.000000	 1.000000	 17.408070
-77	 0.000000	 1.000000	 1.000000	 17.581169
-74	 0.000000	 1.000000	 1.000000	 17.599133
-73	 0.000000	 1.000000	 1.000000	 17.851692
-74	 0.000000	 1.000000	 1.000000	 17.984352
-74	 0.000000	 1.000000	 1.000000	 18.027365
-72	 0.000000	 1.000000	 1.000000	 18.055119
-72	 0.000000	 1.000000	 1.000000	 18.108450
-71	 0.000000	 1.000000	 1.000000	 18.395729
-69	 0.000000	 1.000000	 1.000000	 18.431753
-72	 0.000000	 1.000000	 1.000000	 18.563543
-70	 0.000000	 1.000000	 1.000000	 18.721531
-68	 0.000000	 1.000000	 1.000000	 18.748043
-72	 0.000000	 1.000000	 1.000000	 18.862720
-72	 0.000000	 1.000000	 1.000000	 18.893963
-69	 0.000000	 1.000000	 1.000000	 18.954981
-66	 0.000000	 1.000000	 1.000000	 19.009260
-67	 0.000000	 1.000000	 1.000000	 19.100748
-68	 0.000000	 1.000000	 1.000000	 19.174894
-69	 0.000000	 1.000000	 1.000000	 19.205576
-70	 0.000000	 1.000000	 1.000000	 19.573654
-72	 0.000000	 1.000000	 1.000000	 19.737728
-70	 0.000000	 1.000000	 1.000000	 19.822365
-64	 0.000000	 1.000000	 1.000000	 19.897108
-64	 0.000000	 1.000000	 1.000000	 19.934517
-64	 0.000000	 1.000000	 1.000000	 20.006020
-64	 0.000000	 1.000000	 1.000000	 20.050112
-67	 0.000000	 1.000000	 1.000000	 20.110413
-67	 0.000000	 1.000000	 1.000000	 20.179031
-66	 0.000000	 1.000000	 1.000000	 20.282156
-65	 0.571429	 1.000000	 1.000000	 20.299875
-65	 0.571429	 1.000000	 1.000000	 20.318163
-63	 0.700000	 1.000000	 1.000000	 20.339258
-64	 0.600000	 1.000000	 1.000000	 20.359468
-64	 0.714286	 1.000000	 1.000000	 20.379829
-65	 0.714286	 1.000000	 1.000000	 20.400455
-65	 0.500000	 1.000000	 1.000000	 20.413263
-64	 0.740741	 1.000000	 1.000000	 20.425531
-64	 0.730769	 1.000000	 1.000000	 20.438137
-64	 0.250000	 1.000000	 1.000000	 20.444365
-62	 0.666667	 1.000000	 1.000000	 20.455339
-64	 0.000000	 1.000000	 1.000000	 20.503235
-58	 0.000000	 1.000000	 1.000000	 20.561417
-62	 0.142857	 1.000000	 1.000000	 20.591660
-62	 0.500000	 1.000000	 1.000000	 20.600544
-62	 0.538462	 1.000000	 1.000000	 20.634752
-64	 0.000000	 1.000000	 1.000000	 20.690350
-64	 0.000000	 1.000000	 1.000000	 20.731972
-62	 0.000000	 1.000000	 1.000000	 20.772526
-63	 0.000000	 1.000000	 1.000000	 20.829626
-62	 0.000000	 1.000000	 1.000000	 20.883606
-63	 0.000000	 1.000000	 1.000000	 20.933556
-64	 0.000000	 1.000000	 1.000000	 20.984177
-61	 0.000000	 1.000000	 1.000000	 21.036768
-61	 0.000000	 1.000000	 1.000000	 21.090834
-61	 0.000000	 1.000000	 1.000000	 21.118616
-61	 0.000000	 1.000000	 1.000000	 21.136381
-61	 0.000000	 1.000000	 1.000000	 21.152260
-59	 0.000000	 1.000000	 1.000000	 21.167080
-60	 0.000000	 1.000000	 1.000000	 21.183325
-61	 0.000000	 1.000000	 1.000000	 21.197769
-62	 0.000000	 1.000000	 1.000000	 21.213488
-63	 0.000000	 1.000000	 1.000000	 21.228689
-64	 0.000000	 1.000000	 1.000000	 21.244343
-64	 0.000000	 1.000000	 1.000000	 21.259031
-62	 0.000000	 1.000000	 1.000000	 21.274817
-61	 0.000000	 1.000000	 1.000000	 21.290073
-61	 0.000000	 1.000000	 1.000000	 21.304787
-61	 0.000000	 1.000000	 1.000000	 21.319836
-60	 0.000000	 1.000000	 1.000000	 21.335569
-61	 0.000000	 1.000000	 1.000000	 21.350840
-62	 0.000000	 1.000000	 1.000000	 21.366264
-65	 0.000000	 1.000000	 1.000000	 21.382175
-65	 0.000000	 1.000000	 1.000000	 21.397036
-65	 0.000000	 1.000000	 1.000000	 21.412264
-65	 0.000000	 1.000000	 1.000000	 21.428102
-65	 0.000000	 1.000000	 1.000000	 21.443329
-66	 0.000000	 1.000000	 1.000000	 21.458944
-66	 0.000000	 1.000000	 1.000000	 21.473274
-65	 0.000000	 1.000000	 1.000000	 21.490271
-65	 0.142857	 1.000000	 1.000000	 21.504559
-65	 0.250000	 1.000000	 1.000000	 21.521696
-66	 0.000000	 1.000000	 1.000000	 21.537132
-66	 0.000000	 1.000000	 1.000000	 21.552067
-67	 0.000000	 1.000000	 1.000000	 21.567398
-63	 0.000000	 1.000000	 1.000000	 21.583450
-65	 0.000000	 1.000000	 1.000000	 21.599648
-65	 0.000000	 1.000000	 1.000000	 21.614565
-66	 0.000000	 1.000000	 1.000000	 21.629751
-67	 0.000000	 1.000000	 1.000000	 21.645016
-70	 0.000000	 1.000000	 1.000000	 21.662947
-68	 0.000000	 1.000000	 1.000000	 21.677816
-67	 0.000000	 1.000000	 1.000000	 21.693256
-67	 0.000000	 1.000000	 1.000000	 21.708685
-68	 0.000000	 1.000000	 1.000000	 21.724642
-69	 0.000000	 1.000000	 1.000000	 21.739645
-69	 0.000000	 1.000000	 1.000000	 21.755312
-67	 0.000000	 1.000000	 1.000000	 21.770693
-66	 0.000000	 1.000000	 1.000000	 21.785542
-66	 0.000000	 1.000000	 1.000000	 21.802011
-66	 0.000000	 1.000000	 1.000000	 21.817430
-67	 0.000000	 1.000000	 1.000000	 21.832464
-66	 0.000000	 1.000000	 1.000000	 21.847845
-66	 0.000000	 1.000000	 1.000000	 21.863888
-66	 0.000000	 1.000000	 1.000000	 21.878401
-66	 0.000000	 1.000000	 1.000000	 21.894756
-65	 0.000000	 1.000000	 1.000000	 21.909157
-64	 0.000000	 1.000000	 1.000000	 21.924416
-63	 0.000000	 1.000000	 1.000000	 21.939440
-64	 0.000000	 1.000000	 1.000000	 21.955406
-62	 0.000000	 1.000000	 1.000000	 21.969772
-63	 0.000000	 1.000000	 1.000000	 21.985378
-63	 0.000000	 1.000000	 1.000000	 22.001423
-63	 0.000000	 1.000000	 1.000000	 22.015984
-62	 0.142857	 1.000000	 1.000000	 22.031946
-62	 0.000000	 1.000000	 1.000000	 22.047550
-61	 0.000000	 1.000000	 1.000000	 22.062426
-62	 0.000000	 1.000000	 1.000000	 22.077669
-65	 0.250000	 1.000000	 1.000000	 22.093794
-67	 0.935484	 1.000000	 1.000000	 22.138271
-64	 0.952381	 1.000000	 1.000000	 22.194334
-66	 0.888889	 1.000000	 1.000000	 22.219851
-65	 0.000000	 1.000000	 1.000000	 22.276983
-60	 0.866667	 1.000000	 1.000000	 22.320063
-58	 0.866667	 1.000000	 1.000000	 22.340521
-60	 0.777778	 1.000000	 1.000000	 22.352770
-59	 0.931818	 1.000000	 1.000000	 22.388098
-59	 0.882353	 1.000000	 1.000000	 22.410769
-59	 0.927711	 1.000000	 1.000000	 22.447039
-58	 0.714286	 1.000000	 1.000000	 22.457096
-59	 0.898305	 1.000000	 1.000000	 22.481899
-56	 0.907692	 1.000000	 1.000000	 22.508991
-57	 0.968912	 1.000000	 1.000000	 22.614035
-55	 0.975410	 1.000000	 1.000000	 22.706896
-54	 0.957143	 1.000000	 1.000000	 22.762165
-53	 0.954545	 1.000000	 1.000000	 22.813717
-52	 0.760000	 1.000000	 1.000000	 22.826326
-54	 0.894737	 1.000000	 1.000000	 22.850103
-55	 0.700000	 1.000000	 1.000000	 22.861731
-55	 0.922078	 1.000000	 1.000000	 22.892443
-52	 0.964072	 1.000000	 1.000000	 22.963959
-54	 0.963415	 1.000000	 1.000000	 23.027380
-56	 0.972727	 1.000000	 1.000000	 23.112267
-56	 0.625000	 1.000000	 1.000000	 23.121853
-55	 0.846154	 1.000000	 1.000000	 23.138287
-54	 0.978261	 1.000000	 1.000000	 23.242531
-53	 0.931035	 1.000000	 1.000000	 23.276758
-52	 0.818182	 1.000000	 1.000000	 23.291229
-52	 0.955224	 1.000000	 1.000000	 23.343201
-53	 0.958904	 1.000000	 1.000000	 23.402136
-51	 0.973799	 1.000000	 1.000000	 23.492653
-50	 0.866667	 1.000000	 1.000000	 23.512175
-55	 0.952000	 1.000000	 1.000000	 23.559626
-52	 0.943925	 1.000000	 1.000000	 23.603750
-50	 0.967914	 1.000000	 1.000000	 23.676863
-53	 0.571429	 1.000000	 1.000000	 23.697548
-55	 0.833333	 1.000000	 1.000000	 23.714197
-55	 0.976285	 1.000000	 1.000000	 23.816664
-53	 0.962733	 1.000000	 1.000000	 23.878061
-50	 0.983696	 1.000000	 1.000000	 24.015064
-50	 0.972350	 1.000000	 1.000000	 24.099932
-52	 0.951613	 1.000000	 1.000000	 24.148455
-50	 0.964497	 1.000000	 1.000000	 24.215393
-48	 0.974026	 1.000000	 1.000000	 24.303930
-47	 0.930233	 1.000000	 1.000000	 24.339033
-46	 0.571429	 1.000000	 1.000000	 24.348486
-47	 0.250000	 1.000000	 1.000000	 24.372496
-50	 0.600000	 1.000000	 1.000000	 24.382734
-54	 0.904762	 1.000000	 1.000000	 24.409407
-49	 0.960265	 1.000000	 1.000000	 24.478764
-48	 0.250000	 1.000000	 1.000000	 24.499823
-51	 0.950820	 1.000000	 1.000000	 24.554541
-50	 0.943396	 1.000000	 1.000000	 24.603249
-48	 0.571429	 1.000000	 1.000000	 24.630081
-48	 0.964497	 1.000000	 1.000000	 24.698006
-46	 0.945455	 1.000000	 1.000000	 24.740948
-45	 0.968254	 1.000000	 1.000000	 24.813326
-45	 0.896552	 1.000000	 1.000000	 24.837545
-49	 0.975708	 1.000000	 1.000000	 24.931398
-48	 0.800000	 1.000000	 1.000000	 24.944820
-50	 0.916667	 1.000000	 1.000000	 24.974401
-49	 0.975000	 1.000000	 1.000000	 25.067650
-48	 0.931035	 1.000000	 1.000000	 25.102177
-49	 0.950000	 1.000000	 1.000000	 25.149405
-49	 0.940594	 1.000000	 1.000000	 25.198141
-48	 0.625000	 1.000000	 1.000000	 25.208136
-49	 0.842105	 1.000000	 1.000000	 25.226151
-49	 0.739130	 1.000000	 1.000000	 25.238077
-49	 0.925000	 1.000000	 1.000000	 25.271627
-47	 0.986270	 1.000000	 1.000000	 25.438896
-45	 0.963415	 1.000000	 1.000000	 25.502474
-46	 0.948718	 1.000000	 1.000000	 25.545935
-48	 0.970874	 1.000000	 1.000000	 25.626427
-49	 0.980000	 1.000000	 1.000000	 25.741503
-50	 0.940594	 1.000000	 1.000000	 25.781359
-48	 0.948718	 1.000000	 1.000000	 25.830477
-49	 0.142857	 1.000000	 1.000000	 25.867249
-48	 0.500000	 1.000000	 1.000000	 25.876287
-47	 0.666667	 1.000000	 1.000000	 25.886076
-47	 0.777778	 1.000000	 1.000000	 25.897863
-51	 0.769231	 1.000000	 1.000000	 25.909838
-51	 0.925926	 1.000000	 1.000000	 25.941788
-55	 0.980952	 1.000000	 1.000000	 26.096645
-61	 0.979167	 1.000000	 1.000000	 26.206944
-60	 0.923077	 1.000000	 1.000000	 26.238770
-60	 0.853659	 1.000000	 1.000000	 26.256332
-59	 0.863636	 1.000000	 1.000000	 26.274881
-59	 0.947368	 1.000000	 1.000000	 26.319178
-58	 0.944954	 1.000000	 1.000000	 26.361698
-58	 0.944954	 1.000000	 1.000000	 26.404699
-57	 0.952381	 1.000000	 1.000000	 26.454290
-58	 0.842105	 1.000000	 1.000000	 26.471863
-58	 0.681818	 1.000000	 1.000000	 26.483089
-58	 0.625000	 1.000000	 1.000000	 26.493029
-57	 0.333333	 1.000000	 1.000000	 26.500004
-59	 0.823529	 1.000000	 1.000000	 26.516424
-60	 0.739130	 1.000000	 1.000000	 26.528511
-59	 0.600000	 1.000000	 1.000000	 26.537275
-60	 0.785714	 1.000000	 1.000000	 26.549566
-62	 0.571429	 1.000000	 1.000000	 26.558434
-61	 0.750000	 1.000000	 1.000000	 26.569340
-59	 0.142857	 1.000000	 1.000000	 26.576397
-61	 0.250000	 1.000000	 1.000000	 26.588140
-53	 0.333333	 1.000000	 1.000000	 26.601440
-60	 0.000000	 1.000000	 1.000000	 26.646214
-62	 0.538462	 1.000000	 1.000000	 26.678543
-63	 0.932584	 1.000000	 1.000000	 26.715744
-65	 0.000000	 1.000000	 1.000000	 26.766798
-63	 0.000000	 1.000000	 1.000000	 26.821400
-64	 0.000000	 1.000000	 1.000000	 26.867134
-62	 0.000000	 1.000000	 1.000000	 26.921803
-66	 0.000000	 1.000000	 1.000000	 26.971626
-66	 0.000000	 1.000000	 1.000000	 27.025461
-68	 0.000000	 1.000000	 1.000000	 27.082361
-64	 0.000000	 1.000000	 1.000000	 27.126274
-64	 0.000000	 1.000000	 1.000000	 27.153179
-63	 0.000000	 1.000000	 1.000000	 27.197073
-67	 0.000000	 1.000000	 1.000000	 27.244738
-67	 0.250000	 1.000000	 -nan	 27.263498
-65	 0.333333	 1.000000	 1.000000	 27.277660
-66	 0.000000	 1.000000	 1.000000	 27.293352
-64	 0.000000	 1.000000	 1.000000	 27.308470
-64	 0.000000	 1.000000	 1.000000	 27.326859
-64	 0.000000	 1.000000	 1.000000	 27.341827
-63	 0.000000	 1.000000	 1.000000	 27.356819
-63	 0.142857	 1.000000	 1.000000	 27.373102
-64	 0.000000	 1.000000	 1.000000	 27.388166
-65	 0.000000	 1.000000	 1.000000	 27.403692
-67	 0.000000	 1.000000	 1.000000	 27.419104
-69	 0.000000	 1.000000	 1.000000	 27.434792
-68	 0.000000	 1.000000	 1.000000	 27.449804
-68	 0.000000	 1.000000	 1.000000	 27.465633
-67	 0.000000	 1.000000	 1.000000	 27.480429
-66	 0.000000	 1.000000	 1.000000	 27.495266
-68	 0.000000	 1.000000	 1.000000	 27.513725
-66	 0.142857	 1.000000	 1.000000	 27.531219
-69	 0.000000	 1.000000	 1.000000	 27.628517
-69	 0.000000	 1.000000	 1.000000	 27.709238
-67	 0.000000	 1.000000	 1.000000	 27.786501
-68	 0.000000	 1.000000	 1.000000	 27.816687
-71	 0.000000	 1.000000	 1.000000	 27.968521
-72	 0.000000	 1.000000	 1.000000	 28.020752
-69	 0.000000	 1.000000	 1.000000	 28.079872
-70	 0.000000	 1.000000	 1.000000	 28.110678
-70	 0.000000	 1.000000	 1.000000	 28.179266
-70	 0.000000	 1.000000	 1.000000	 28.196911
-71	 0.000000	 1.000000	 1.000000	 28.231390
-66	 0.000000	 1.000000	 1.000000	 28.279858
-71	 0.000000	 1.000000	 1.000000	 28.461535
-72	 0.000000	 1.000000	 1.000000	 28.646185
-72	 0.000000	 1.000000	 1.000000	 28.674374
-74	 0.000000	 1.000000	 1.000000	 28.733042
-71	 0.014085	 1.000000	 1.000000	 28.918036
