-27	 0.968421	 1.000000	 1.000000	 0.082085
-28	 0.961290	 1.000000	 1.000000	 0.146910
-27	 0.970874	 1.000000	 1.000000	 0.241512
-27	 0.978723	 1.000000	 1.000000	 0.365070
-29	 0.977012	 1.000000	 1.000000	 0.476361
-27	 0.972727	 1.000000	 1.000000	 0.569017
-28	 0.922078	 1.000000	 1.000000	 0.605031
-31	 0.981308	 1.000000	 1.000000	 0.749339
-26	 0.968750	 1.000000	 1.000000	 0.842449
-30	 0.984925	 1.000000	 1.000000	 1.033705
-32	 0.977444	 1.000000	 1.000000	 1.155778
-30	 0.984416	 1.000000	 1.000000	 1.315907
-31	 0.982036	 1.000000	 1.000000	 1.452453
-35	 0.986046	 1.000000	 1.000000	 1.638395
-30	 0.973684	 1.000000	 1.000000	 1.733894
-31	 0.956522	 1.000000	 1.000000	 1.800698
-26	 0.985714	 1.000000	 1.000000	 1.992901
-33	 0.968586	 1.000000	 1.000000	 2.075382
-35	 0.968586	 1.000000	 1.000000	 2.154970
-38	 0.979730	 1.000000	 1.000000	 2.280952
-42	 0.975904	 1.000000	 1.000000	 2.397198
-35	 0.983099	 1.000000	 1.000000	 2.558871
-35	 0.916667	 1.000000	 1.000000	 2.590449
-37	 0.973568	 1.000000	 1.000000	 2.684482
-37	 0.977528	 1.000000	 1.000000	 2.798957
-41	 0.972477	 1.000000	 1.000000	 2.891501
-38	 0.961326	 1.000000	 1.000000	 2.969677
-38	 0.952756	 1.000000	 1.000000	 3.026331
-37	 0.970874	 1.000000	 1.000000	 3.120729
-37	 0.974249	 1.000000	 1.000000	 3.226066
-43	 0.983957	 1.000000	 1.000000	 3.394613
-41	 0.977528	 1.000000	 1.000000	 3.509259
-40	 0.982507	 1.000000	 1.000000	 3.686644
-41	 0.960265	 1.000000	 1.000000	 3.755486
-43	 0.972973	 1.000000	 1.000000	 3.865080
-44	 0.984655	 1.000000	 1.000000	 4.029354
-45	 0.980831	 1.000000	 1.000000	 4.159219
-45	 0.986900	 1.000000	 1.000000	 4.358566
-44	 0.978495	 1.000000	 1.000000	 4.479140
-39	 0.988166	 1.000000	 1.000000	 4.688581
-41	 0.983379	 1.000000	 1.000000	 4.838522
-52	 0.988484	 1.000000	 1.000000	 5.060235
-48	 0.936170	 1.000000	 1.000000	 5.101585
-47	 0.980000	 1.000000	 1.000000	 5.230991
-47	 0.982808	 1.000000	 1.000000	 5.376657
-49	 0.985075	 1.000000	 1.000000	 5.544109
-55	 0.982090	 1.000000	 1.000000	 5.684137
-50	 0.980066	 1.000000	 1.000000	 5.812229
-49	 0.952381	 1.000000	 1.000000	 5.867510
-48	 0.930233	 1.000000	 1.000000	 5.906443
-43	 0.988462	 1.000000	 1.000000	 6.119121
-43	 0.980645	 1.000000	 1.000000	 6.251101
-44	 0.953488	 1.000000	 1.000000	 6.306452
-45	 0.943925	 1.000000	 1.000000	 6.352597
-49	 0.979661	 1.000000	 1.000000	 6.512452
-48	 0.983099	 1.000000	 1.000000	 6.666158
-47	 0.974684	 1.000000	 1.000000	 6.767376
-49	 0.987342	 1.000000	 1.000000	 6.966249
-48	 0.975806	 1.000000	 1.000000	 7.073646
-48	 0.977778	 1.000000	 1.000000	 7.186620
-48	 0.976000	 1.000000	 1.000000	 7.293365
-48	 0.956835	 1.000000	 1.000000	 7.352835
-51	 0.964912	 1.000000	 1.000000	 7.426037
-50	 0.980000	 1.000000	 1.000000	 7.551924
-53	 0.986143	 1.000000	 1.000000	 7.766771
-56	 0.963855	 1.000000	 1.000000	 7.842901
-57	 0.976471	 1.000000	 1.000000	 7.947758
-59	 0.986726	 1.000000	 1.000000	 8.142534
-56	 0.974359	 1.000000	 1.000000	 8.243753
-55	 0.981366	 1.000000	 1.000000	 8.379147
-56	 0.900000	 1.000000	 1.000000	 8.406335
-58	 0.983651	 1.000000	 1.000000	 8.560613
-57	 0.960265	 1.000000	 1.000000	 8.627813
-65	 0.984848	 1.000000	 1.000000	 8.795555
-59	 0.975510	 1.000000	 1.000000	 8.901074
-61	 0.971831	 1.000000	 1.000000	 8.993996
-63	 0.953846	 1.000000	 1.000000	 9.049320
-64	 0.960000	 1.000000	 1.000000	 9.114820
-64	 0.967033	 1.000000	 1.000000	 9.194773
-63	 0.968421	 1.000000	 1.000000	 9.280049
-64	 0.981481	 1.000000	 1.000000	 9.420684
-65	 0.955696	 1.000000	 1.000000	 9.488052
-68	 0.964706	 1.000000	 1.000000	 9.562018
-67	 0.922078	 1.000000	 1.000000	 9.597794
-68	 0.944444	 1.000000	 1.000000	 9.645822
-66	 0.946429	 1.000000	 1.000000	 9.698761
-71	 0.964286	 1.000000	 1.000000	 9.773305
-73	 0.727273	 1.000000	 1.000000	 9.789844
-66	 0.983562	 1.000000	 1.000000	 9.945538
-69	 0.915493	 1.000000	 1.000000	 9.975911
-63	 0.976471	 1.000000	 1.000000	 10.083993
-64	 0.965116	 1.000000	 1.000000	 10.160151
-64	 0.981191	 1.000000	 1.000000	 10.293901
-71	 0.980583	 1.000000	 1.000000	 10.429107
-70	 0.901639	 1.000000	 1.000000	 10.457120
-71	 0.333333	 1.000000	 1.000000	 10.475214
-65	 0.937500	 1.000000	 1.000000	 10.524814
-70	 0.965318	 1.000000	 1.000000	 10.600783
-72	 0.961783	 1.000000	 1.000000	 10.680982
-69	 0.333333	 1.000000	 1.000000	 10.718945
-68	 0.142857	 1.000000	 1.000000	 10.765578
-65	 0.837838	 1.000000	 1.000000	 10.785066
-62	 0.952381	 1.000000	 1.000000	 10.839753
-65	 0.963190	 1.000000	 1.000000	 10.911633
-61	 0.000000	 1.000000	 1.000000	 10.957244
-61	 0.956204	 1.000000	 1.000000	 11.018041
-65	 0.932584	 1.000000	 1.000000	 11.065884
-57	 0.000000	 1.000000	 1.000000	 11.116364
-60	 0.947368	 1.000000	 1.000000	 11.178946
-59	 0.877551	 1.000000	 1.000000	 11.223901
-61	 0.000000	 1.000000	 1.000000	 11.276848
-69	 0.500000	 1.000000	 1.000000	 11.303239
-71	 0.818182	 1.000000	 1.000000	 11.345837
-67	 0.929412	 1.000000	 1.000000	 11.389104
-71	 0.930233	 1.000000	 1.000000	 11.429515
-72	 0.000000	 1.000000	 1.000000	 11.479205
-75	 0.142857	 1.000000	 1.000000	 11.504103
-72	 0.000000	 1.000000	 1.000000	 11.557887
-77	 0.000000	 1.000000	 1.000000	 11.616678
-75	 0.647059	 1.000000	 1.000000	 11.626396
-72	 0.869565	 1.000000	 1.000000	 11.647819
-73	 0.700000	 1.000000	 1.000000	 11.662946
-72	 0.961039	 1.000000	 1.000000	 11.730289
-72	 0.454545	 1.000000	 1.000000	 11.751912
-73	 0.907692	 1.000000	 1.000000	 11.780266
-71	 0.837838	 1.000000	 1.000000	 11.839527
-72	 0.684211	 1.000000	 1.000000	 11.861000
-72	 0.914286	 1.000000	 1.000000	 11.894206
-73	 0.700000	 1.000000	 1.000000	 11.925672
-70	 0.727273	 1.000000	 1.000000	 11.937691
-69	 0.892857	 1.000000	 1.000000	 11.982871
-73	 0.952756	 1.000000	 1.000000	 12.055005
-69	 0.886792	 1.000000	 1.000000	 12.079865
-69	 0.892857	 1.000000	 1.000000	 12.106269
-68	 0.901639	 1.000000	 1.000000	 12.136939
-68	 0.250000	 1.000000	 1.000000	 12.146814
-69	 0.931035	 1.000000	 1.000000	 12.186821
-65	 0.929412	 1.000000	 1.000000	 12.225383
-71	 0.896552	 1.000000	 1.000000	 12.281464
-72	 0.760000	 1.000000	 1.000000	 12.300928
-71	 0.928571	 1.000000	 1.000000	 12.339125
-72	 0.954545	 1.000000	 1.000000	 12.397257
-71	 0.936170	 1.000000	 1.000000	 12.440357
-69	 0.898305	 1.000000	 1.000000	 12.499955
-67	 0.142857	 1.000000	 1.000000	 12.540977
-71	 0.976285	 1.000000	 1.000000	 12.674486
-72	 0.918919	 1.000000	 1.000000	 12.709216
-75	 0.250000	 1.000000	 1.000000	 12.735993
-74	 0.956204	 1.000000	 1.000000	 12.798301
-74	 0.714286	 1.000000	 1.000000	 12.843388
-71	 0.942857	 1.000000	 1.000000	 12.891463
-72	 0.913043	 1.000000	 1.000000	 12.958328
-71	 0.647059	 1.000000	 1.000000	 12.979757
-71	 0.909091	 1.000000	 1.000000	 13.021534
-72	 0.894737	 1.000000	 1.000000	 13.063383
-73	 0.000000	 1.000000	 1.000000	 13.092426
-74	 0.800000	 1.000000	 1.000000	 13.109330
-74	 0.882353	 1.000000	 1.000000	 13.135258
-73	 0.454545	 1.000000	 1.000000	 13.175033
-70	 0.000000	 1.000000	 1.000000	 13.224095
-75	 0.785714	 1.000000	 1.000000	 13.242545
-73	 0.860465	 1.000000	 1.000000	 13.285675
-75	 0.894737	 1.000000	 1.000000	 13.320621
-76	 0.250000	 1.000000	 1.000000	 13.354081
-76	 0.000000	 1.000000	 1.000000	 13.405675
-71	 0.000000	 1.000000	 1.000000	 13.465392
-74	 0.000000	 1.000000	 1.000000	 13.520259
-76	 0.000000	 1.000000	 1.000000	 13.551629
-74	 0.000000	 1.000000	 1.000000	 13.605888
-76	 0.000000	 1.000000	 1.000000	 13.660892
-74	 0.000000	 1.000000	 1.000000	 13.708389
-74	 0.000000	 1.000000	 1.000000	 13.762919
-76	 0.000000	 1.000000	 1.000000	 13.805195
-75	 0.000000	 1.000000	 1.000000	 13.845275
-74	 0.000000	 1.000000	 1.000000	 13.879266
-73	 0.454545	 1.000000	 1.000000	 13.892553
-73	 0.000000	 1.000000	 1.000000	 13.907561
-73	 0.000000	 1.000000	 1.000000	 13.923145
-73	 0.000000	 1.000000	 1.000000	 13.938317
-72	 0.857143	 1.000000	 1.000000	 13.968661
-74	 0.000000	 1.000000	 1.000000	 13.986857
-74	 0.000000	 1.000000	 1.000000	 14.001789
-75	 0.000000	 1.000000	 1.000000	 14.031387
-73	 0.142857	 1.000000	 1.000000	 14.085189
-72	 0.666667	 1.000000	 1.000000	 14.105160
-76	 0.000000	 1.000000	 1.000000	 14.152957
-73	 0.900000	 1.000000	 1.000000	 14.188106
-74	 0.857143	 1.000000	 1.000000	 14.212090
-72	 0.806452	 1.000000	 1.000000	 14.238021
-74	 0.454545	 1.000000	 1.000000	 14.269720
-73	 0.872340	 1.000000	 1.000000	 14.311974
-71	 0.714286	 1.000000	 1.000000	 14.328704
-75	 0.930233	 1.000000	 1.000000	 14.398609
-73	 0.900000	 1.000000	 1.000000	 14.443077
-74	 0.886792	 1.000000	 1.000000	 14.479615
-72	 0.000000	 1.000000	 1.000000	 14.534043
-72	 0.886792	 1.000000	 1.000000	 14.579955
-71	 0.400000	 1.000000	 1.000000	 14.621311
-72	 0.927711	 1.000000	 1.000000	 14.670212
-74	 0.000000	 1.000000	 1.000000	 14.724697
-73	 0.890909	 1.000000	 1.000000	 14.774895
-74	 0.000000	 1.000000	 1.000000	 14.792458
-72	 0.400000	 1.000000	 1.000000	 14.810176
-71	 0.000000	 1.000000	 1.000000	 14.826138
-73	 0.142857	 1.000000	 1.000000	 14.879884
-72	 0.142857	 1.000000	 1.000000	 14.929473
-74	 0.647059	 1.000000	 1.000000	 14.942226
-73	 0.000000	 1.000000	 1.000000	 14.990028
-69	 0.000000	 1.000000	 1.000000	 15.046736
-69	 0.000000	 1.000000	 1.000000	 15.090781
-72	 0.000000	 1.000000	 1.000000	 15.139879
-74	 0.000000	 1.000000	 1.000000	 15.194127
-73	 0.500000	 1.000000	 1.000000	 15.233763
-74	 0.806452	 1.000000	 1.000000	 15.255260
-75	 0.000000	 1.000000	 1.000000	 15.270381
-76	 0.000000	 1.000000	 1.000000	 15.286769
-75	 0.000000	 1.000000	 1.000000	 15.302463
-75	 0.000000	 1.000000	 1.000000	 15.317730
-76	 0.000000	 1.000000	 1.000000	 15.333282
-78	 0.000000	 1.000000	 1.000000	 15.348960
-78	 0.000000	 1.000000	 1.000000	 15.364177
-72	 0.000000	 1.000000	 1.000000	 15.400452
-77	 0.000000	 1.000000	 1.000000	 15.456511
-76	 0.000000	 1.000000	 1.000000	 15.503694
-76	 0.000000	 1.000000	 1.000000	 15.546654
-77	 0.000000	 1.000000	 1.000000	 15.564494
-75	 0.000000	 1.000000	 1.000000	 15.585457
-75	 0.000000	 1.000000	 1.000000	 15.605218
-75	 0.000000	 1.000000	 1.000000	 15.621034
-75	 0.000000	 1.000000	 1.000000	 15.637234
-76	 0.000000	 1.000000	 1.000000	 15.652038
-76	 0.000000	 1.000000	 1.000000	 15.669518
-75	 0.000000	 1.000000	 1.000000	 15.682760
-74	 0.000000	 1.000000	 1.000000	 15.698311
-72	 0.000000	 1.000000	 1.000000	 15.714300
-66	 0.000000	 1.000000	 -nan	 15.729320
-71	 0.000000	 1.000000	 1.000000	 15.745644
-72	 0.000000	 1.000000	 1.000000	 15.760574
-72	 0.000000	 1.000000	 -nan	 15.775424
-75	 0.000000	 1.000000	 1.000000	 15.790868
-75	 0.000000	 1.000000	 -nan	 15.806213
-77	 0.000000	 1.000000	 1.000000	 15.821972
-75	 0.000000	 1.000000	 1.000000	 15.837690
-76	 0.000000	 1.000000	 1.000000	 15.853742
-75	 0.000000	 1.000000	 1.000000	 15.868706
-75	 0.000000	 1.000000	 1.000000	 15.884241
-75	 0.500000	 1.000000	 1.000000	 15.901969
-74	 0.700000	 1.000000	 1.000000	 15.923842
-74	 0.828571	 1.000000	 1.000000	 15.951399
-74	 0.000000	 1.000000	 1.000000	 15.967239
-75	 0.000000	 1.000000	 1.000000	 15.982834
-75	 0.000000	 1.000000	 1.000000	 15.998377
-76	 0.000000	 1.000000	 1.000000	 16.013777
-76	 0.000000	 1.000000	 1.000000	 16.032255
-76	 0.000000	 1.000000	 1.000000	 16.076212
-78	 0.000000	 1.000000	 1.000000	 16.131468
-75	 0.000000	 1.000000	 1.000000	 16.183748
-73	 0.000000	 1.000000	 1.000000	 16.239964
-74	 0.000000	 1.000000	 1.000000	 16.283228
-72	 0.900000	 1.000000	 1.000000	 16.317101
-73	 0.500000	 1.000000	 1.000000	 16.335798
-72	 0.333333	 1.000000	 1.000000	 16.355453
-73	 0.886792	 1.000000	 1.000000	 16.380447
-73	 0.000000	 1.000000	 1.000000	 16.399221
-73	 0.914286	 1.000000	 1.000000	 16.438185
-71	 0.907692	 1.000000	 1.000000	 16.478613
-73	 0.962963	 1.000000	 1.000000	 16.568321
-71	 0.769231	 1.000000	 1.000000	 16.603113
-71	 0.920000	 1.000000	 1.000000	 16.673622
-74	 0.884615	 1.000000	 1.000000	 16.722818
-71	 0.750000	 1.000000	 1.000000	 16.746773
-73	 0.806452	 1.000000	 1.000000	 16.770536
-72	 0.842105	 1.000000	 1.000000	 16.804007
-73	 0.760000	 1.000000	 1.000000	 16.839415
-75	 0.825000	 1.000000	 1.000000	 16.885975
-73	 0.739130	 1.000000	 1.000000	 16.901600
-66	 0.800000	 1.000000	 1.000000	 16.943192
-73	 0.869565	 1.000000	 1.000000	 16.987015
-69	 0.926829	 1.000000	 1.000000	 17.043018
-72	 0.142857	 1.000000	 1.000000	 17.089985
-74	 0.142857	 1.000000	 1.000000	 17.133549
-70	 0.916667	 1.000000	 1.000000	 17.174671
-74	 0.952000	 1.000000	 1.000000	 17.229095
-73	 0.931818	 1.000000	 1.000000	 17.267473
-71	 0.962963	 1.000000	 1.000000	 17.339132
-74	 0.961783	 1.000000	 1.000000	 17.406879
-69	 0.963415	 1.000000	 1.000000	 17.482662
-69	 0.945946	 1.000000	 1.000000	 17.531342
-68	 0.972727	 1.000000	 1.000000	 17.625902
-70	 0.931818	 1.000000	 1.000000	 17.665421
-72	 0.947368	 1.000000	 1.000000	 17.714602
-75	 0.769231	 1.000000	 1.000000	 17.741842
-73	 0.863636	 1.000000	 1.000000	 17.765615
-70	 0.934783	 1.000000	 1.000000	 17.806114
-69	 0.769231	 1.000000	 1.000000	 17.826075
-69	 0.500000	 1.000000	 1.000000	 17.841623
-63	 0.454545	 1.000000	 1.000000	 17.875999
-69	 0.625000	 1.000000	 1.000000	 17.886608
-68	 0.333333	 1.000000	 1.000000	 17.907396
-70	 0.142857	 1.000000	 1.000000	 17.952074
-70	 0.000000	 1.000000	 1.000000	 18.008316
-73	 0.892857	 1.000000	 1.000000	 18.035511
-70	 0.974684	 1.000000	 1.000000	 18.137587
-71	 0.938144	 1.000000	 1.000000	 18.181135
-70	 0.967568	 1.000000	 1.000000	 18.260279
-65	 0.978648	 1.000000	 1.000000	 18.414486
-66	 0.962500	 1.000000	 1.000000	 18.488350
-64	 0.906250	 1.000000	 1.000000	 18.556414
-59	 0.125000	 1.000000	 1.000000	 18.583288
-63	 0.600000	 1.000000	 1.000000	 18.592161
-63	 0.956835	 1.000000	 1.000000	 18.651232
-65	 0.965116	 1.000000	 1.000000	 18.725786
-66	 0.978947	 1.000000	 1.000000	 18.846342
-68	 0.944444	 1.000000	 1.000000	 18.895185
-72	 0.869565	 1.000000	 1.000000	 18.918480
-72	 0.684211	 1.000000	 1.000000	 18.930393
-64	 0.977359	 1.000000	 1.000000	 19.042454
-66	 0.969432	 1.000000	 1.000000	 19.139416
-67	 0.961783	 1.000000	 1.000000	 19.209721
-65	 0.965909	 1.000000	 1.000000	 19.284883
-65	 0.967213	 1.000000	 1.000000	 19.371120
-65	 0.970000	 1.000000	 1.000000	 19.458839
-66	 0.948718	 1.000000	 1.000000	 19.510080
-73	 0.957447	 1.000000	 1.000000	 19.571215
-71	 0.927711	 1.000000	 1.000000	 19.610149
-70	 0.979452	 1.000000	 1.000000	 19.734461
-70	 0.222222	 1.000000	 1.000000	 19.758293
-71	 0.953488	 1.000000	 1.000000	 19.814947
-66	 0.956835	 1.000000	 1.000000	 19.874968
-67	 0.969072	 1.000000	 1.000000	 19.960011
-63	 0.977778	 1.000000	 1.000000	 20.077734
-65	 0.961290	 1.000000	 1.000000	 20.144632
-67	 0.938776	 1.000000	 1.000000	 20.191366
-69	 0.943396	 1.000000	 1.000000	 20.254396
-71	 0.875000	 1.000000	 1.000000	 20.278513
-71	 0.571429	 1.000000	 1.000000	 20.288082
-68	 0.958042	 1.000000	 1.000000	 20.352509
-70	 0.860465	 1.000000	 1.000000	 20.372414
-71	 0.812500	 1.000000	 1.000000	 20.411024
-69	 0.968750	 1.000000	 1.000000	 20.493622
-67	 0.933333	 1.000000	 1.000000	 20.533857
-65	 0.949153	 1.000000	 1.000000	 20.584084
-63	 0.982405	 1.000000	 1.000000	 20.730782
-63	 0.974138	 1.000000	 1.000000	 20.831511
-60	 0.977941	 1.000000	 1.000000	 20.948551
-60	 0.984375	 1.000000	 1.000000	 21.113220
-59	 0.984887	 1.000000	 1.000000	 21.281507
-56	 0.972477	 1.000000	 1.000000	 21.373718
-55	 0.977941	 1.000000	 1.000000	 21.488338
-55	 0.985472	 1.000000	 1.000000	 21.662277
-54	 0.939394	 1.000000	 1.000000	 21.709457
-53	 0.969849	 1.000000	 1.000000	 21.795080
-53	 0.974790	 1.000000	 1.000000	 21.897476
-57	 0.980328	 1.000000	 1.000000	 22.025131
-54	 0.976000	 1.000000	 1.000000	 22.141258
-58	 0.965714	 1.000000	 1.000000	 22.215055
-51	 0.976096	 1.000000	 1.000000	 22.321163
-54	 0.940000	 1.000000	 1.000000	 22.369347
-50	 0.962733	 1.000000	 1.000000	 22.438377
-56	 0.976190	 1.000000	 1.000000	 22.544876
-54	 0.984810	 1.000000	 1.000000	 22.712881
-56	 0.966292	 1.000000	 1.000000	 22.789711
-52	 0.968254	 1.000000	 1.000000	 22.877571
-53	 0.986813	 1.000000	 1.000000	 23.071110
-53	 0.965517	 1.000000	 1.000000	 23.145651
-49	 0.823529	 1.000000	 1.000000	 23.164734
-48	 0.964706	 1.000000	 1.000000	 23.237602
-50	 0.972851	 1.000000	 1.000000	 23.331659
-53	 0.962500	 1.000000	 1.000000	 23.399696
-51	 0.952000	 1.000000	 1.000000	 23.454424
-51	 0.962963	 1.000000	 1.000000	 23.524189
-51	 0.976471	 1.000000	 1.000000	 23.629726
-51	 0.968750	 1.000000	 1.000000	 23.714758
-52	 0.973684	 1.000000	 1.000000	 23.811502
-54	 0.958904	 1.000000	 1.000000	 23.875010
-56	 0.985366	 1.000000	 1.000000	 24.048992
-53	 0.978648	 1.000000	 1.000000	 24.171167
-51	 0.917808	 1.000000	 1.000000	 24.204536
-53	 0.400000	 1.000000	 1.000000	 24.226648
-52	 0.777778	 1.000000	 1.000000	 24.240465
-56	 0.967742	 1.000000	 1.000000	 24.320812
-57	 0.949580	 1.000000	 1.000000	 24.371723
-55	 0.965318	 1.000000	 1.000000	 24.448029
-54	 0.977778	 1.000000	 1.000000	 24.566776
-56	 0.400000	 1.000000	 1.000000	 24.576073
-62	 0.953846	 1.000000	 1.000000	 24.645597
-64	 0.969697	 1.000000	 1.000000	 24.731268
-65	 0.968750	 1.000000	 1.000000	 24.813932
-66	 0.957747	 1.000000	 1.000000	 24.876089
-69	 0.937500	 1.000000	 1.000000	 24.938070
-69	 0.823529	 1.000000	 1.000000	 24.958010
-63	 0.987097	 1.000000	 1.000000	 25.154596
-66	 0.978873	 1.000000	 1.000000	 25.278652
-63	 0.979933	 1.000000	 1.000000	 25.404732
-68	 0.958904	 1.000000	 1.000000	 25.486429
-67	 0.946429	 1.000000	 1.000000	 25.537704
-72	 0.952000	 0.688000	 0.751592	 26.334808
-73	 0.758621	 1.000000	 1.000000	 26.353193
-71	 0.960784	 1.000000	 1.000000	 26.424067
-72	 0.500000	 1.000000	 1.000000	 26.435066
-69	 0.920000	 1.000000	 1.000000	 26.468212
-68	 0.984127	 1.000000	 1.000000	 26.637461
-69	 0.938776	 1.000000	 1.000000	 26.681080
-72	 0.666667	 1.000000	 1.000000	 26.693529
-72	 0.454545	 1.000000	 -nan	 26.703638
-67	 0.977612	 1.000000	 1.000000	 26.877661
-69	 0.965116	 1.000000	 1.000000	 26.951532
-69	 0.538462	 1.000000	 1.000000	 26.961910
-70	 0.142857	 1.000000	 1.000000	 27.020447
-66	 0.971154	 1.000000	 1.000000	 27.108437
-67	 0.647059	 1.000000	 1.000000	 27.156773
-68	 0.806452	 -0.870968	 0.256410	 28.004658
-73	 0.892857	 1.000000	 1.000000	 28.029842
-73	 0.684211	 1.000000	 1.000000	 28.058861
-72	 0.853659	 1.000000	 1.000000	 28.078091
-72	 0.785714	 1.000000	 1.000000	 28.091894
-72	 0.846154	 1.000000	 1.000000	 28.111464
-72	 0.625000	 1.000000	 1.000000	 28.129601
-73	 0.000000	 1.000000	 1.000000	 28.170841
-71	 0.750000	 1.000000	 1.000000	 28.188854
-71	 0.647059	 1.000000	 1.000000	 28.213545
-76	 0.000000	 1.000000	 1.000000	 28.265079
-73	 0.388889	 1.000000	 1.000000	 28.303638
-73	 0.142857	 1.000000	 1.000000	 28.346663
-73	 0.930233	 1.000000	 1.000000	 28.397980
-74	 0.684211	 1.000000	 1.000000	 28.435158
-77	 0.000000	 1.000000	 1.000000	 28.483858
-79	 0.000000	 1.000000	 1.000000	 28.534994
-76	 0.000000	 1.000000	 1.000000	 28.584976
-73	 0.000000	 1.000000	 1.000000	 28.628035
-72	 0.222222	 1.000000	 1.000000	 28.639233
-73	 0.142857	 1.000000	 1.000000	 28.670105
-72	 0.000000	 1.000000	 1.000000	 28.731564
-72	 0.000000	 1.000000	 1.000000	 28.793055
-74	 0.000000	 1.000000	 1.000000	 28.838285
-72	 0.333333	 1.000000	 1.000000	 28.855515
-74	 0.000000	 1.000000	 1.000000	 28.881954
-71	 0.142857	 1.000000	 1.000000	 28.930353
-74	 0.250000	 1.000000	 1.000000	 28.942110
-69	 0.890909	 1.000000	 1.000000	 28.979607
-70	 0.000000	 1.000000	 1.000000	 28.995129
-69	 0.000000	 1.000000	 1.000000	 29.009413
-70	 0.000000	 1.000000	 1.000000	 29.025221
-73	 0.000000	 1.000000	 1.000000	 29.041645
-73	 0.000000	 1.000000	 1.000000	 29.057608
-74	 0.000000	 1.000000	 1.000000	 29.072449
-74	 0.000000	 1.000000	 1.000000	 29.121321
-72	 0.000000	 1.000000	 1.000000	 29.160614
-71	 0.000000	 1.000000	 1.000000	 29.197836
-73	 0.000000	 1.000000	 1.000000	 29.234289
-70	 0.000000	 1.000000	 1.000000	 29.255495
-70	 0.000000	 1.000000	 1.000000	 29.275028
-70	 0.000000	 1.000000	 1.000000	 29.292908
-71	 0.700000	 1.000000	 1.000000	 29.313992
-75	 0.947368	 1.000000	 1.000000	 29.367006
-75	 0.000000	 1.000000	 1.000000	 29.412199
-74	 0.000000	 1.000000	 1.000000	 29.445190
-75	 0.142857	 1.000000	 1.000000	 29.482203
-76	 0.000000	 1.000000	 1.000000	 29.534922
-74	 0.000000	 1.000000	 1.000000	 29.579882
-70	 0.800000	 1.000000	 1.000000	 29.606499
-73	 0.896552	 1.000000	 1.000000	 29.635969
-76	 0.000000	 1.000000	 1.000000	 29.657677
-76	 0.000000	 1.000000	 1.000000	 29.689779
-74	 0.461538	 1.000000	 1.000000	 29.717260
-72	 0.870370	 1.000000	 1.000000	 29.764572
-71	 0.333333	 1.000000	 1.000000	 29.771868
-72	 0.500000	 1.000000	 1.000000	 29.784355
-73	 0.333333	 1.000000	 1.000000	 29.817619
-71	 0.000000	 1.000000	 1.000000	 29.874836
-70	 0.892857	 1.000000	 1.000000	 29.907738
-72	 0.250000	 1.000000	 1.000000	 29.945711
-73	 0.947826	 1.000000	 1.000000	 29.999010
-71	 0.538462	 1.000000	 1.000000	 30.012512
-71	 0.500000	 1.000000	 1.000000	 30.025499
-68	 0.857143	 1.000000	 1.000000	 30.047398
-72	 0.877551	 1.000000	 1.000000	 30.084667
-72	 0.000000	 1.000000	 1.000000	 30.146915
-73	 0.000000	 1.000000	 1.000000	 30.188072
-71	 0.647059	 1.000000	 1.000000	 30.200914
-71	 0.000000	 1.000000	 1.000000	 30.234131
-67	 0.250000	 1.000000	 1.000000	 30.266289
-72	 0.571429	 1.000000	 1.000000	 30.283709
-72	 0.684211	 1.000000	 1.000000	 30.302067
-70	 0.500000	 1.000000	 1.000000	 30.316069
-66	 0.000000	 1.000000	 1.000000	 30.374071
-72	 0.000000	 1.000000	 1.000000	 30.433405
-72	 0.333333	 1.000000	 1.000000	 30.453695
-68	 0.454545	 1.000000	 1.000000	 30.461636
-72	 0.454545	 1.000000	 1.000000	 30.482506
-72	 0.250000	 1.000000	 1.000000	 30.503160
-74	 0.500000	 1.000000	 1.000000	 30.530275
-75	 0.884615	 1.000000	 1.000000	 30.585596
-73	 0.000000	 1.000000	 1.000000	 30.639587
-74	 0.000000	 1.000000	 1.000000	 30.691792
-72	 0.454545	 1.000000	 1.000000	 30.712391
-73	 0.142857	 1.000000	 1.000000	 30.764536
-76	 0.000000	 1.000000	 1.000000	 30.818623
-76	 0.000000	 1.000000	 1.000000	 30.869724
-76	 0.000000	 1.000000	 1.000000	 30.930250
-75	 0.142857	 1.000000	 1.000000	 30.965490
-75	 0.000000	 1.000000	 1.000000	 30.989202
-76	 0.000000	 1.000000	 1.000000	 31.009062
-75	 0.000000	 1.000000	 1.000000	 31.029108
-75	 0.000000	 1.000000	 1.000000	 31.050077
-75	 0.000000	 1.000000	 1.000000	 31.066105
-74	 0.000000	 1.000000	 1.000000	 31.084114
-73	 0.000000	 1.000000	 1.000000	 31.099075
-74	 0.000000	 1.000000	 1.000000	 31.114862
-74	 0.000000	 1.000000	 1.000000	 31.130850
-73	 0.000000	 1.000000	 1.000000	 31.145666
-72	 0.000000	 1.000000	 1.000000	 31.164526
-75	 0.000000	 1.000000	 1.000000	 31.181229
-74	 0.000000	 1.000000	 1.000000	 31.195534
-73	 0.000000	 1.000000	 1.000000	 31.210455
-74	 0.000000	 1.000000	 1.000000	 31.226164
-73	 0.000000	 1.000000	 1.000000	 31.241982
-72	 0.000000	 1.000000	 1.000000	 31.257025
-73	 0.000000	 1.000000	 1.000000	 31.272579
-74	 0.000000	 1.000000	 1.000000	 31.289232
-74	 0.000000	 1.000000	 1.000000	 31.303947
-74	 0.000000	 1.000000	 1.000000	 31.320084
-74	 0.000000	 1.000000	 1.000000	 31.335159
-75	 0.000000	 1.000000	 1.000000	 31.350737
-75	 0.000000	 1.000000	 1.000000	 31.365643
-73	 0.000000	 1.000000	 1.000000	 31.384525
-74	 0.000000	 1.000000	 1.000000	 31.400587
-73	 0.000000	 1.000000	 1.000000	 31.416176
-75	 0.000000	 1.000000	 1.000000	 31.432247
-78	 0.000000	 1.000000	 1.000000	 31.446926
-75	 0.000000	 1.000000	 1.000000	 31.465576
-75	 0.000000	 1.000000	 1.000000	 31.480314
-74	 0.000000	 1.000000	 1.000000	 31.496229
-77	 0.000000	 1.000000	 1.000000	 31.511080
-75	 0.000000	 1.000000	 1.000000	 31.526932
-75	 0.000000	 1.000000	 1.000000	 31.542004
-77	 0.000000	 1.000000	 1.000000	 31.557789
-75	 0.000000	 1.000000	 1.000000	 31.573454
-74	 0.000000	 1.000000	 1.000000	 31.589071
-76	 0.000000	 1.000000	 1.000000	 31.604086
-76	 0.000000	 1.000000	 1.000000	 31.619677
-77	 0.000000	 1.000000	 1.000000	 31.634777
-74	 0.000000	 1.000000	 1.000000	 31.650902
-72	 0.000000	 1.000000	 1.000000	 31.666372
-74	 0.000000	 1.000000	 1.000000	 31.681173
-72	 0.000000	 1.000000	 1.000000	 31.697161
-70	 0.000000	 1.000000	 1.000000	 31.712683
-72	 0.000000	 1.000000	 1.000000	 31.728661
-73	 0.000000	 1.000000	 1.000000	 31.743809
-72	 0.000000	 1.000000	 1.000000	 31.759895
-74	 0.000000	 1.000000	 1.000000	 31.774872
-78	 0.000000	 1.000000	 1.000000	 31.791649
-76	 0.000000	 1.000000	 1.000000	 31.808317
-74	 0.000000	 1.000000	 1.000000	 31.823698
-75	 0.000000	 1.000000	 1.000000	 31.838755
-79	 0.000000	 1.000000	 1.000000	 31.855242
-79	 0.000000	 1.000000	 1.000000	 31.870359
-78	 0.000000	 1.000000	 1.000000	 31.888752
-78	 0.000000	 1.000000	 1.000000	 31.906279
-80	 0.000000	 1.000000	 1.000000	 31.924770
-79	 0.000000	 1.000000	 1.000000	 31.940899
-78	 0.000000	 1.000000	 1.000000	 31.959284
-77	 0.000000	 1.000000	 1.000000	 31.974417
-76	 0.000000	 1.000000	 1.000000	 31.989681
-76	 0.000000	 1.000000	 1.000000	 32.005505
-77	 0.000000	 1.000000	 1.000000	 32.021538
-79	 0.000000	 1.000000	 1.000000	 32.036541
-79	 0.000000	 1.000000	 1.000000	 32.055515
-78	 0.000000	 1.000000	 1.000000	 32.071415
-78	 0.000000	 1.000000	 1.000000	 32.086094
-77	 0.000000	 1.000000	 1.000000	 32.102180
-78	 0.000000	 1.000000	 1.000000	 32.117695
-77	 0.000000	 1.000000	 1.000000	 32.132523
-77	 0.000000	 1.000000	 1.000000	 32.148537
-76	 0.000000	 1.000000	 1.000000	 32.163883
-75	 0.000000	 1.000000	 1.000000	 32.179802
-74	 0.000000	 1.000000	 1.000000	 32.194908
-74	 0.000000	 1.000000	 1.000000	 32.210972
-73	 0.000000	 1.000000	 1.000000	 32.226452
-74	 0.000000	 1.000000	 1.000000	 32.242725
-74	 0.000000	 1.000000	 1.000000	 32.258583
-77	 0.000000	 1.000000	 1.000000	 32.274342
-78	 0.000000	 1.000000	 1.000000	 32.288963
-78	 0.000000	 1.000000	 1.000000	 32.305222
-77	 0.000000	 1.000000	 1.000000	 32.320663
-76	 0.000000	 1.000000	 1.000000	 32.335838
-75	 0.000000	 1.000000	 1.000000	 32.351498
-76	 0.000000	 1.000000	 1.000000	 32.367523
-77	 0.000000	 1.000000	 1.000000	 32.385132
-78	 0.000000	 1.000000	 1.000000	 32.403004
-78	 0.000000	 1.000000	 1.000000	 32.419987
-77	 0.000000	 1.000000	 1.000000	 32.436092
-75	 0.000000	 1.000000	 1.000000	 32.451641
-73	 0.000000	 1.000000	 1.000000	 32.467724
-73	 0.000000	 1.000000	 1.000000	 32.482513
-75	 0.000000	 1.000000	 1.000000	 32.497784
-77	 0.000000	 1.000000	 1.000000	 32.513683
-76	 0.000000	 1.000000	 1.000000	 32.529743
-77	 0.000000	 1.000000	 1.000000	 32.545582
-75	 0.000000	 1.000000	 1.000000	 32.561405
-74	 0.000000	 1.000000	 1.000000	 32.576645
-74	 0.000000	 1.000000	 1.000000	 32.591805
-75	 0.000000	 1.000000	 1.000000	 32.607899
-77	 0.000000	 1.000000	 1.000000	 32.623817
-77	 0.000000	 1.000000	 1.000000	 32.639088
-77	 0.000000	 1.000000	 1.000000	 32.654758
-77	 0.000000	 1.000000	 1.000000	 32.670837
-77	 0.000000	 1.000000	 1.000000	 32.685734
-78	 0.000000	 1.000000	 1.000000	 32.701260
-77	 0.000000	 1.000000	 1.000000	 32.718300
-76	 0.000000	 1.000000	 1.000000	 32.735142
-75	 0.000000	 1.000000	 1.000000	 32.750473
-76	 0.000000	 1.000000	 1.000000	 32.765217
-77	 0.000000	 1.000000	 1.000000	 32.781094
-76	 0.000000	 1.000000	 1.000000	 32.797073
-78	 0.000000	 1.000000	 1.000000	 32.811848
-78	 0.000000	 1.000000	 1.000000	 32.827869
-78	 0.000000	 1.000000	 1.000000	 32.843254
-78	 0.000000	 1.000000	 1.000000	 32.858883
-79	 0.000000	 1.000000	 1.000000	 32.875607
-79	 0.000000	 1.000000	 1.000000	 32.891853
-79	 0.000000	 1.000000	 1.000000	 32.908131
-78	 0.000000	 1.000000	 1.000000	 32.924095
-78	 0.000000	 1.000000	 1.000000	 32.939941
-78	 0.000000	 1.000000	 1.000000	 32.955898
-79	 0.000000	 1.000000	 1.000000	 32.971024
-78	 0.000000	 1.000000	 1.000000	 32.986973
-78	 0.000000	 1.000000	 1.000000	 33.002148
-77	 0.000000	 1.000000	 1.000000	 33.018066
-77	 0.000000	 1.000000	 1.000000	 33.034172
-78	 0.000000	 1.000000	 1.000000	 33.049313
-78	 0.000000	 1.000000	 1.000000	 33.066959
-78	 0.000000	 1.000000	 1.000000	 33.080269
-79	 0.000000	 1.000000	 1.000000	 33.095360
-79	 0.000000	 1.000000	 1.000000	 33.111073
-78	 0.000000	 1.000000	 1.000000	 33.129436
-77	 0.000000	 1.000000	 1.000000	 33.145618
-77	 0.000000	 1.000000	 1.000000	 33.161217
-76	 0.000000	 1.000000	 1.000000	 33.176407
-75	 0.000000	 1.000000	 1.000000	 33.192154
-76	 0.000000	 1.000000	 1.000000	 33.209244
-77	 0.000000	 1.000000	 1.000000	 33.225151
-79	 0.000000	 1.000000	 1.000000	 33.241505
-80	 0.000000	 1.000000	 1.000000	 33.258045
-78	 0.000000	 1.000000	 1.000000	 33.274239
-76	 0.000000	 1.000000	 1.000000	 33.289150
-77	 0.000000	 1.000000	 1.000000	 33.311348
-76	 0.000000	 1.000000	 1.000000	 33.326416
-79	 0.000000	 1.000000	 1.000000	 33.342365
-77	 0.000000	 1.000000	 1.000000	 33.358391
-76	 0.000000	 1.000000	 1.000000	 33.373608
-77	 0.000000	 1.000000	 1.000000	 33.389980
-78	 0.000000	 1.000000	 1.000000	 33.405354
-78	 0.000000	 1.000000	 1.000000	 33.422165
-79	 0.000000	 1.000000	 1.000000	 33.440002
-80	 0.000000	 1.000000	 1.000000	 33.455486
-80	 0.000000	 1.000000	 1.000000	 33.471310
-81	 0.000000	 1.000000	 1.000000	 33.487911
-80	 0.000000	 1.000000	 1.000000	 33.503525
-79	 0.000000	 1.000000	 1.000000	 33.519295
-78	 0.000000	 1.000000	 1.000000	 33.536259
-79	 0.000000	 1.000000	 1.000000	 33.551670
-78	 0.000000	 1.000000	 1.000000	 33.566868
-75	 0.000000	 1.000000	 1.000000	 33.582508
-75	 0.000000	 1.000000	 1.000000	 33.597847
-80	 0.000000	 1.000000	 1.000000	 33.613850
-76	 0.000000	 1.000000	 1.000000	 33.630531
-77	 0.000000	 1.000000	 1.000000	 33.646286
-77	 0.000000	 1.000000	 1.000000	 33.661903
-80	 0.000000	 1.000000	 1.000000	 33.678242
-78	 0.000000	 1.000000	 1.000000	 33.695080
-79	 0.000000	 1.000000	 1.000000	 33.710064
-78	 0.000000	 1.000000	 1.000000	 33.728111
-77	 0.000000	 1.000000	 1.000000	 33.744591
-77	 0.000000	 1.000000	 1.000000	 33.759468
-78	 0.000000	 1.000000	 1.000000	 33.774513
-81	 0.000000	 1.000000	 1.000000	 33.791100
-80	 0.000000	 1.000000	 1.000000	 33.809589
-81	 0.000000	 1.000000	 1.000000	 33.824757
-76	 0.000000	 1.000000	 1.000000	 33.841240
-81	 0.000000	 1.000000	 1.000000	 33.857456
-81	 0.000000	 1.000000	 1.000000	 33.872185
-80	 0.000000	 1.000000	 1.000000	 33.887386
-80	 0.000000	 1.000000	 1.000000	 33.905106
-80	 0.000000	 1.000000	 1.000000	 33.923859
-82	 0.000000	 1.000000	 1.000000	 33.939926
-81	 0.000000	 1.000000	 1.000000	 33.955948
-82	 0.000000	 1.000000	 1.000000	 33.971214
-81	 0.000000	 1.000000	 1.000000	 33.986557
-81	 0.000000	 1.000000	 1.000000	 34.002373
-82	 0.000000	 1.000000	 1.000000	 34.024349
-83	 0.000000	 1.000000	 1.000000	 34.042751
-82	 0.000000	 1.000000	 1.000000	 34.061096
-83	 0.000000	 1.000000	 1.000000	 34.076641
-82	 0.000000	 1.000000	 1.000000	 34.093159
-82	 0.000000	 1.000000	 1.000000	 34.108044
-82	 0.000000	 1.000000	 1.000000	 34.125832
-83	 0.000000	 1.000000	 1.000000	 34.141167
-82	 0.000000	 1.000000	 1.000000	 34.157646
-83	 0.000000	 1.000000	 1.000000	 34.172676
-82	 0.000000	 1.000000	 1.000000	 34.188450
-82	 0.000000	 1.000000	 1.000000	 34.204433
-82	 0.000000	 1.000000	 1.000000	 34.219585
-82	 0.000000	 1.000000	 1.000000	 34.235580
-81	 0.000000	 1.000000	 1.000000	 34.253864
-81	 0.000000	 1.000000	 1.000000	 34.268948
-81	 0.000000	 1.000000	 1.000000	 34.285030
-81	 0.000000	 1.000000	 1.000000	 34.300262
-80	 0.000000	 1.000000	 1.000000	 34.316174
-80	 0.000000	 1.000000	 1.000000	 34.331272
-79	 0.000000	 1.000000	 1.000000	 34.346672
-79	 0.000000	 1.000000	 1.000000	 34.362846
-79	 0.000000	 1.000000	 1.000000	 34.378010
-78	 0.000000	 1.000000	 1.000000	 34.393745
-78	 0.000000	 1.000000	 1.000000	 34.410816
-77	 0.000000	 1.000000	 1.000000	 34.425182
-78	 0.000000	 1.000000	 1.000000	 34.440937
-77	 0.000000	 1.000000	 1.000000	 34.456429
-77	 0.000000	 1.000000	 1.000000	 34.472145
-77	 0.000000	 1.000000	 1.000000	 34.487831
-77	 0.000000	 1.000000	 1.000000	 34.504070
-77	 0.000000	 1.000000	 1.000000	 34.518688
-78	 0.000000	 1.000000	 1.000000	 34.534348
-78	 0.000000	 1.000000	 1.000000	 34.551231
-78	 0.000000	 1.000000	 1.000000	 34.566586
-78	 0.000000	 1.000000	 1.000000	 34.581959
-79	 0.000000	 1.000000	 1.000000	 34.598209
-78	 0.000000	 1.000000	 1.000000	 34.615948
-79	 0.000000	 1.000000	 1.000000	 34.631699
-79	 0.000000	 1.000000	 1.000000	 34.647537
-81	 0.000000	 1.000000	 1.000000	 34.662956
-80	 0.000000	 1.000000	 1.000000	 34.681599
-81	 0.000000	 1.000000	 1.000000	 34.699425
-81	 0.000000	 1.000000	 1.000000	 34.715427
-81	 0.000000	 1.000000	 1.000000	 34.731300
-81	 0.000000	 1.000000	 1.000000	 34.745922
-81	 0.000000	 1.000000	 1.000000	 34.762211
-81	 0.000000	 1.000000	 1.000000	 34.777599
-81	 0.000000	 1.000000	 1.000000	 34.794083
-80	 0.000000	 1.000000	 1.000000	 34.809242
-81	 0.000000	 1.000000	 1.000000	 34.825016
-81	 0.000000	 1.000000	 1.000000	 34.840607
-81	 0.000000	 1.000000	 1.000000	 34.855946
-82	 0.000000	 1.000000	 1.000000	 34.872669
-82	 0.000000	 1.000000	 1.000000	 34.887962
-83	 0.000000	 1.000000	 1.000000	 34.903286
-83	 0.000000	 1.000000	 -nan	 34.919006
-80	 0.000000	 1.000000	 1.000000	 34.937111
-81	 0.000000	 1.000000	 1.000000	 34.955688
-83	 0.000000	 1.000000	 1.000000	 34.978241
-82	 0.000000	 1.000000	 1.000000	 34.996609
-83	 0.000000	 1.000000	 1.000000	 35.015167
-79	 0.000000	 1.000000	 1.000000	 35.036072
-83	 0.000000	 1.000000	 1.000000	 35.052254
-81	 0.000000	 1.000000	 1.000000	 35.069675
-80	 0.000000	 1.000000	 1.000000	 35.093117
-78	 0.000000	 1.000000	 1.000000	 35.109390
-81	 0.000000	 1.000000	 1.000000	 35.125626
-82	 0.000000	 1.000000	 1.000000	 35.140869
-82	 0.000000	 1.000000	 1.000000	 35.156559
-82	 0.000000	 1.000000	 1.000000	 35.173004
-82	 0.000000	 1.000000	 1.000000	 35.188190
-80	 0.000000	 1.000000	 1.000000	 35.204273
-80	 0.000000	 1.000000	 1.000000	 35.220043
-80	 0.000000	 1.000000	 1.000000	 35.234936
-80	 0.000000	 1.000000	 1.000000	 35.251953
-81	 0.000000	 1.000000	 1.000000	 35.267689
-80	 0.000000	 1.000000	 1.000000	 35.283958
-78	 0.000000	 1.000000	 1.000000	 35.302650
-79	 0.000000	 1.000000	 1.000000	 35.318756
-79	 0.000000	 1.000000	 1.000000	 35.334175
-80	 0.000000	 1.000000	 1.000000	 35.349915
-79	 0.000000	 1.000000	 1.000000	 35.364635
-79	 0.000000	 1.000000	 1.000000	 35.380665
-80	 0.000000	 1.000000	 1.000000	 35.396667
-79	 0.000000	 1.000000	 1.000000	 35.411777
-80	 0.000000	 1.000000	 1.000000	 35.429482
-81	 0.000000	 1.000000	 1.000000	 35.447826
-81	 0.000000	 1.000000	 1.000000	 35.463772
-78	 0.000000	 1.000000	 1.000000	 35.479088
-80	 0.000000	 1.000000	 1.000000	 35.494347
-81	 0.000000	 1.000000	 1.000000	 35.511124
-80	 0.000000	 1.000000	 1.000000	 35.525623
-81	 0.000000	 1.000000	 1.000000	 35.542202
-82	 0.000000	 1.000000	 1.000000	 35.557362
-82	 0.000000	 1.000000	 1.000000	 35.572754
-84	 0.000000	 1.000000	 1.000000	 35.588970
-83	 0.000000	 1.000000	 1.000000	 35.605537
-83	 0.000000	 1.000000	 1.000000	 35.622791
-82	 0.000000	 1.000000	 1.000000	 35.640648
-82	 0.000000	 1.000000	 1.000000	 35.657158
-83	 0.000000	 1.000000	 1.000000	 35.674305
-83	 0.000000	 1.000000	 1.000000	 35.691154
-83	 0.000000	 1.000000	 1.000000	 35.707169
-83	 0.000000	 1.000000	 1.000000	 35.725353
-82	 0.000000	 1.000000	 1.000000	 35.741787
-82	 0.000000	 1.000000	 1.000000	 35.757824
-82	 0.000000	 1.000000	 1.000000	 35.775814
-82	 0.000000	 1.000000	 1.000000	 35.792274
-82	 0.000000	 1.000000	 1.000000	 35.807339
-83	 0.000000	 1.000000	 1.000000	 35.824730
-83	 0.000000	 1.000000	 1.000000	 35.841335
-82	 0.000000	 1.000000	 1.000000	 35.856750
-82	 0.000000	 1.000000	 1.000000	 35.873356
-81	 0.000000	 1.000000	 1.000000	 35.888531
-82	 0.000000	 1.000000	 1.000000	 35.909100
-81	 0.000000	 1.000000	 1.000000	 35.924892
-81	 0.000000	 1.000000	 1.000000	 35.941216
-80	 0.000000	 1.000000	 1.000000	 35.956116
-82	 0.000000	 1.000000	 1.000000	 35.971546
-81	 0.000000	 1.000000	 1.000000	 35.987797
-80	 0.000000	 1.000000	 1.000000	 36.005417
-79	 0.000000	 1.000000	 1.000000	 36.021778
-79	 0.000000	 1.000000	 1.000000	 36.036175
-80	 0.000000	 1.000000	 1.000000	 36.051991
-80	 0.000000	 1.000000	 1.000000	 36.068157
-79	 0.000000	 1.000000	 1.000000	 36.082901
-80	 0.000000	 1.000000	 1.000000	 36.099735
-79	 0.000000	 1.000000	 1.000000	 36.114403
-79	 0.000000	 1.000000	 1.000000	 36.130276
-79	 0.000000	 1.000000	 1.000000	 36.145638
-80	 0.000000	 1.000000	 1.000000	 36.162422
-80	 0.000000	 1.000000	 1.000000	 36.177353
-81	 0.000000	 1.000000	 1.000000	 36.193802
-80	 0.000000	 1.000000	 1.000000	 36.213684
-81	 0.000000	 1.000000	 1.000000	 36.229473
-81	 0.000000	 1.000000	 1.000000	 36.245743
-80	 0.000000	 1.000000	 1.000000	 36.261902
-79	 0.000000	 1.000000	 1.000000	 36.279057
-81	 0.000000	 1.000000	 1.000000	 36.295177
-81	 0.000000	 1.000000	 1.000000	 36.311424
-82	 0.000000	 1.000000	 1.000000	 36.329838
-82	 0.000000	 1.000000	 1.000000	 36.344978
-83	 0.000000	 1.000000	 1.000000	 36.361023
-83	 0.000000	 1.000000	 1.000000	 36.376431
-84	 0.000000	 1.000000	 1.000000	 36.391418
-84	 0.000000	 1.000000	 1.000000	 36.407513
-83	 0.000000	 1.000000	 1.000000	 36.430523
-81	 0.000000	 1.000000	 1.000000	 36.445599
-81	 0.000000	 1.000000	 1.000000	 36.459362
-81	 0.000000	 1.000000	 1.000000	 36.475861
-82	 0.000000	 1.000000	 1.000000	 36.491299
-81	 0.000000	 1.000000	 1.000000	 36.509846
-80	 0.000000	 1.000000	 1.000000	 36.525555
-81	 0.000000	 1.000000	 1.000000	 36.541538
-81	 0.000000	 1.000000	 1.000000	 36.557423
-80	 0.000000	 1.000000	 1.000000	 36.573269
-81	 0.000000	 1.000000	 1.000000	 36.589016
-77	 0.000000	 1.000000	 1.000000	 36.607334
-83	 0.000000	 1.000000	 1.000000	 36.623257
-82	 0.000000	 1.000000	 1.000000	 36.641567
-81	 0.000000	 1.000000	 1.000000	 36.657429
-81	 0.000000	 1.000000	 1.000000	 36.673161
-81	 0.000000	 1.000000	 1.000000	 36.688297
-82	 0.000000	 1.000000	 1.000000	 36.704590
-81	 0.000000	 1.000000	 1.000000	 36.725182
-83	 0.000000	 1.000000	 1.000000	 36.740173
-82	 0.000000	 1.000000	 1.000000	 36.755531
-83	 0.000000	 1.000000	 1.000000	 36.771187
-83	 0.000000	 1.000000	 1.000000	 36.789703
-82	 0.000000	 1.000000	 1.000000	 36.807026
-80	 0.000000	 1.000000	 1.000000	 36.823685
-81	 0.000000	 1.000000	 1.000000	 36.840042
-81	 0.000000	 1.000000	 1.000000	 36.854759
-83	 0.000000	 1.000000	 1.000000	 36.871128
-81	 0.000000	 1.000000	 1.000000	 36.892197
-83	 0.000000	 1.000000	 1.000000	 36.912064
-84	 0.000000	 1.000000	 1.000000	 36.932255
-81	 0.000000	 1.000000	 1.000000	 36.969841
-80	 0.000000	 1.000000	 1.000000	 36.986248
-77	 0.000000	 1.000000	 1.000000	 37.001247
-76	 0.000000	 1.000000	 1.000000	 37.017727
-79	 0.000000	 1.000000	 1.000000	 37.033524
-80	 0.000000	 1.000000	 1.000000	 37.048584
-80	 0.000000	 1.000000	 1.000000	 37.064903
-76	 0.000000	 1.000000	 1.000000	 37.080185
-79	 0.000000	 1.000000	 1.000000	 37.096992
-80	 0.000000	 1.000000	 1.000000	 37.113152
-80	 0.000000	 1.000000	 1.000000	 37.129982
-82	 0.000000	 1.000000	 1.000000	 37.147839
-83	 0.000000	 1.000000	 1.000000	 37.166897
-84	 0.000000	 1.000000	 1.000000	 37.186310
-83	 0.000000	 1.000000	 1.000000	 37.202339
-83	 0.000000	 1.000000	 1.000000	 37.218235
-81	 0.000000	 1.000000	 1.000000	 37.237644
-81	 0.000000	 1.000000	 1.000000	 37.257236
-82	 0.000000	 1.000000	 1.000000	 37.272224
-80	 0.000000	 1.000000	 1.000000	 37.288448
-80	 0.000000	 1.000000	 1.000000	 37.303467
-80	 0.000000	 1.000000	 1.000000	 37.318848
-81	 0.000000	 1.000000	 1.000000	 37.334930
-81	 0.000000	 1.000000	 1.000000	 37.353935
-81	 0.000000	 1.000000	 1.000000	 37.368641
-82	 0.000000	 1.000000	 1.000000	 37.383591
-82	 0.000000	 1.000000	 1.000000	 37.400139
-82	 0.000000	 1.000000	 1.000000	 37.415661
-82	 0.000000	 1.000000	 1.000000	 37.433296
-80	 0.000000	 1.000000	 1.000000	 37.449497
-81	 0.000000	 1.000000	 1.000000	 37.466175
-80	 0.000000	 1.000000	 1.000000	 37.481876
-80	 0.000000	 1.000000	 1.000000	 37.497658
-80	 0.000000	 1.000000	 1.000000	 37.514729
-76	 0.000000	 1.000000	 1.000000	 37.529697
-80	 0.000000	 1.000000	 1.000000	 37.551987
-80	 0.000000	 1.000000	 1.000000	 37.566833
-81	 0.000000	 1.000000	 1.000000	 37.582432
-81	 0.000000	 1.000000	 1.000000	 37.599121
-80	 0.000000	 1.000000	 1.000000	 37.613987
-76	 0.000000	 1.000000	 1.000000	 37.630070
-79	 0.000000	 1.000000	 1.000000	 37.645634
-78	 0.000000	 1.000000	 1.000000	 37.661579
-78	 0.000000	 1.000000	 1.000000	 37.677708
-78	 0.000000	 1.000000	 1.000000	 37.692204
-78	 0.000000	 1.000000	 1.000000	 37.710651
-78	 0.000000	 1.000000	 1.000000	 37.726261
-78	 0.000000	 1.000000	 1.000000	 37.744225
-79	 0.000000	 1.000000	 1.000000	 37.759560
-79	 0.000000	 1.000000	 1.000000	 37.776215
-80	 0.000000	 1.000000	 1.000000	 37.790806
-80	 0.000000	 1.000000	 1.000000	 37.806301
-80	 0.000000	 1.000000	 1.000000	 37.822159
-80	 0.000000	 1.000000	 1.000000	 37.840038
-81	 0.000000	 1.000000	 1.000000	 37.855976
-81	 0.000000	 1.000000	 1.000000	 37.871983
-80	 0.000000	 1.000000	 1.000000	 37.886616
-80	 0.000000	 1.000000	 1.000000	 37.902473
-80	 0.000000	 1.000000	 1.000000	 37.918491
-79	 0.000000	 1.000000	 1.000000	 37.936977
-80	 0.000000	 1.000000	 1.000000	 37.953114
-80	 0.000000	 1.000000	 1.000000	 37.968136
-81	 0.000000	 1.000000	 1.000000	 37.984024
-82	 0.000000	 1.000000	 1.000000	 37.999599
-83	 0.000000	 1.000000	 1.000000	 38.015511
-83	 0.000000	 1.000000	 1.000000	 38.032520
-82	 0.000000	 1.000000	 1.000000	 38.048424
-83	 0.000000	 1.000000	 1.000000	 38.063927
-83	 0.000000	 1.000000	 1.000000	 38.079464
-81	 0.000000	 1.000000	 1.000000	 38.096127
-81	 0.000000	 1.000000	 1.000000	 38.110859
-81	 0.000000	 1.000000	 1.000000	 38.131470
-82	 0.000000	 1.000000	 1.000000	 38.147362
-82	 0.000000	 1.000000	 1.000000	 38.165237
-82	 0.000000	 1.000000	 1.000000	 38.180180
-83	 0.000000	 1.000000	 1.000000	 38.195148
-83	 0.000000	 1.000000	 1.000000	 38.211063
-83	 0.000000	 1.000000	 1.000000	 38.227001
-83	 0.000000	 1.000000	 1.000000	 38.246574
-82	 0.000000	 1.000000	 1.000000	 38.261017
-83	 0.000000	 1.000000	 1.000000	 38.285252
-82	 0.000000	 1.000000	 1.000000	 38.303093
-81	 0.000000	 1.000000	 1.000000	 38.319225
-81	 0.000000	 1.000000	 1.000000	 38.334969
-80	 0.000000	 1.000000	 1.000000	 38.351044
-80	 0.000000	 1.000000	 1.000000	 38.367611
-81	 0.000000	 1.000000	 1.000000	 38.382645
-80	 0.000000	 1.000000	 1.000000	 38.398769
-81	 0.000000	 1.000000	 1.000000	 38.414352
-82	 0.000000	 1.000000	 1.000000	 38.429367
-83	 0.000000	 1.000000	 1.000000	 38.448074
-82	 0.000000	 1.000000	 1.000000	 38.466724
-82	 0.000000	 1.000000	 -nan	 38.484554
-82	 0.000000	 1.000000	 1.000000	 38.503399
-81	 0.000000	 1.000000	 1.000000	 38.524258
-80	 0.000000	 1.000000	 1.000000	 38.539593
-79	 0.000000	 1.000000	 1.000000	 38.555878
-78	 0.000000	 1.000000	 1.000000	 38.571087
-78	 0.000000	 1.000000	 1.000000	 38.586781
-79	 0.000000	 1.000000	 1.000000	 38.602528
-79	 0.000000	 1.000000	 1.000000	 38.618412
-79	 0.000000	 1.000000	 -nan	 38.635681
-81	 0.000000	 1.000000	 1.000000	 38.652523
-81	 0.000000	 1.000000	 1.000000	 38.667751
-81	 0.000000	 1.000000	 1.000000	 38.685493
-80	 0.000000	 1.000000	 1.000000	 38.700996
-80	 0.000000	 1.000000	 1.000000	 38.716713
-79	 0.000000	 1.000000	 1.000000	 38.732693
-78	 0.000000	 1.000000	 1.000000	 38.748035
-80	 0.000000	 1.000000	 1.000000	 38.763794
-81	 0.000000	 1.000000	 1.000000	 38.779308
-81	 0.000000	 1.000000	 1.000000	 38.796700
-82	 0.000000	 1.000000	 1.000000	 38.812572
-82	 0.000000	 1.000000	 1.000000	 38.828331
-82	 0.000000	 1.000000	 1.000000	 38.843189
-80	 0.000000	 1.000000	 1.000000	 38.860256
-80	 0.000000	 1.000000	 1.000000	 38.875290
-81	 0.000000	 1.000000	 1.000000	 38.891037
-81	 0.000000	 1.000000	 1.000000	 38.906673
-82	 0.000000	 1.000000	 1.000000	 38.922596
-82	 0.000000	 1.000000	 1.000000	 38.938171
-81	 0.000000	 1.000000	 1.000000	 38.953007
-81	 0.000000	 1.000000	 1.000000	 38.969006
-80	 0.000000	 1.000000	 1.000000	 38.984692
-81	 0.000000	 1.000000	 1.000000	 39.000473
-81	 0.000000	 1.000000	 1.000000	 39.017319
-82	 0.000000	 1.000000	 1.000000	 39.032928
-83	 0.000000	 1.000000	 1.000000	 39.051044
-82	 0.000000	 1.000000	 1.000000	 39.067806
-84	 0.000000	 1.000000	 1.000000	 39.084503
-84	 0.000000	 1.000000	 1.000000	 39.105095
-84	 0.000000	 1.000000	 1.000000	 39.125412
-85	 0.000000	 1.000000	 1.000000	 39.148064
-82	 0.000000	 1.000000	 1.000000	 39.164696
-82	 0.000000	 1.000000	 -nan	 39.179985
-82	 0.000000	 1.000000	 -nan	 39.194584
-83	 0.000000	 1.000000	 1.000000	 39.216595
-80	 0.000000	 1.000000	 1.000000	 39.234657
-82	 0.000000	 1.000000	 1.000000	 39.250484
-83	 0.000000	 1.000000	 1.000000	 39.267414
-82	 0.000000	 1.000000	 1.000000	 39.283619
-82	 0.000000	 1.000000	 1.000000	 39.301495
-83	 0.000000	 1.000000	 1.000000	 39.318989
-83	 0.000000	 1.000000	 1.000000	 39.333157
-82	 0.000000	 1.000000	 1.000000	 39.351398
-82	 0.000000	 1.000000	 1.000000	 39.366470
-82	 0.000000	 1.000000	 1.000000	 39.382744
-82	 0.000000	 1.000000	 1.000000	 39.398144
-84	 0.000000	 1.000000	 1.000000	 39.414127
-82	 0.000000	 1.000000	 1.000000	 39.432503
-82	 0.000000	 1.000000	 1.000000	 39.450886
-82	 0.000000	 1.000000	 1.000000	 39.467037
-82	 0.000000	 1.000000	 1.000000	 39.482868
-82	 0.000000	 1.000000	 1.000000	 39.498810
-82	 0.000000	 1.000000	 1.000000	 39.516979
-81	 0.000000	 1.000000	 1.000000	 39.532143
-81	 0.000000	 1.000000	 1.000000	 39.548012
-80	 0.000000	 1.000000	 1.000000	 39.563065
-80	 0.000000	 1.000000	 1.000000	 39.578651
-81	 0.000000	 1.000000	 1.000000	 39.594410
-80	 0.000000	 1.000000	 1.000000	 39.610313
-81	 0.000000	 1.000000	 1.000000	 39.626701
-82	 0.000000	 1.000000	 1.000000	 39.641869
-81	 0.000000	 1.000000	 1.000000	 39.658031
-82	 0.000000	 1.000000	 1.000000	 39.673580
-82	 0.000000	 1.000000	 1.000000	 39.689098
-84	 0.000000	 1.000000	 1.000000	 39.708069
-84	 0.000000	 1.000000	 1.000000	 39.725330
-83	 0.000000	 1.000000	 1.000000	 39.743645
-82	 0.000000	 1.000000	 1.000000	 39.770233
-81	 0.000000	 1.000000	 1.000000	 39.785873
-82	 0.000000	 1.000000	 1.000000	 39.802509
-81	 0.000000	 1.000000	 1.000000	 39.817631
-81	 0.000000	 1.000000	 1.000000	 39.833984
-82	 0.000000	 1.000000	 1.000000	 39.849323
-82	 0.000000	 1.000000	 1.000000	 39.865070
-83	 0.000000	 1.000000	 1.000000	 39.885632
-83	 0.000000	 1.000000	 1.000000	 39.906300
-82	 0.000000	 1.000000	 1.000000	 39.925285
-81	 0.000000	 1.000000	 1.000000	 39.940521
-82	 0.000000	 1.000000	 1.000000	 39.956085
-82	 0.000000	 1.000000	 1.000000	 39.971733
-83	 0.000000	 1.000000	 1.000000	 39.988064
-81	 0.000000	 1.000000	 1.000000	 40.006519
-82	 0.000000	 1.000000	 1.000000	 40.022179
-80	 0.000000	 1.000000	 1.000000	 40.038113
-81	 0.000000	 1.000000	 1.000000	 40.053764
-82	 0.000000	 1.000000	 1.000000	 40.069244
-83	 0.000000	 1.000000	 1.000000	 40.084625
-82	 0.000000	 1.000000	 1.000000	 40.099888
-80	 0.000000	 1.000000	 1.000000	 40.115421
-80	 0.000000	 1.000000	 -nan	 40.130356
-83	 0.000000	 1.000000	 1.000000	 40.149967
-83	 0.000000	 1.000000	 -nan	 40.168938
-82	 0.000000	 1.000000	 1.000000	 40.191509
-83	 0.000000	 1.000000	 1.000000	 40.211369
-82	 0.000000	 1.000000	 1.000000	 40.231449
-82	 0.000000	 1.000000	 1.000000	 40.251701
-83	 0.000000	 1.000000	 1.000000	 40.281082
-81	 0.000000	 1.000000	 1.000000	 40.299381
-79	 0.000000	 1.000000	 1.000000	 40.315136
-81	 0.000000	 1.000000	 1.000000	 40.332932
-82	 0.000000	 1.000000	 1.000000	 40.348511
-81	 0.000000	 1.000000	 1.000000	 40.366127
-81	 0.000000	 1.000000	 1.000000	 40.386353
-81	 0.000000	 1.000000	 1.000000	 40.407345
-80	 0.000000	 1.000000	 1.000000	 40.425720
-79	 0.000000	 1.000000	 1.000000	 40.440746
-83	 0.000000	 1.000000	 1.000000	 40.457321
-83	 0.000000	 1.000000	 1.000000	 40.472782
-82	 0.000000	 1.000000	 1.000000	 40.490700
-82	 0.000000	 1.000000	 1.000000	 40.507736
-81	 0.000000	 1.000000	 1.000000	 40.522335
-82	 0.000000	 1.000000	 1.000000	 40.537891
-82	 0.000000	 1.000000	 1.000000	 40.553745
-83	 0.000000	 1.000000	 1.000000	 40.569702
-83	 0.000000	 1.000000	 1.000000	 40.587700
-83	 0.000000	 1.000000	 1.000000	 40.604500
-84	 0.000000	 1.000000	 1.000000	 40.621777
-82	 0.000000	 1.000000	 1.000000	 40.639248
-83	 0.000000	 1.000000	 1.000000	 40.655186
-83	 0.000000	 1.000000	 1.000000	 40.671173
-83	 0.000000	 1.000000	 1.000000	 40.691906
-82	 0.000000	 1.000000	 1.000000	 40.710079
-82	 0.000000	 1.000000	 -nan	 40.729340
-81	 0.000000	 1.000000	 1.000000	 40.746399
-83	 0.000000	 1.000000	 1.000000	 40.764153
-82	 0.000000	 1.000000	 1.000000	 40.784031
-82	 0.000000	 1.000000	 1.000000	 40.800091
-82	 0.000000	 1.000000	 1.000000	 40.817932
-81	 0.000000	 1.000000	 1.000000	 40.833153
-83	 0.000000	 1.000000	 1.000000	 40.848675
-82	 0.000000	 1.000000	 1.000000	 40.866596
-81	 0.000000	 1.000000	 1.000000	 40.881947
-83	 0.000000	 1.000000	 1.000000	 40.899509
-82	 0.000000	 1.000000	 1.000000	 40.915314
-82	 0.000000	 1.000000	 1.000000	 40.931862
-82	 0.000000	 1.000000	 1.000000	 40.946766
-82	 0.000000	 1.000000	 1.000000	 40.965405
-83	 0.000000	 1.000000	 1.000000	 40.980431
-83	 0.000000	 1.000000	 1.000000	 40.996307
-85	 0.000000	 1.000000	 1.000000	 41.016544
-83	 0.000000	 1.000000	 1.000000	 41.032375
-84	 0.000000	 1.000000	 1.000000	 41.050316
-83	 0.000000	 1.000000	 1.000000	 41.068115
-82	 0.000000	 1.000000	 1.000000	 41.085587
-82	 0.000000	 1.000000	 1.000000	 41.101219
-82	 0.000000	 1.000000	 1.000000	 41.117710
-82	 0.000000	 1.000000	 1.000000	 41.133045
-82	 0.000000	 1.000000	 1.000000	 41.148438
-83	 0.000000	 1.000000	 1.000000	 41.168514
-83	 0.000000	 1.000000	 1.000000	 41.187057
-83	 0.000000	 1.000000	 1.000000	 41.208767
-85	 0.000000	 1.000000	 1.000000	 41.229275
-86	 0.000000	 1.000000	 1.000000	 41.251606
-82	 0.000000	 1.000000	 1.000000	 41.269356
-82	 0.000000	 1.000000	 1.000000	 41.287216
-84	 0.000000	 1.000000	 1.000000	 41.305920
-84	 0.000000	 1.000000	 1.000000	 41.323467
-87	 0.000000	 1.000000	 1.000000	 41.345051
-84	 0.000000	 1.000000	 1.000000	 41.370758
-85	 0.000000	 1.000000	 1.000000	 41.435005
-85	 0.000000	 1.000000	 -nan	 41.459412
-85	 0.000000	 1.000000	 -nan	 41.490799
-83	 0.000000	 1.000000	 -nan	 41.526367
-83	 0.000000	 1.000000	 -nan	 41.543636
-83	 0.000000	 1.000000	 -nan	 41.560959
-83	 0.000000	 1.000000	 -nan	 41.578773
-81	 0.000000	 1.000000	 1.000000	 41.596565
-82	 0.000000	 1.000000	 1.000000	 41.622326
-83	 0.000000	 1.000000	 1.000000	 41.638477
-82	 0.000000	 1.000000	 1.000000	 41.654270
-80	 0.000000	 1.000000	 1.000000	 41.670975
-81	 0.000000	 1.000000	 1.000000	 41.687160
-81	 0.000000	 1.000000	 1.000000	 41.705292
-83	 0.000000	 1.000000	 1.000000	 41.723427
-84	 0.000000	 1.000000	 1.000000	 41.741413
-83	 0.000000	 1.000000	 1.000000	 41.759941
-83	 0.000000	 1.000000	 1.000000	 41.774185
-81	 0.000000	 1.000000	 1.000000	 41.790489
-81	 0.000000	 1.000000	 1.000000	 41.806149
-81	 0.000000	 1.000000	 1.000000	 41.821510
-81	 0.000000	 1.000000	 1.000000	 41.837914
-81	 0.000000	 1.000000	 1.000000	 41.853397
-82	 0.000000	 1.000000	 1.000000	 41.868557
-82	 0.000000	 1.000000	 1.000000	 41.886768
-83	 0.000000	 1.000000	 1.000000	 41.902637
-82	 0.000000	 1.000000	 1.000000	 41.923206
-84	 0.000000	 1.000000	 1.000000	 41.939548
-84	 0.000000	 1.000000	 1.000000	 41.957954
-84	 0.000000	 1.000000	 -nan	 41.972771
-84	 0.000000	 1.000000	 1.000000	 41.995064
-81	 0.000000	 1.000000	 1.000000	 42.025387
-82	 0.000000	 1.000000	 1.000000	 42.043785
-81	 0.000000	 1.000000	 1.000000	 42.061981
-81	 0.000000	 1.000000	 1.000000	 42.082500
-82	 0.000000	 1.000000	 1.000000	 42.109074
-84	 0.000000	 1.000000	 1.000000	 42.237335
-84	 0.000000	 1.000000	 -nan	 42.261932
-84	 0.000000	 1.000000	 -nan	 42.277081
-84	 0.000000	 1.000000	 -nan	 42.294266
-84	 0.000000	 1.000000	 -nan	 42.309387
-84	 0.000000	 1.000000	 -nan	 42.326832
-84	 0.000000	 1.000000	 -nan	 42.344067
-81	 0.000000	 1.000000	 1.000000	 42.362728
-81	 0.000000	 1.000000	 1.000000	 42.384315
-81	 0.000000	 1.000000	 1.000000	 42.402050
-81	 0.000000	 1.000000	 1.000000	 42.420135
-84	 0.000000	 1.000000	 1.000000	 42.435982
-83	 0.000000	 1.000000	 1.000000	 42.452908
-84	 0.000000	 1.000000	 1.000000	 42.470718
-81	 0.000000	 1.000000	 1.000000	 42.487293
-81	 0.000000	 1.000000	 1.000000	 42.507900
-82	 0.000000	 1.000000	 1.000000	 42.525810
-82	 0.000000	 1.000000	 -nan	 42.550034
-81	 0.000000	 1.000000	 1.000000	 42.566811
-82	 0.000000	 1.000000	 1.000000	 42.588242
-82	 0.000000	 1.000000	 1.000000	 42.615116
-82	 0.000000	 1.000000	 -nan	 42.639629
-82	 0.000000	 1.000000	 1.000000	 42.659435
-82	 0.000000	 1.000000	 1.000000	 42.679859
-82	 0.000000	 1.000000	 1.000000	 42.697727
-83	 0.000000	 1.000000	 1.000000	 42.716434
-81	 0.000000	 1.000000	 1.000000	 42.736324
-82	 0.000000	 1.000000	 1.000000	 42.755848
-82	 0.000000	 1.000000	 1.000000	 42.783012
-82	 0.000000	 1.000000	 1.000000	 42.803684
-81	 0.000000	 1.000000	 1.000000	 42.822285
-81	 0.000000	 1.000000	 1.000000	 42.843189
-80	 0.000000	 1.000000	 1.000000	 42.858952
-81	 0.000000	 1.000000	 1.000000	 42.879578
-80	 0.000000	 1.000000	 1.000000	 42.900890
-82	 0.000000	 1.000000	 1.000000	 42.915726
-81	 0.000000	 1.000000	 1.000000	 42.934357
-80	 0.000000	 1.000000	 1.000000	 42.956539
-81	 0.000000	 1.000000	 1.000000	 42.971676
-81	 0.000000	 1.000000	 1.000000	 42.989578
-81	 0.000000	 1.000000	 1.000000	 43.010769
-81	 0.000000	 1.000000	 1.000000	 43.037853
-80	 0.000000	 1.000000	 1.000000	 43.055462
-81	 0.000000	 1.000000	 1.000000	 43.074829
-82	 0.000000	 1.000000	 1.000000	 43.095345
-82	 0.000000	 1.000000	 1.000000	 43.112633
-80	 0.000000	 1.000000	 1.000000	 43.138187
-82	 0.000000	 1.000000	 1.000000	 43.162933
-81	 0.000000	 1.000000	 1.000000	 43.180920
-81	 0.000000	 1.000000	 1.000000	 43.204628
-80	 0.000000	 1.000000	 1.000000	 43.222874
-80	 0.000000	 1.000000	 1.000000	 43.238438
-83	 0.000000	 1.000000	 1.000000	 43.255001
-80	 0.000000	 1.000000	 1.000000	 43.274078
-81	 0.000000	 1.000000	 1.000000	 43.292473
-82	 0.000000	 1.000000	 1.000000	 43.310665
-80	 0.000000	 1.000000	 1.000000	 43.335754
-81	 0.000000	 1.000000	 1.000000	 43.359138
-81	 0.000000	 1.000000	 1.000000	 43.438385
-83	 0.000000	 1.000000	 -nan	 43.506336
-83	 0.000000	 1.000000	 -nan	 43.577675
-83	 0.000000	 1.000000	 -nan	 43.593971
-83	 0.000000	 1.000000	 -nan	 43.608425
-83	 0.000000	 1.000000	 -nan	 43.626530
-81	 0.000000	 1.000000	 1.000000	 43.651852
-80	 0.000000	 1.000000	 1.000000	 43.671757
-80	 0.000000	 1.000000	 1.000000	 43.694729
-80	 0.000000	 1.000000	 1.000000	 43.718094
-80	 0.000000	 1.000000	 1.000000	 43.735561
-80	 0.000000	 1.000000	 1.000000	 43.752033
-80	 0.000000	 1.000000	 -nan	 43.771835
-80	 0.000000	 1.000000	 1.000000	 43.788345
-79	 0.000000	 1.000000	 1.000000	 43.806805
-80	 0.000000	 1.000000	 1.000000	 43.824738
-80	 0.000000	 1.000000	 1.000000	 43.843025
-80	 0.000000	 1.000000	 -nan	 43.857964
-83	 0.000000	 1.000000	 1.000000	 43.879517
-79	 0.000000	 1.000000	 1.000000	 43.900066
-84	 0.000000	 1.000000	 1.000000	 43.919041
-84	 0.000000	 1.000000	 1.000000	 43.937801
-84	 0.000000	 1.000000	 -nan	 43.952522
-81	 0.000000	 1.000000	 1.000000	 43.975124
-81	 0.000000	 1.000000	 1.000000	 43.997753
-81	 0.000000	 1.000000	 1.000000	 44.016869
-81	 0.000000	 1.000000	 1.000000	 44.037716
-82	 0.000000	 1.000000	 1.000000	 44.059299
