-30	 0.986928	 1.000000	 1.000000	 0.219940
-28	 0.961538	 1.000000	 1.000000	 0.277762
-30	 0.972603	 1.000000	 1.000000	 0.353317
-30	 0.934066	 1.000000	 1.000000	 0.386636
-30	 0.921053	 1.000000	 1.000000	 0.415305
-30	 0.714286	 1.000000	 1.000000	 0.425156
-28	 0.894737	 1.000000	 1.000000	 0.447546
-25	 0.975904	 1.000000	 1.000000	 0.535554
-22	 0.955556	 1.000000	 1.000000	 0.584667
-23	 0.863636	 1.000000	 1.000000	 0.601670
-22	 0.853659	 1.000000	 1.000000	 0.619435
-21	 0.666667	 1.000000	 1.000000	 0.627357
-21	 0.647059	 1.000000	 1.000000	 0.636145
-22	 0.454545	 1.000000	 1.000000	 0.653058
-22	 0.538462	 1.000000	 1.000000	 0.666876
-22	 0.828571	 1.000000	 1.000000	 0.680146
-23	 0.907692	 1.000000	 1.000000	 0.702818
-22	 0.884615	 1.000000	 1.000000	 0.727572
-23	 0.934066	 1.000000	 1.000000	 0.759492
-23	 0.924051	 1.000000	 1.000000	 0.789367
-28	 0.973094	 1.000000	 1.000000	 0.874079
-26	 0.950820	 1.000000	 1.000000	 0.918666
-27	 0.972973	 1.000000	 1.000000	 1.000274
-27	 0.948148	 1.000000	 1.000000	 1.063800
-30	 0.981595	 1.000000	 1.000000	 1.190199
-28	 0.867925	 1.000000	 1.000000	 1.211939
-28	 0.833333	 1.000000	 1.000000	 1.227270
-28	 0.942857	 1.000000	 1.000000	 1.266921
-32	 0.976190	 1.000000	 1.000000	 1.373175
-31	 0.983379	 1.000000	 1.000000	 1.507519
-30	 0.970297	 1.000000	 1.000000	 1.585084
-31	 0.850000	 1.000000	 1.000000	 1.601190
-30	 0.877551	 1.000000	 1.000000	 1.620270
-31	 0.948718	 1.000000	 1.000000	 1.676728
-33	 0.969388	 1.000000	 1.000000	 1.752209
-32	 0.978102	 1.000000	 1.000000	 1.851608
-29	 0.980892	 1.000000	 1.000000	 1.967708
-29	 0.987928	 1.000000	 1.000000	 2.150985
-31	 0.846154	 1.000000	 1.000000	 2.166303
-31	 0.684211	 1.000000	 1.000000	 2.205368
-32	 0.333333	 1.000000	 1.000000	 2.218669
-29	 0.962025	 1.000000	 1.000000	 2.286704
-29	 0.964497	 1.000000	 1.000000	 2.346232
-31	 0.982558	 1.000000	 1.000000	 2.479627
-32	 0.948276	 1.000000	 1.000000	 2.525739
-30	 0.910448	 1.000000	 1.000000	 2.551186
-34	 0.961538	 1.000000	 1.000000	 2.612275
-32	 0.837838	 1.000000	 1.000000	 2.627340
-31	 0.964286	 1.000000	 1.000000	 2.698581
-31	 0.823529	 1.000000	 1.000000	 2.712445
-29	 0.934783	 1.000000	 1.000000	 2.745332
-29	 0.500000	 1.000000	 -nan	 2.753553
-30	 0.860465	 1.000000	 1.000000	 2.777339
-32	 0.333333	 1.000000	 1.000000	 2.797578
-33	 0.333333	 1.000000	 1.000000	 2.811520
-33	 0.400000	 1.000000	 1.000000	 2.826812
-33	 0.700000	 1.000000	 1.000000	 2.842531
-32	 0.818182	 1.000000	 1.000000	 2.861880
-32	 0.917808	 1.000000	 1.000000	 2.888046
-30	 0.888889	 1.000000	 1.000000	 2.909548
-29	 0.916667	 1.000000	 1.000000	 2.935749
-31	 0.825000	 1.000000	 1.000000	 2.952971
-33	 0.941748	 1.000000	 1.000000	 2.991367
-33	 0.400000	 1.000000	 1.000000	 3.014220
-34	 0.866667	 1.000000	 1.000000	 3.038939
-37	 0.900000	 1.000000	 1.000000	 3.088393
-38	 0.600000	 1.000000	 1.000000	 3.107153
-38	 0.760000	 1.000000	 1.000000	 3.117293
-37	 0.925000	 1.000000	 1.000000	 3.152831
-40	 0.428571	 1.000000	 1.000000	 3.160892
-37	 0.793103	 1.000000	 1.000000	 3.173903
-38	 0.828571	 1.000000	 1.000000	 3.203335
-39	 0.400000	 1.000000	 1.000000	 3.239169
-37	 0.600000	 1.000000	 1.000000	 3.246479
-37	 0.739130	 1.000000	 1.000000	 3.256521
-39	 0.461538	 1.000000	 1.000000	 3.264397
-41	 0.953125	 1.000000	 1.000000	 3.312266
-41	 0.454545	 1.000000	 1.000000	 3.319174
-37	 0.888889	 1.000000	 1.000000	 3.339754
-41	 0.916667	 1.000000	 1.000000	 3.365698
-39	 0.853659	 1.000000	 1.000000	 3.382510
-41	 0.924051	 1.000000	 1.000000	 3.413614
-43	 0.944444	 1.000000	 1.000000	 3.453364
-45	 0.966851	 1.000000	 1.000000	 3.516882
-43	 0.760000	 1.000000	 1.000000	 3.531121
-41	 0.909091	 1.000000	 1.000000	 3.556276
-41	 0.918919	 1.000000	 1.000000	 3.585490
-43	 0.935484	 1.000000	 1.000000	 3.625746
-45	 0.950000	 1.000000	 1.000000	 3.668634
-46	 0.914286	 1.000000	 1.000000	 3.695365
-43	 0.961957	 1.000000	 1.000000	 3.759511
-41	 0.964912	 1.000000	 1.000000	 3.823547
-45	 0.961290	 1.000000	 1.000000	 3.880039
-44	 0.538462	 1.000000	 1.000000	 3.887269
-45	 0.978571	 1.000000	 1.000000	 4.000839
-39	 0.943396	 1.000000	 1.000000	 4.050117
-45	 0.951613	 1.000000	 1.000000	 4.095442
-41	 0.975000	 1.000000	 1.000000	 4.189269
-47	 0.980000	 1.000000	 1.000000	 4.303541
-40	 0.964706	 1.000000	 1.000000	 4.370074
-42	 0.900000	 1.000000	 1.000000	 4.391192
-43	 0.875000	 1.000000	 1.000000	 4.415215
-44	 0.760000	 1.000000	 1.000000	 4.434677
-45	 0.142857	 1.000000	 1.000000	 4.441455
-44	 0.454545	 1.000000	 1.000000	 4.453477
-44	 0.921053	 1.000000	 1.000000	 4.487531
-46	 0.625000	 1.000000	 1.000000	 4.496320
-46	 0.000000	 1.000000	 1.000000	 4.510882
-45	 0.538462	 1.000000	 1.000000	 4.521965
-44	 0.984252	 1.000000	 1.000000	 4.656673
-42	 0.957447	 1.000000	 1.000000	 4.712689
-42	 0.956835	 1.000000	 1.000000	 4.762023
-43	 0.904762	 1.000000	 1.000000	 4.797176
-42	 0.700000	 1.000000	 1.000000	 4.806832
-44	 0.918919	 1.000000	 1.000000	 4.832660
-48	 0.969697	 0.858586	 0.879310	 5.312774
-46	 0.906250	 1.000000	 1.000000	 5.365699
-38	 0.963415	 1.000000	 1.000000	 5.666185
-45	 0.911765	 1.000000	 1.000000	 5.697331
-46	 0.777778	 1.000000	 1.000000	 5.728797
-40	 0.250000	 1.000000	 -nan	 5.736909
-44	 0.500000	 1.000000	 -nan	 5.745682
-41	 0.944954	 1.000000	 1.000000	 6.021762
-42	 0.857143	 1.000000	 1.000000	 6.040950
-44	 0.890909	 1.000000	 1.000000	 6.065448
-42	 0.812500	 1.000000	 1.000000	 6.080201
-45	 0.806452	 1.000000	 1.000000	 6.323900
-45	 0.142857	 1.000000	 1.000000	 6.331326
-42	 0.250000	 1.000000	 1.000000	 6.369034
-44	 0.250000	 1.000000	 1.000000	 6.392603
-43	 0.538462	 1.000000	 1.000000	 6.400268
-42	 0.941748	 1.000000	 1.000000	 6.672858
-48	 0.964286	 1.000000	 1.000000	 6.739995
-46	 0.700000	 1.000000	 1.000000	 6.877636
-47	 0.538462	 1.000000	 1.000000	 6.896467
-45	 0.333333	 1.000000	 1.000000	 6.929711
-45	 0.333333	 1.000000	 1.000000	 6.946633
-46	 0.333333	 1.000000	 1.000000	 6.960138
-47	 0.853659	 1.000000	 1.000000	 6.980630
-48	 0.500000	 1.000000	 1.000000	 6.996676
-48	 0.500000	 1.000000	 1.000000	 7.004523
-49	 0.684211	 1.000000	 1.000000	 7.019380
-50	 0.454545	 1.000000	 1.000000	 7.026882
-50	 0.900000	 1.000000	 1.000000	 7.050704
-43	 0.925000	 1.000000	 1.000000	 7.316369
-44	 0.909091	 1.000000	 1.000000	 7.361748
-46	 0.916667	 1.000000	 1.000000	 7.397473
-42	 0.931035	 1.000000	 1.000000	 7.663824
-49	 0.968421	 1.000000	 1.000000	 7.877697
-47	 0.000000	 1.000000	 -nan	 7.907371
-49	 0.625000	 1.000000	 1.000000	 8.023564
-49	 0.400000	 1.000000	 1.000000	 8.032515
-54	 0.454545	 1.000000	 1.000000	 8.054620
-47	 0.300000	 1.000000	 1.000000	 8.095962
-52	 0.142857	 1.000000	 -nan	 8.104722
-52	 0.400000	 1.000000	 1.000000	 8.264604
-53	 0.142857	 1.000000	 1.000000	 8.369999
-55	 0.500000	 1.000000	 1.000000	 8.392275
-52	 0.250000	 1.000000	 1.000000	 8.435510
-53	 0.333333	 1.000000	 -nan	 8.443979
-53	 0.400000	 1.000000	 1.000000	 8.599547
-53	 0.000000	 1.000000	 -nan	 8.648476
-53	 0.142857	 1.000000	 -nan	 8.667182
-54	 0.000000	 1.000000	 1.000000	 8.699217
-55	 0.000000	 1.000000	 1.000000	 8.714603
-54	 0.333333	 1.000000	 1.000000	 8.730669
-54	 0.333333	 1.000000	 1.000000	 8.743310
-54	 0.142857	 1.000000	 1.000000	 8.753262
-54	 0.000000	 1.000000	 1.000000	 8.772107
-55	 0.142857	 1.000000	 1.000000	 8.790847
-57	 0.000000	 1.000000	 -nan	 8.824246
-59	 0.400000	 1.000000	 -nan	 8.836775
-59	 0.000000	 1.000000	 1.000000	 8.982236
-59	 0.000000	 1.000000	 -nan	 8.997798
-50	 0.000000	 1.000000	 -nan	 9.016292
-52	 0.000000	 1.000000	 1.000000	 9.092708
-53	 0.000000	 1.000000	 1.000000	 9.113152
-55	 0.000000	 1.000000	 1.000000	 9.133374
-57	 0.000000	 1.000000	 1.000000	 9.152071
-60	 0.000000	 1.000000	 1.000000	 9.167642
-62	 0.000000	 1.000000	 -nan	 9.182716
-59	 0.000000	 1.000000	 -nan	 9.200091
-59	 0.000000	 1.000000	 -nan	 9.215254
-59	 0.000000	 1.000000	 1.000000	 9.362687
-59	 0.000000	 1.000000	 -nan	 9.380707
-59	 0.000000	 1.000000	 -nan	 9.396256
-52	 0.250000	 1.000000	 1.000000	 9.469828
-54	 0.000000	 1.000000	 1.000000	 9.484456
-54	 0.000000	 1.000000	 1.000000	 9.500850
-59	 0.000000	 1.000000	 1.000000	 9.516220
-63	 0.000000	 1.000000	 1.000000	 9.535291
-63	 0.000000	 1.000000	 1.000000	 9.555215
-63	 0.000000	 1.000000	 -nan	 9.574132
-63	 0.000000	 1.000000	 -nan	 9.593118
-63	 0.000000	 1.000000	 1.000000	 9.740123
-63	 0.000000	 1.000000	 -nan	 9.755264
-63	 0.000000	 1.000000	 -nan	 9.770764
-63	 0.000000	 1.000000	 -nan	 9.786179
-63	 0.000000	 1.000000	 1.000000	 9.863318
-61	 0.000000	 1.000000	 1.000000	 9.878075
-60	 0.000000	 1.000000	 1.000000	 9.893172
-58	 0.000000	 1.000000	 1.000000	 9.908658
-62	 0.000000	 1.000000	 1.000000	 9.924588
-62	 0.000000	 1.000000	 1.000000	 9.940302
-61	 0.000000	 1.000000	 -nan	 9.955597
-62	 0.000000	 1.000000	 -nan	 9.970748
-62	 0.000000	 1.000000	 1.000000	 10.116818
-62	 0.000000	 1.000000	 1.000000	 10.131455
-60	 0.000000	 1.000000	 1.000000	 10.147204
-62	 0.000000	 1.000000	 1.000000	 10.161812
-63	 0.000000	 1.000000	 1.000000	 10.177851
-64	 0.000000	 1.000000	 1.000000	 10.192193
-66	 0.000000	 1.000000	 1.000000	 10.207274
-66	 0.000000	 1.000000	 1.000000	 10.222318
-67	 0.000000	 1.000000	 1.000000	 10.237759
-68	 0.000000	 1.000000	 1.000000	 10.253810
-66	 0.000000	 1.000000	 1.000000	 10.268413
-68	 0.000000	 1.000000	 1.000000	 10.283809
-68	 0.000000	 1.000000	 1.000000	 10.299037
-70	 0.000000	 1.000000	 1.000000	 10.314815
-70	 0.000000	 1.000000	 -nan	 10.329700
-70	 0.000000	 1.000000	 -nan	 10.345467
-62	 0.000000	 1.000000	 1.000000	 10.490621
-67	 0.000000	 1.000000	 1.000000	 10.511295
-66	 0.000000	 1.000000	 1.000000	 10.528670
-68	 0.000000	 1.000000	 1.000000	 10.544390
-68	 0.000000	 1.000000	 1.000000	 10.559306
-68	 0.000000	 1.000000	 1.000000	 10.573887
-68	 0.000000	 1.000000	 1.000000	 10.589097
-68	 0.000000	 1.000000	 1.000000	 10.603511
-69	 0.000000	 1.000000	 1.000000	 10.619162
-69	 0.000000	 1.000000	 1.000000	 10.634051
-69	 0.000000	 1.000000	 1.000000	 10.651899
-68	 0.000000	 1.000000	 1.000000	 10.667421
-68	 0.000000	 1.000000	 1.000000	 10.683832
-67	 0.000000	 1.000000	 -nan	 10.699424
-67	 0.000000	 1.000000	 -nan	 10.714665
-66	 0.000000	 1.000000	 -nan	 10.729758
-66	 0.000000	 1.000000	 1.000000	 10.871551
-66	 0.000000	 1.000000	 -nan	 10.887466
-66	 0.000000	 1.000000	 -nan	 10.903436
-66	 0.000000	 1.000000	 -nan	 10.921062
-66	 0.000000	 1.000000	 1.000000	 10.983033
-70	 0.000000	 1.000000	 1.000000	 10.998893
-70	 0.000000	 1.000000	 1.000000	 11.013069
-71	 0.000000	 1.000000	 1.000000	 11.027824
-70	 0.000000	 1.000000	 1.000000	 11.044254
-71	 0.000000	 1.000000	 1.000000	 11.059685
-72	 0.000000	 1.000000	 -nan	 11.074765
-73	 0.000000	 1.000000	 -nan	 11.089978
-73	 0.000000	 1.000000	 -nan	 11.104379
-72	 0.071429	 1.000000	 1.000000	 11.266235
-72	 0.000000	 1.000000	 1.000000	 11.281367
-72	 0.000000	 1.000000	 1.000000	 11.307416
-74	 0.000000	 1.000000	 1.000000	 11.323906
-74	 0.000000	 1.000000	 1.000000	 11.341956
-71	 0.000000	 1.000000	 1.000000	 11.357261
-70	 0.000000	 1.000000	 1.000000	 11.386069
-70	 0.000000	 1.000000	 1.000000	 11.401636
-71	 0.000000	 1.000000	 1.000000	 11.420444
-71	 0.000000	 1.000000	 1.000000	 11.441641
-69	 0.000000	 1.000000	 1.000000	 11.456794
-74	 0.000000	 1.000000	 1.000000	 11.475897
-74	 0.000000	 1.000000	 1.000000	 11.490343
-74	 0.000000	 1.000000	 1.000000	 11.507935
-74	 0.000000	 1.000000	 1.000000	 11.524309
-72	 0.000000	 1.000000	 1.000000	 11.543644
-73	 0.000000	 1.000000	 1.000000	 11.559529
-74	 0.000000	 1.000000	 1.000000	 11.575363
-73	 0.000000	 1.000000	 1.000000	 11.592564
-75	 0.000000	 1.000000	 1.000000	 11.608084
-72	 0.250000	 -2.250000	 0.628571	 14.023748
-76	 0.250000	 1.000000	 1.000000	 14.040489
-75	 0.142857	 1.000000	 1.000000	 14.056578
-76	 0.000000	 1.000000	 1.000000	 14.071527
-77	 0.142857	 1.000000	 1.000000	 14.087688
-77	 0.000000	 1.000000	 -nan	 14.102498
-78	 0.250000	 1.000000	 1.000000	 14.117460
-77	 0.250000	 1.000000	 1.000000	 14.134082
-76	 0.000000	 1.000000	 1.000000	 14.149043
-77	 0.142857	 1.000000	 1.000000	 14.165404
-76	 0.142857	 1.000000	 1.000000	 14.181494
-74	 0.000000	 1.000000	 1.000000	 14.197951
-75	 0.000000	 1.000000	 1.000000	 14.213131
-72	 0.000000	 1.000000	 1.000000	 14.228936
-76	 0.000000	 1.000000	 1.000000	 14.243199
-75	 0.000000	 1.000000	 1.000000	 14.258460
-74	 0.000000	 1.000000	 1.000000	 14.273127
-75	 0.000000	 1.000000	 1.000000	 14.288255
-76	 0.000000	 1.000000	 1.000000	 14.303774
-79	 0.000000	 1.000000	 1.000000	 14.320727
-79	 0.000000	 1.000000	 1.000000	 14.336350
-77	 0.000000	 1.000000	 1.000000	 14.351569
-77	 0.000000	 1.000000	 1.000000	 14.366079
-78	 0.000000	 1.000000	 1.000000	 14.380891
-79	 0.000000	 1.000000	 1.000000	 14.395330
-77	 0.000000	 1.000000	 1.000000	 14.411634
-77	 0.000000	 1.000000	 1.000000	 14.426853
-78	 0.000000	 1.000000	 1.000000	 14.442103
-76	 0.000000	 1.000000	 1.000000	 14.458276
-75	 0.000000	 1.000000	 1.000000	 14.473094
-77	 0.000000	 1.000000	 1.000000	 14.490512
-79	 0.000000	 1.000000	 1.000000	 14.506414
-79	 0.000000	 1.000000	 1.000000	 14.520749
-79	 0.000000	 1.000000	 1.000000	 14.536492
-79	 0.000000	 1.000000	 1.000000	 14.555376
-79	 0.000000	 1.000000	 1.000000	 14.570230
-80	 0.000000	 1.000000	 1.000000	 14.585164
-80	 0.000000	 1.000000	 1.000000	 14.600540
-79	 0.000000	 1.000000	 1.000000	 14.616408
-80	 0.000000	 1.000000	 1.000000	 14.630789
-79	 0.000000	 1.000000	 1.000000	 14.647807
-80	 0.000000	 1.000000	 1.000000	 14.663856
-82	 0.000000	 1.000000	 1.000000	 14.678157
-82	 0.000000	 1.000000	 1.000000	 14.694010
-80	 0.000000	 1.000000	 1.000000	 14.709389
-77	 0.000000	 1.000000	 1.000000	 14.724978
-78	 0.000000	 1.000000	 1.000000	 14.739803
-77	 0.000000	 1.000000	 1.000000	 14.756077
-78	 0.000000	 1.000000	 1.000000	 14.771208
-76	 0.000000	 1.000000	 1.000000	 14.789681
-81	 0.000000	 1.000000	 1.000000	 14.803042
-79	 0.000000	 1.000000	 1.000000	 14.820212
-81	 0.000000	 1.000000	 1.000000	 14.840668
-81	 0.000000	 1.000000	 1.000000	 14.858707
-79	 0.000000	 1.000000	 1.000000	 14.873257
-79	 0.000000	 1.000000	 1.000000	 14.888509
-79	 0.000000	 1.000000	 1.000000	 14.904273
-78	 0.000000	 1.000000	 1.000000	 14.923781
-75	 0.000000	 1.000000	 1.000000	 14.939159
-76	 0.000000	 1.000000	 1.000000	 14.955330
-78	 0.000000	 1.000000	 1.000000	 14.969722
-75	 0.000000	 1.000000	 1.000000	 14.987651
-76	 0.000000	 1.000000	 1.000000	 15.002557
-80	 0.000000	 1.000000	 1.000000	 15.023833
-76	 0.000000	 1.000000	 1.000000	 15.038968
-75	 0.000000	 1.000000	 1.000000	 15.054241
-76	 0.000000	 1.000000	 1.000000	 15.068792
-77	 0.000000	 1.000000	 1.000000	 15.084282
-76	 0.000000	 1.000000	 1.000000	 15.098931
-78	 0.000000	 1.000000	 1.000000	 15.114694
-79	 0.000000	 1.000000	 1.000000	 15.129903
-77	 0.000000	 1.000000	 1.000000	 15.144406
-76	 0.000000	 1.000000	 1.000000	 15.162530
-75	 0.000000	 1.000000	 1.000000	 15.177055
-77	 0.000000	 1.000000	 1.000000	 15.192744
-77	 0.000000	 1.000000	 1.000000	 15.207528
-78	 0.000000	 1.000000	 1.000000	 15.223218
-79	 0.000000	 1.000000	 1.000000	 15.237343
-79	 0.000000	 1.000000	 1.000000	 15.252850
-78	 0.000000	 1.000000	 1.000000	 15.268058
-77	 0.000000	 1.000000	 1.000000	 15.283560
-77	 0.000000	 1.000000	 1.000000	 15.298230
-78	 0.000000	 1.000000	 1.000000	 15.313965
-78	 0.000000	 1.000000	 1.000000	 15.328078
-78	 0.000000	 1.000000	 1.000000	 15.343752
-78	 0.000000	 1.000000	 1.000000	 15.359605
-79	 0.000000	 1.000000	 1.000000	 15.374640
-78	 0.000000	 1.000000	 1.000000	 15.389274
-79	 0.000000	 1.000000	 1.000000	 15.404940
-78	 0.000000	 1.000000	 1.000000	 15.419926
-77	 0.000000	 1.000000	 1.000000	 15.434863
-79	 0.000000	 1.000000	 1.000000	 15.450496
-80	 0.000000	 1.000000	 1.000000	 15.465382
-78	 0.000000	 1.000000	 1.000000	 15.480537
-76	 0.000000	 1.000000	 1.000000	 15.496148
-75	 0.000000	 1.000000	 1.000000	 15.510851
-75	 0.000000	 1.000000	 1.000000	 15.526527
-76	 0.000000	 1.000000	 1.000000	 15.541733
-77	 0.000000	 1.000000	 1.000000	 15.556385
-77	 0.000000	 1.000000	 1.000000	 15.572030
-77	 0.000000	 1.000000	 1.000000	 15.586888
-76	 0.000000	 1.000000	 1.000000	 15.602551
-77	 0.000000	 1.000000	 1.000000	 15.617241
-75	 0.000000	 1.000000	 1.000000	 15.633242
-74	 0.000000	 1.000000	 1.000000	 15.647595
-76	 0.000000	 1.000000	 1.000000	 15.662355
-78	 0.000000	 1.000000	 1.000000	 15.677886
-78	 0.000000	 1.000000	 1.000000	 15.692758
-78	 0.000000	 1.000000	 1.000000	 15.708252
-78	 0.000000	 1.000000	 1.000000	 15.723773
-78	 0.000000	 1.000000	 1.000000	 15.739129
-78	 0.000000	 1.000000	 1.000000	 15.753385
-75	 0.000000	 1.000000	 1.000000	 15.769301
-74	 0.000000	 1.000000	 1.000000	 15.784284
-73	 0.000000	 1.000000	 1.000000	 15.799887
-73	 0.000000	 1.000000	 1.000000	 15.814915
-74	 0.000000	 1.000000	 1.000000	 15.830570
-77	 0.000000	 1.000000	 1.000000	 15.846593
-76	 0.000000	 1.000000	 1.000000	 15.861276
-76	 0.000000	 1.000000	 1.000000	 15.884106
-75	 0.000000	 1.000000	 1.000000	 15.898443
-75	 0.000000	 1.000000	 1.000000	 15.913151
-75	 0.000000	 1.000000	 1.000000	 15.928660
-76	 0.000000	 1.000000	 1.000000	 15.955591
-75	 0.000000	 1.000000	 1.000000	 15.972152
-79	 0.000000	 1.000000	 1.000000	 15.988110
-78	 0.000000	 1.000000	 1.000000	 16.003361
-77	 0.000000	 1.000000	 1.000000	 16.018185
-77	 0.000000	 1.000000	 1.000000	 16.033644
-78	 0.000000	 1.000000	 1.000000	 16.048571
-77	 0.000000	 1.000000	 1.000000	 16.071409
-78	 0.000000	 1.000000	 1.000000	 16.089025
-78	 0.000000	 1.000000	 1.000000	 16.104290
-77	 0.000000	 1.000000	 1.000000	 16.119013
-76	 0.000000	 1.000000	 1.000000	 16.135729
-76	 0.000000	 1.000000	 1.000000	 16.149517
-76	 0.000000	 1.000000	 1.000000	 16.171679
-71	 0.000000	 1.000000	 1.000000	 16.185881
-76	 0.000000	 1.000000	 1.000000	 16.200840
-77	 0.000000	 1.000000	 1.000000	 16.216120
-76	 0.000000	 1.000000	 1.000000	 16.230940
-75	 0.000000	 1.000000	 1.000000	 16.246439
-75	 0.000000	 1.000000	 1.000000	 16.261259
-73	 0.000000	 1.000000	 1.000000	 16.276814
-73	 0.000000	 1.000000	 1.000000	 16.293158
-73	 0.000000	 1.000000	 1.000000	 16.307753
-74	 0.000000	 1.000000	 1.000000	 16.323687
-76	 0.000000	 1.000000	 1.000000	 16.338692
-76	 0.000000	 1.000000	 1.000000	 16.354193
-74	 0.000000	 1.000000	 1.000000	 16.369953
-74	 0.000000	 1.000000	 1.000000	 16.386160
-74	 0.000000	 1.000000	 1.000000	 16.403696
-75	 0.000000	 1.000000	 1.000000	 16.419672
-74	 0.000000	 1.000000	 1.000000	 16.434593
-75	 0.000000	 1.000000	 1.000000	 16.449459
-77	 0.000000	 1.000000	 1.000000	 16.466377
-74	 0.000000	 1.000000	 1.000000	 16.482252
-73	 0.000000	 1.000000	 1.000000	 16.497971
-72	 0.000000	 1.000000	 1.000000	 16.513659
-74	 0.000000	 1.000000	 1.000000	 16.528543
-76	 0.000000	 1.000000	 1.000000	 16.543898
-77	 0.000000	 1.000000	 1.000000	 16.559340
-73	 0.000000	 1.000000	 1.000000	 16.574999
-74	 0.000000	 1.000000	 1.000000	 16.591022
-75	 0.000000	 1.000000	 1.000000	 16.606054
-74	 0.000000	 1.000000	 1.000000	 16.621473
-74	 0.000000	 1.000000	 1.000000	 16.637152
-75	 0.000000	 1.000000	 1.000000	 16.652912
-76	 0.000000	 1.000000	 1.000000	 16.667620
-75	 0.000000	 1.000000	 1.000000	 16.682266
-73	 0.000000	 1.000000	 1.000000	 16.697695
-71	 0.000000	 1.000000	 1.000000	 16.713301
-72	 0.000000	 1.000000	 1.000000	 16.728516
-72	 0.000000	 1.000000	 1.000000	 16.742903
-73	 0.000000	 1.000000	 1.000000	 16.758389
-71	 0.000000	 1.000000	 1.000000	 16.773836
-67	 0.000000	 1.000000	 1.000000	 16.788773
-71	 0.000000	 1.000000	 1.000000	 16.804077
-70	 0.000000	 1.000000	 1.000000	 16.821497
-75	 0.000000	 1.000000	 1.000000	 16.838125
-74	 0.000000	 1.000000	 1.000000	 16.853380
-73	 0.000000	 1.000000	 1.000000	 16.869753
-72	 0.000000	 1.000000	 1.000000	 16.884550
-73	 0.000000	 1.000000	 1.000000	 16.899527
-73	 0.000000	 1.000000	 1.000000	 16.920046
-73	 0.000000	 1.000000	 1.000000	 16.934605
-75	 0.000000	 1.000000	 1.000000	 16.951717
-77	 0.000000	 1.000000	 1.000000	 16.966311
-77	 0.000000	 1.000000	 1.000000	 16.981365
-71	 0.000000	 1.000000	 1.000000	 16.996721
-73	 0.000000	 1.000000	 1.000000	 17.011875
-75	 0.000000	 1.000000	 1.000000	 17.027506
-73	 0.000000	 1.000000	 1.000000	 17.043478
-75	 0.000000	 1.000000	 1.000000	 17.059528
-74	 0.000000	 1.000000	 1.000000	 17.073692
-73	 0.000000	 1.000000	 1.000000	 17.089476
-72	 0.000000	 1.000000	 1.000000	 17.105177
-72	 0.000000	 1.000000	 1.000000	 17.120092
-73	 0.000000	 1.000000	 1.000000	 17.138023
-73	 0.000000	 1.000000	 1.000000	 17.153172
-74	 0.000000	 1.000000	 1.000000	 17.168228
-74	 0.000000	 1.000000	 1.000000	 17.184122
-68	 0.000000	 1.000000	 1.000000	 17.200491
-76	 0.000000	 1.000000	 1.000000	 17.215864
-75	 0.000000	 1.000000	 1.000000	 17.231684
-75	 0.000000	 1.000000	 1.000000	 17.246225
-75	 0.000000	 1.000000	 1.000000	 17.261629
-75	 0.000000	 1.000000	 1.000000	 17.276842
-76	 0.000000	 1.000000	 1.000000	 17.292528
-76	 0.000000	 1.000000	 1.000000	 17.308336
-75	 0.000000	 1.000000	 1.000000	 17.322716
-74	 0.000000	 1.000000	 1.000000	 17.339188
-73	 0.000000	 1.000000	 1.000000	 17.354649
-73	 0.000000	 1.000000	 1.000000	 17.368656
-72	 0.000000	 1.000000	 1.000000	 17.383381
-73	 0.000000	 1.000000	 1.000000	 17.399233
-73	 0.000000	 1.000000	 1.000000	 17.414516
-73	 0.000000	 1.000000	 1.000000	 17.428965
-72	 0.000000	 1.000000	 1.000000	 17.444593
-72	 0.000000	 1.000000	 1.000000	 17.459652
-70	 0.000000	 1.000000	 1.000000	 17.477692
-71	 0.000000	 1.000000	 1.000000	 17.492191
-71	 0.000000	 1.000000	 1.000000	 17.510277
-69	 0.000000	 1.000000	 1.000000	 17.525494
-70	 0.000000	 1.000000	 1.000000	 17.540958
-73	 0.000000	 1.000000	 1.000000	 17.556335
-74	 0.000000	 1.000000	 1.000000	 17.571518
-72	 0.000000	 1.000000	 1.000000	 17.586842
-69	 0.000000	 1.000000	 1.000000	 17.602077
-69	 0.000000	 1.000000	 1.000000	 17.617350
-69	 0.000000	 1.000000	 1.000000	 17.632364
-69	 0.000000	 1.000000	 1.000000	 17.648808
-67	 0.000000	 1.000000	 1.000000	 17.664881
-68	 0.000000	 1.000000	 1.000000	 17.680065
-67	 0.000000	 1.000000	 1.000000	 17.694569
-67	 0.000000	 1.000000	 1.000000	 17.709991
-68	 0.000000	 1.000000	 1.000000	 17.725363
-67	 0.000000	 1.000000	 1.000000	 17.740053
-69	 0.000000	 1.000000	 1.000000	 17.756058
-69	 0.000000	 1.000000	 1.000000	 17.770887
-69	 0.000000	 1.000000	 1.000000	 17.785372
-69	 0.000000	 1.000000	 1.000000	 17.800989
-70	 0.000000	 1.000000	 1.000000	 17.817886
-69	 0.000000	 1.000000	 1.000000	 17.832376
-69	 0.000000	 1.000000	 1.000000	 17.846884
-70	 0.000000	 1.000000	 1.000000	 17.862579
-71	 0.000000	 1.000000	 1.000000	 17.877415
-71	 0.000000	 1.000000	 1.000000	 17.892429
-71	 0.000000	 1.000000	 1.000000	 17.907919
-72	 0.000000	 1.000000	 1.000000	 17.922995
-72	 0.000000	 1.000000	 1.000000	 17.938190
-72	 0.000000	 1.000000	 1.000000	 17.955248
-73	 0.000000	 1.000000	 1.000000	 17.968439
-71	 0.000000	 1.000000	 1.000000	 17.989410
-70	 0.000000	 1.000000	 1.000000	 18.004280
-70	 0.000000	 1.000000	 1.000000	 18.018932
-69	 0.000000	 1.000000	 1.000000	 18.036777
-69	 0.000000	 1.000000	 1.000000	 18.051319
-68	 0.000000	 1.000000	 1.000000	 18.067350
-67	 0.000000	 1.000000	 1.000000	 18.083838
-68	 0.000000	 1.000000	 1.000000	 18.103275
-68	 0.000000	 1.000000	 1.000000	 18.117300
-67	 0.000000	 1.000000	 1.000000	 18.133430
-66	 0.000000	 1.000000	 1.000000	 18.147968
-66	 0.000000	 1.000000	 1.000000	 18.168182
-66	 0.000000	 1.000000	 1.000000	 18.182682
-67	 0.000000	 1.000000	 1.000000	 18.198221
-65	 0.000000	 1.000000	 1.000000	 18.212671
-66	 0.000000	 1.000000	 1.000000	 18.228628
-64	 0.000000	 1.000000	 1.000000	 18.247995
-65	 0.000000	 1.000000	 1.000000	 18.263113
-65	 0.000000	 1.000000	 1.000000	 18.277359
-66	 0.000000	 1.000000	 1.000000	 18.294344
-66	 0.000000	 1.000000	 1.000000	 18.310244
-67	 0.000000	 1.000000	 1.000000	 18.326311
-65	 0.000000	 1.000000	 1.000000	 18.341978
-65	 0.000000	 1.000000	 1.000000	 18.357166
-66	 0.000000	 1.000000	 1.000000	 18.372255
-65	 0.000000	 1.000000	 1.000000	 18.387896
-65	 0.000000	 1.000000	 1.000000	 18.403229
-63	 0.000000	 1.000000	 1.000000	 18.418625
-64	 0.000000	 1.000000	 1.000000	 18.434664
-64	 0.000000	 1.000000	 1.000000	 18.449575
-65	 0.000000	 1.000000	 1.000000	 18.463924
-66	 0.000000	 1.000000	 1.000000	 18.479551
-65	 0.000000	 1.000000	 1.000000	 18.494844
-66	 0.000000	 1.000000	 1.000000	 18.509172
-66	 0.000000	 1.000000	 1.000000	 18.524700
-65	 0.000000	 1.000000	 1.000000	 18.540255
-66	 0.000000	 1.000000	 1.000000	 18.555103
-65	 0.000000	 1.000000	 1.000000	 18.570419
-65	 0.000000	 1.000000	 1.000000	 18.586145
-65	 0.000000	 1.000000	 1.000000	 18.601089
-64	 0.000000	 1.000000	 1.000000	 18.616261
-61	 0.000000	 1.000000	 1.000000	 18.631878
-65	 0.000000	 1.000000	 1.000000	 18.647558
-65	 0.000000	 1.000000	 1.000000	 18.662327
-65	 0.000000	 1.000000	 1.000000	 18.677559
-66	 0.000000	 1.000000	 1.000000	 18.692251
-66	 0.000000	 1.000000	 1.000000	 18.707474
-66	 0.000000	 1.000000	 1.000000	 18.722944
-67	 0.000000	 1.000000	 1.000000	 18.738440
-66	 0.000000	 1.000000	 1.000000	 18.753370
-65	 0.000000	 1.000000	 1.000000	 18.768700
-67	 0.000000	 1.000000	 1.000000	 18.785173
-66	 0.000000	 1.000000	 1.000000	 18.800003
-65	 0.000000	 1.000000	 1.000000	 18.814833
-65	 0.000000	 1.000000	 1.000000	 18.830374
-62	 0.000000	 1.000000	 1.000000	 18.846210
-63	 0.000000	 1.000000	 1.000000	 18.861185
-65	 0.000000	 1.000000	 1.000000	 18.875813
-64	 0.000000	 1.000000	 1.000000	 18.891405
-65	 0.000000	 1.000000	 1.000000	 18.906075
-64	 0.000000	 1.000000	 1.000000	 18.921125
-63	 0.000000	 1.000000	 1.000000	 18.936625
-63	 0.000000	 1.000000	 1.000000	 18.955147
-66	 0.000000	 1.000000	 1.000000	 18.970148
-65	 0.000000	 1.000000	 1.000000	 18.984861
-65	 0.000000	 1.000000	 1.000000	 19.000399
-67	 0.000000	 1.000000	 1.000000	 19.020502
-66	 0.000000	 1.000000	 1.000000	 19.035105
-67	 0.000000	 1.000000	 1.000000	 19.051298
-66	 0.000000	 1.000000	 1.000000	 19.066475
-66	 0.000000	 1.000000	 1.000000	 19.081322
-66	 0.000000	 1.000000	 1.000000	 19.096155
-67	 0.000000	 1.000000	 1.000000	 19.111418
-67	 0.000000	 1.000000	 1.000000	 19.126993
-67	 0.000000	 1.000000	 1.000000	 19.141586
-66	 0.000000	 1.000000	 1.000000	 19.157547
-66	 0.000000	 1.000000	 1.000000	 19.172731
-63	 0.000000	 1.000000	 1.000000	 19.186460
-62	 0.000000	 1.000000	 1.000000	 19.201748
-64	 0.000000	 1.000000	 1.000000	 19.216869
-65	 0.000000	 1.000000	 1.000000	 19.231430
-61	 0.142857	 1.000000	 1.000000	 19.249216
-70	 0.000000	 1.000000	 1.000000	 19.482380
-68	 0.000000	 1.000000	 1.000000	 19.527288
-66	 0.000000	 1.000000	 1.000000	 19.569941
-67	 0.000000	 1.000000	 1.000000	 19.615923
-67	 0.000000	 1.000000	 1.000000	 19.674543
-66	 0.000000	 1.000000	 1.000000	 19.931795
-69	 0.000000	 1.000000	 1.000000	 19.970003
-61	 0.000000	 1.000000	 1.000000	 20.197847
-60	 0.000000	 1.000000	 1.000000	 20.220673
-59	 0.000000	 1.000000	 1.000000	 20.275974
-61	 0.000000	 1.000000	 1.000000	 20.293713
-61	 0.454545	 1.000000	 1.000000	 20.308397
-59	 0.500000	 1.000000	 1.000000	 20.325283
-61	 0.142857	 1.000000	 1.000000	 20.343502
-60	 0.000000	 1.000000	 1.000000	 20.358980
-60	 0.000000	 1.000000	 1.000000	 20.375805
-62	 0.000000	 1.000000	 1.000000	 20.390882
-61	 0.000000	 1.000000	 1.000000	 20.408873
-61	 0.000000	 1.000000	 1.000000	 20.425076
-58	 0.000000	 1.000000	 1.000000	 20.444180
-57	 0.000000	 1.000000	 1.000000	 20.459131
-56	 0.000000	 1.000000	 1.000000	 20.474779
-57	 0.000000	 1.000000	 1.000000	 20.489721
-56	 0.000000	 1.000000	 1.000000	 20.505304
-59	 0.000000	 1.000000	 1.000000	 20.519978
-55	 0.625000	 1.000000	 1.000000	 20.538921
-58	 0.846154	 1.000000	 1.000000	 20.565390
-60	 0.850000	 1.000000	 1.000000	 20.592993
-58	 0.837838	 1.000000	 1.000000	 20.608288
-59	 0.714286	 1.000000	 1.000000	 20.618013
-60	 0.454545	 1.000000	 1.000000	 20.642094
-54	 0.000000	 1.000000	 1.000000	 20.692987
-61	 0.000000	 1.000000	 1.000000	 20.746410
-61	 0.000000	 1.000000	 1.000000	 20.793346
-60	 0.000000	 1.000000	 1.000000	 20.842606
-62	 0.000000	 1.000000	 1.000000	 20.893330
-64	 0.000000	 1.000000	 1.000000	 20.939415
-62	 0.000000	 1.000000	 1.000000	 20.980694
-55	 0.142857	 1.000000	 1.000000	 20.996120
-60	 0.818182	 1.000000	 1.000000	 21.015400
-58	 0.820513	 1.000000	 1.000000	 21.038832
-60	 0.700000	 1.000000	 1.000000	 21.047485
-58	 0.813953	 1.000000	 1.000000	 21.065472
-58	 0.000000	 1.000000	 1.000000	 21.105947
-57	 0.000000	 1.000000	 1.000000	 21.155745
-60	 0.333333	 1.000000	 1.000000	 21.189913
-57	 0.250000	 1.000000	 1.000000	 21.222296
-60	 0.000000	 1.000000	 1.000000	 21.271620
-62	 0.142857	 1.000000	 1.000000	 21.298626
-62	 0.500000	 1.000000	 -nan	 21.306873
-58	 0.800000	 1.000000	 1.000000	 21.322685
-58	 0.777778	 1.000000	 1.000000	 21.345644
-57	 0.000000	 1.000000	 1.000000	 21.360973
-60	 0.400000	 1.000000	 1.000000	 21.394650
-58	 0.875000	 1.000000	 1.000000	 21.413437
-60	 0.833333	 1.000000	 1.000000	 21.427458
-59	 0.500000	 1.000000	 1.000000	 21.433710
-59	 0.250000	 1.000000	 1.000000	 21.441860
-59	 0.300000	 1.000000	 1.000000	 21.455923
-58	 0.400000	 1.000000	 1.000000	 21.471638
-57	 0.896552	 1.000000	 1.000000	 21.492702
-55	 0.823529	 1.000000	 1.000000	 21.509840
-55	 0.454545	 1.000000	 1.000000	 21.518612
-56	 0.384615	 1.000000	 1.000000	 21.532265
-60	 0.000000	 1.000000	 1.000000	 21.573055
-55	 0.000000	 1.000000	 1.000000	 21.616444
-53	 0.000000	 1.000000	 1.000000	 21.663612
-57	 0.538462	 1.000000	 1.000000	 21.671768
-57	 0.400000	 1.000000	 1.000000	 21.701715
-56	 0.600000	 1.000000	 1.000000	 21.711691
-59	 0.222222	 1.000000	 1.000000	 21.740997
-57	 0.000000	 1.000000	 1.000000	 21.788296
-56	 0.125000	 1.000000	 1.000000	 21.800859
-55	 0.250000	 1.000000	 1.000000	 21.836817
-56	 0.600000	 1.000000	 1.000000	 21.845980
-55	 0.898305	 1.000000	 1.000000	 21.880440
-55	 0.400000	 1.000000	 1.000000	 21.906694
-56	 0.538462	 1.000000	 1.000000	 21.913612
-56	 0.750000	 1.000000	 1.000000	 21.923759
-56	 0.785714	 1.000000	 1.000000	 21.937710
-56	 0.800000	 1.000000	 1.000000	 21.950089
-54	 0.866667	 1.000000	 1.000000	 21.969337
-54	 0.571429	 1.000000	 1.000000	 21.977413
-54	 0.533333	 1.000000	 1.000000	 21.986216
-54	 0.400000	 1.000000	 1.000000	 22.012629
-49	 0.938776	 1.000000	 1.000000	 22.047903
-53	 0.962025	 1.000000	 1.000000	 22.103636
-51	 0.800000	 1.000000	 1.000000	 22.117849
-52	 0.666667	 1.000000	 1.000000	 22.129580
-53	 0.333333	 1.000000	 1.000000	 22.139715
-56	 0.500000	 1.000000	 1.000000	 22.158232
-57	 0.700000	 1.000000	 1.000000	 22.169027
-52	 0.921053	 1.000000	 1.000000	 22.197100
-42	 0.600000	 1.000000	 1.000000	 22.218262
-53	 0.500000	 1.000000	 1.000000	 22.241467
-54	 0.898305	 1.000000	 1.000000	 22.264126
-56	 0.500000	 1.000000	 1.000000	 22.271606
-56	 0.454545	 1.000000	 1.000000	 22.284071
-56	 0.500000	 1.000000	 1.000000	 22.297350
-56	 0.846154	 1.000000	 1.000000	 22.312977
-54	 0.916667	 1.000000	 1.000000	 22.341698
-55	 0.538462	 1.000000	 1.000000	 22.349035
-55	 0.000000	 1.000000	 1.000000	 22.364149
-56	 0.000000	 1.000000	 1.000000	 22.404110
-51	 0.000000	 1.000000	 1.000000	 22.441133
-53	 0.647059	 1.000000	 1.000000	 22.452951
-50	 0.000000	 1.000000	 1.000000	 22.492817
-48	 0.333333	 1.000000	 1.000000	 22.506889
-53	 0.892857	 1.000000	 1.000000	 22.529556
-49	 0.684211	 1.000000	 1.000000	 22.569296
-49	 0.000000	 1.000000	 1.000000	 22.581041
-51	 0.142857	 1.000000	 1.000000	 22.618576
-50	 0.000000	 1.000000	 1.000000	 22.654285
-53	 0.882353	 1.000000	 1.000000	 22.686607
-50	 0.333333	 1.000000	 1.000000	 22.711252
-53	 0.142857	 1.000000	 1.000000	 22.743603
-54	 0.828571	 1.000000	 1.000000	 22.758261
-54	 0.684211	 1.000000	 1.000000	 22.776228
-53	 0.400000	 1.000000	 1.000000	 22.792685
-52	 0.000000	 1.000000	 1.000000	 22.842169
-55	 0.000000	 1.000000	 1.000000	 22.874582
-54	 0.000000	 1.000000	 1.000000	 22.880383
-54	 0.333333	 1.000000	 1.000000	 22.897215
-43	 0.142857	 1.000000	 1.000000	 22.940163
-53	 0.250000	 1.000000	 1.000000	 22.974113
-55	 0.250000	 1.000000	 1.000000	 22.989372
-55	 0.000000	 1.000000	 1.000000	 23.026749
-54	 0.142857	 1.000000	 1.000000	 23.057297
-55	 0.333333	 1.000000	 1.000000	 23.074583
-53	 0.812500	 1.000000	 1.000000	 23.092461
-52	 0.727273	 1.000000	 1.000000	 23.109419
-52	 0.769231	 1.000000	 1.000000	 23.122177
-54	 0.700000	 1.000000	 1.000000	 23.132586
-54	 0.695652	 1.000000	 1.000000	 23.147390
-53	 0.777778	 1.000000	 1.000000	 23.159460
-51	 0.655172	 1.000000	 1.000000	 23.175390
-52	 0.454545	 1.000000	 1.000000	 23.182262
-51	 0.250000	 1.000000	 1.000000	 23.191711
-51	 0.454545	 1.000000	 1.000000	 23.199804
-53	 0.000000	 1.000000	 1.000000	 23.231777
-55	 0.000000	 1.000000	 1.000000	 23.284214
-55	 0.000000	 1.000000	 1.000000	 23.335531
-54	 0.500000	 1.000000	 1.000000	 23.345358
-55	 0.769231	 1.000000	 1.000000	 23.355509
-55	 0.857143	 1.000000	 1.000000	 23.372774
-54	 0.800000	 1.000000	 1.000000	 23.385447
-54	 0.907692	 1.000000	 1.000000	 23.409983
-54	 0.538462	 1.000000	 1.000000	 23.418655
-56	 0.142857	 1.000000	 1.000000	 23.422913
-50	 0.250000	 1.000000	 1.000000	 23.456057
-55	 0.000000	 1.000000	 1.000000	 23.504751
-55	 0.000000	 1.000000	 1.000000	 23.554462
-57	 0.000000	 1.000000	 1.000000	 23.605803
-53	 0.000000	 1.000000	 1.000000	 23.655573
-58	 0.000000	 1.000000	 1.000000	 23.702156
-56	 0.000000	 1.000000	 1.000000	 23.760429
-61	 0.000000	 1.000000	 1.000000	 23.810028
-62	 0.000000	 1.000000	 1.000000	 23.855028
-64	 0.000000	 1.000000	 1.000000	 23.896112
-65	 0.000000	 1.000000	 1.000000	 23.938173
-64	 0.000000	 1.000000	 1.000000	 23.961229
-63	 0.000000	 1.000000	 1.000000	 23.979757
-65	 0.000000	 1.000000	 1.000000	 23.995275
-63	 0.000000	 1.000000	 1.000000	 24.010950
-62	 0.000000	 1.000000	 1.000000	 24.026157
-62	 0.000000	 1.000000	 1.000000	 24.042212
-58	 0.000000	 1.000000	 1.000000	 24.057983
-59	 0.000000	 1.000000	 1.000000	 24.073532
-56	 0.000000	 1.000000	 1.000000	 24.093407
-58	 0.000000	 1.000000	 1.000000	 24.109001
-59	 0.000000	 1.000000	 1.000000	 24.126081
-59	 0.000000	 1.000000	 1.000000	 24.141060
-61	 0.000000	 1.000000	 1.000000	 24.156672
-61	 0.000000	 1.000000	 1.000000	 24.171518
-61	 0.000000	 1.000000	 1.000000	 24.187923
-64	 0.000000	 1.000000	 1.000000	 24.201820
-65	 0.000000	 1.000000	 1.000000	 24.217196
-65	 0.000000	 1.000000	 1.000000	 24.232128
-66	 0.000000	 1.000000	 1.000000	 24.247034
-66	 0.000000	 1.000000	 1.000000	 24.262264
-66	 0.000000	 1.000000	 1.000000	 24.277428
-66	 0.000000	 1.000000	 1.000000	 24.292870
-66	 0.000000	 1.000000	 1.000000	 24.308165
-65	 0.000000	 1.000000	 1.000000	 24.322639
-65	 0.000000	 1.000000	 1.000000	 24.338251
-65	 0.000000	 1.000000	 1.000000	 24.352753
-66	 0.000000	 1.000000	 1.000000	 24.367556
-66	 0.000000	 1.000000	 1.000000	 24.383480
-66	 0.000000	 1.000000	 1.000000	 24.398252
-67	 0.000000	 1.000000	 1.000000	 24.414444
-68	 0.000000	 1.000000	 1.000000	 24.428337
-69	 0.000000	 1.000000	 1.000000	 24.444433
-71	 0.000000	 1.000000	 1.000000	 24.459282
-71	 0.000000	 1.000000	 1.000000	 24.474110
-73	 0.000000	 1.000000	 1.000000	 24.489189
-75	 0.000000	 1.000000	 1.000000	 24.505926
-75	 0.000000	 1.000000	 1.000000	 24.523333
-73	 0.000000	 1.000000	 1.000000	 24.539305
-72	 0.000000	 1.000000	 1.000000	 24.554407
-70	 0.000000	 1.000000	 1.000000	 24.568861
-69	 0.000000	 1.000000	 1.000000	 24.584120
-69	 0.000000	 1.000000	 1.000000	 24.599031
-68	 0.000000	 1.000000	 1.000000	 24.613871
-68	 0.000000	 1.000000	 1.000000	 24.629335
-67	 0.000000	 1.000000	 1.000000	 24.644077
-68	 0.000000	 1.000000	 1.000000	 24.659691
-69	 0.000000	 1.000000	 1.000000	 24.674042
-69	 0.000000	 1.000000	 1.000000	 24.689556
-68	 0.000000	 1.000000	 1.000000	 24.705046
-66	 0.000000	 1.000000	 1.000000	 24.720264
-66	 0.000000	 1.000000	 1.000000	 24.735266
-66	 0.000000	 1.000000	 1.000000	 24.749958
-66	 0.000000	 1.000000	 1.000000	 24.765980
-66	 0.000000	 1.000000	 1.000000	 24.781174
-66	 0.000000	 1.000000	 1.000000	 24.798571
-66	 0.000000	 1.000000	 1.000000	 24.814020
-65	 0.000000	 1.000000	 1.000000	 24.828648
-65	 0.000000	 1.000000	 1.000000	 24.843979
-64	 0.000000	 1.000000	 1.000000	 24.859756
-64	 0.000000	 1.000000	 1.000000	 24.874329
-65	 0.000000	 1.000000	 1.000000	 24.889343
-66	 0.000000	 1.000000	 1.000000	 24.905197
-66	 0.000000	 1.000000	 1.000000	 24.921049
-67	 0.000000	 1.000000	 1.000000	 24.936275
-67	 0.000000	 1.000000	 1.000000	 24.953424
-66	 0.000000	 1.000000	 1.000000	 24.969193
-63	 0.000000	 1.000000	 1.000000	 24.984030
-66	 0.000000	 1.000000	 1.000000	 24.999443
-68	 0.000000	 1.000000	 1.000000	 25.015259
-68	 0.000000	 1.000000	 1.000000	 25.030451
-69	 0.000000	 1.000000	 1.000000	 25.045462
-71	 0.000000	 1.000000	 1.000000	 25.059866
-71	 0.000000	 1.000000	 1.000000	 25.075703
-72	 0.000000	 1.000000	 1.000000	 25.090942
-72	 0.000000	 1.000000	 1.000000	 25.107862
-70	 0.000000	 1.000000	 1.000000	 25.122021
-69	 0.000000	 1.000000	 1.000000	 25.136909
-68	 0.000000	 1.000000	 1.000000	 25.151829
-68	 0.000000	 1.000000	 1.000000	 25.166832
-67	 0.000000	 1.000000	 1.000000	 25.181961
-68	 0.000000	 1.000000	 1.000000	 25.197308
-68	 0.000000	 1.000000	 1.000000	 25.212540
-68	 0.000000	 1.000000	 1.000000	 25.227882
-69	 0.000000	 1.000000	 1.000000	 25.243629
-68	 0.000000	 1.000000	 1.000000	 25.260145
-68	 0.000000	 1.000000	 1.000000	 25.275526
-67	 0.000000	 1.000000	 1.000000	 25.296083
-68	 0.000000	 1.000000	 1.000000	 25.308933
-68	 0.000000	 1.000000	 1.000000	 25.324308
-70	 0.000000	 1.000000	 1.000000	 25.340551
-71	 0.000000	 1.000000	 1.000000	 25.355953
-71	 0.000000	 1.000000	 1.000000	 25.370701
-71	 0.000000	 1.000000	 1.000000	 25.385553
-72	 0.000000	 1.000000	 1.000000	 25.400440
-73	 0.000000	 1.000000	 1.000000	 25.415646
-74	 0.000000	 1.000000	 1.000000	 25.430689
-76	 0.000000	 1.000000	 1.000000	 25.446596
-77	 0.000000	 1.000000	 1.000000	 25.462803
-75	 0.000000	 1.000000	 1.000000	 25.479424
-75	 0.000000	 1.000000	 1.000000	 25.496120
-75	 0.000000	 1.000000	 1.000000	 25.510391
-75	 0.000000	 1.000000	 1.000000	 25.525454
-76	 0.000000	 1.000000	 1.000000	 25.541393
-75	 0.000000	 1.000000	 1.000000	 25.556505
-74	 0.000000	 1.000000	 1.000000	 25.571178
-73	 0.000000	 1.000000	 1.000000	 25.586189
-72	 0.000000	 1.000000	 1.000000	 25.602320
-72	 0.000000	 1.000000	 1.000000	 25.616678
-72	 0.000000	 1.000000	 1.000000	 25.632614
-71	 0.000000	 1.000000	 1.000000	 25.647497
-73	 0.000000	 1.000000	 1.000000	 25.662092
-74	 0.000000	 1.000000	 1.000000	 25.677567
-72	 0.000000	 1.000000	 1.000000	 25.694765
-73	 0.000000	 1.000000	 1.000000	 25.711016
-71	 0.000000	 1.000000	 1.000000	 25.725721
-71	 0.000000	 1.000000	 1.000000	 25.740967
-71	 0.000000	 1.000000	 1.000000	 25.755974
-71	 0.000000	 1.000000	 1.000000	 25.770382
-70	 0.000000	 1.000000	 1.000000	 25.785437
-70	 0.000000	 1.000000	 1.000000	 25.800568
-71	 0.000000	 1.000000	 1.000000	 25.816565
-73	 0.000000	 1.000000	 1.000000	 25.831314
-75	 0.000000	 1.000000	 1.000000	 25.847359
-72	 0.000000	 1.000000	 1.000000	 25.863363
-72	 0.000000	 1.000000	 1.000000	 25.879761
-71	 0.000000	 1.000000	 1.000000	 25.894140
-70	 0.000000	 1.000000	 1.000000	 25.909422
-71	 0.000000	 1.000000	 1.000000	 25.924698
-74	 0.000000	 1.000000	 1.000000	 25.940577
-74	 0.000000	 1.000000	 1.000000	 25.956072
-76	 0.000000	 1.000000	 1.000000	 25.971743
-76	 0.000000	 1.000000	 1.000000	 25.986956
-77	 0.000000	 1.000000	 1.000000	 26.001661
-75	 0.000000	 1.000000	 1.000000	 26.017246
-71	 0.000000	 1.000000	 1.000000	 26.032883
-74	 0.000000	 1.000000	 1.000000	 26.047495
-77	 0.000000	 1.000000	 1.000000	 26.063168
-73	 0.000000	 1.000000	 1.000000	 26.078564
-74	 0.000000	 1.000000	 1.000000	 26.093208
-73	 0.000000	 1.000000	 1.000000	 26.115847
-71	 0.000000	 1.000000	 1.000000	 26.133377
-70	 0.000000	 1.000000	 1.000000	 26.147926
-69	 0.000000	 1.000000	 1.000000	 26.163963
-69	 0.000000	 1.000000	 1.000000	 26.178726
-71	 0.000000	 1.000000	 1.000000	 26.193573
-71	 0.000000	 1.000000	 1.000000	 26.208565
-72	 0.000000	 1.000000	 1.000000	 26.228207
-72	 0.000000	 1.000000	 1.000000	 26.241707
-71	 0.000000	 1.000000	 1.000000	 26.256605
-73	 0.000000	 1.000000	 1.000000	 26.271809
-74	 0.000000	 1.000000	 1.000000	 26.289843
-74	 0.000000	 1.000000	 -nan	 26.303928
-70	 0.000000	 1.000000	 -nan	 26.319475
-70	 0.000000	 1.000000	 -nan	 26.334059
-75	 0.000000	 1.000000	 1.000000	 26.354450
-75	 0.000000	 1.000000	 1.000000	 26.367590
-74	 0.000000	 1.000000	 1.000000	 26.383751
-73	 0.000000	 1.000000	 1.000000	 26.397863
-72	 0.000000	 1.000000	 1.000000	 26.413195
-74	 0.000000	 1.000000	 1.000000	 26.428881
-74	 0.000000	 1.000000	 1.000000	 26.444662
-74	 0.000000	 1.000000	 1.000000	 26.458990
-75	 0.000000	 1.000000	 1.000000	 26.475273
-76	 0.000000	 1.000000	 1.000000	 26.490294
-74	 0.000000	 1.000000	 1.000000	 26.505772
-73	 0.000000	 1.000000	 1.000000	 26.526152
-73	 0.000000	 1.000000	 1.000000	 26.540838
-72	 0.000000	 1.000000	 1.000000	 26.556547
-74	 0.000000	 1.000000	 1.000000	 26.571547
-74	 0.000000	 1.000000	 1.000000	 26.587250
-74	 0.000000	 1.000000	 1.000000	 26.603951
-75	 0.000000	 1.000000	 1.000000	 26.619188
-76	 0.000000	 1.000000	 1.000000	 26.635687
-76	 0.000000	 1.000000	 1.000000	 26.650932
-76	 0.000000	 1.000000	 1.000000	 26.667196
-74	 0.000000	 1.000000	 1.000000	 26.681322
-74	 0.000000	 1.000000	 1.000000	 26.695475
-73	 0.000000	 1.000000	 1.000000	 26.710360
-72	 0.000000	 1.000000	 1.000000	 26.726522
-72	 0.000000	 1.000000	 1.000000	 26.742090
-72	 0.000000	 1.000000	 1.000000	 26.757158
-74	 0.000000	 1.000000	 1.000000	 26.772593
-76	 0.000000	 1.000000	 1.000000	 26.788225
-77	 0.000000	 1.000000	 1.000000	 26.803877
-75	 0.000000	 1.000000	 1.000000	 26.818567
-75	 0.000000	 1.000000	 1.000000	 26.835779
-74	 0.000000	 1.000000	 1.000000	 26.850471
-76	 0.000000	 1.000000	 1.000000	 26.866158
-76	 0.000000	 1.000000	 1.000000	 26.881273
-75	 0.000000	 1.000000	 1.000000	 26.895868
-75	 0.000000	 1.000000	 1.000000	 26.911888
-73	 0.000000	 1.000000	 1.000000	 26.926670
-74	 0.000000	 1.000000	 1.000000	 26.942545
-74	 0.000000	 1.000000	 1.000000	 26.956619
-73	 0.000000	 1.000000	 1.000000	 26.972000
-73	 0.000000	 1.000000	 1.000000	 26.987616
-73	 0.000000	 1.000000	 1.000000	 27.002460
-73	 0.000000	 1.000000	 1.000000	 27.017485
-75	 0.000000	 1.000000	 1.000000	 27.033615
-75	 0.000000	 1.000000	 1.000000	 27.048876
-76	 0.000000	 1.000000	 1.000000	 27.062651
-75	 0.000000	 1.000000	 1.000000	 27.077396
-74	 0.000000	 1.000000	 1.000000	 27.092695
-73	 0.000000	 1.000000	 1.000000	 27.108301
-74	 0.000000	 1.000000	 1.000000	 27.123898
-74	 0.000000	 1.000000	 1.000000	 27.141663
-74	 0.000000	 1.000000	 1.000000	 27.156460
-74	 0.000000	 1.000000	 1.000000	 27.174763
-76	 0.000000	 1.000000	 1.000000	 27.189831
-78	 0.000000	 1.000000	 1.000000	 27.205511
-78	 0.000000	 1.000000	 1.000000	 27.220234
-72	 0.000000	 1.000000	 1.000000	 27.235529
-75	 0.000000	 1.000000	 1.000000	 27.250158
-75	 0.000000	 1.000000	 1.000000	 27.265671
-75	 0.000000	 1.000000	 1.000000	 27.280754
-77	 0.000000	 1.000000	 1.000000	 27.303829
-77	 0.000000	 1.000000	 1.000000	 27.319448
-77	 0.000000	 1.000000	 1.000000	 27.336367
-76	 0.000000	 1.000000	 1.000000	 27.351377
-76	 0.000000	 1.000000	 1.000000	 27.367214
-76	 0.000000	 1.000000	 1.000000	 27.382479
-75	 0.000000	 1.000000	 1.000000	 27.397266
-75	 0.000000	 1.000000	 1.000000	 27.412598
-75	 0.000000	 1.000000	 1.000000	 27.427706
-71	 0.000000	 1.000000	 1.000000	 27.442471
-75	 0.000000	 1.000000	 1.000000	 27.458614
-75	 0.000000	 1.000000	 1.000000	 27.473705
-74	 0.000000	 1.000000	 1.000000	 27.488668
-72	 0.000000	 1.000000	 1.000000	 27.503441
-74	 0.000000	 1.000000	 1.000000	 27.519037
-75	 0.000000	 1.000000	 1.000000	 27.534298
-75	 0.000000	 1.000000	 1.000000	 27.549646
-77	 0.000000	 1.000000	 1.000000	 27.565161
-77	 0.000000	 1.000000	 1.000000	 27.579903
-76	 0.000000	 1.000000	 1.000000	 27.595833
-78	 0.000000	 1.000000	 1.000000	 27.610373
-78	 0.000000	 1.000000	 1.000000	 27.627987
-72	 0.000000	 1.000000	 1.000000	 27.643929
-76	 0.000000	 1.000000	 1.000000	 27.658487
-77	 0.000000	 1.000000	 1.000000	 27.674026
-76	 0.000000	 1.000000	 1.000000	 27.688805
-77	 0.000000	 1.000000	 1.000000	 27.703899
-76	 0.000000	 1.000000	 1.000000	 27.718645
-77	 0.000000	 1.000000	 1.000000	 27.734125
-75	 0.000000	 1.000000	 1.000000	 27.749039
-77	 0.000000	 1.000000	 1.000000	 27.764469
-74	 0.000000	 1.000000	 1.000000	 27.780128
-75	 0.000000	 1.000000	 1.000000	 27.795458
-77	 0.000000	 1.000000	 1.000000	 27.809532
-78	 0.000000	 1.000000	 1.000000	 27.824610
-74	 0.000000	 1.000000	 1.000000	 27.840322
-70	 0.000000	 1.000000	 1.000000	 27.855339
-70	 0.000000	 1.000000	 1.000000	 27.870937
-74	 0.000000	 1.000000	 1.000000	 27.885683
-74	 0.000000	 1.000000	 1.000000	 27.900934
-75	 0.000000	 1.000000	 1.000000	 27.917044
-75	 0.000000	 1.000000	 1.000000	 27.931852
-77	 0.000000	 1.000000	 1.000000	 27.947453
-77	 0.000000	 1.000000	 1.000000	 27.962730
-76	 0.000000	 1.000000	 1.000000	 27.978180
-75	 0.000000	 1.000000	 1.000000	 27.992973
-75	 0.000000	 1.000000	 1.000000	 28.007893
-76	 0.000000	 1.000000	 1.000000	 28.025230
-77	 0.000000	 1.000000	 1.000000	 28.040766
-76	 0.000000	 1.000000	 1.000000	 28.056782
-75	 0.000000	 1.000000	 1.000000	 28.071049
-75	 0.000000	 1.000000	 1.000000	 28.086739
-76	 0.000000	 1.000000	 1.000000	 28.101265
-77	 0.000000	 1.000000	 1.000000	 28.116520
-78	 0.000000	 1.000000	 1.000000	 28.131912
-78	 0.000000	 1.000000	 1.000000	 28.146563
-78	 0.000000	 1.000000	 1.000000	 28.167410
-77	 0.000000	 1.000000	 1.000000	 28.182764
-74	 0.000000	 1.000000	 1.000000	 28.199869
-76	 0.000000	 1.000000	 1.000000	 28.215319
-75	 0.000000	 1.000000	 1.000000	 28.229963
-76	 0.000000	 1.000000	 1.000000	 28.245707
-76	 0.000000	 1.000000	 1.000000	 28.262119
-77	 0.000000	 1.000000	 1.000000	 28.277191
-77	 0.000000	 1.000000	 1.000000	 28.291622
-77	 0.000000	 1.000000	 1.000000	 28.307003
-76	 0.000000	 1.000000	 1.000000	 28.321507
-75	 0.000000	 1.000000	 1.000000	 28.336847
-74	 0.000000	 1.000000	 1.000000	 28.352091
-74	 0.000000	 1.000000	 1.000000	 28.368484
-74	 0.000000	 1.000000	 1.000000	 28.383106
-75	 0.000000	 1.000000	 1.000000	 28.399403
-74	 0.000000	 1.000000	 1.000000	 28.413824
-75	 0.000000	 1.000000	 1.000000	 28.428284
-77	 0.000000	 1.000000	 1.000000	 28.443247
-77	 0.000000	 1.000000	 1.000000	 28.459368
-77	 0.000000	 1.000000	 1.000000	 28.474028
-74	 0.000000	 1.000000	 1.000000	 28.489246
-74	 0.000000	 1.000000	 1.000000	 28.504271
-76	 0.000000	 1.000000	 1.000000	 28.519506
-77	 0.000000	 1.000000	 1.000000	 28.534761
-78	 0.000000	 1.000000	 1.000000	 28.549458
-79	 0.000000	 1.000000	 1.000000	 28.565166
-79	 0.000000	 1.000000	 1.000000	 28.580181
-78	 0.000000	 1.000000	 1.000000	 28.595667
-77	 0.000000	 1.000000	 1.000000	 28.611340
-77	 0.000000	 1.000000	 1.000000	 28.628456
-77	 0.000000	 1.000000	 1.000000	 28.643875
-77	 0.000000	 1.000000	 1.000000	 28.658438
-71	 0.000000	 1.000000	 1.000000	 28.674206
-75	 0.000000	 1.000000	 1.000000	 28.689070
-75	 0.000000	 1.000000	 1.000000	 28.704847
-76	 0.000000	 1.000000	 1.000000	 28.719542
-77	 0.000000	 1.000000	 1.000000	 28.733925
-78	 0.000000	 1.000000	 1.000000	 28.750139
-77	 0.000000	 1.000000	 1.000000	 28.764912
-76	 0.000000	 1.000000	 1.000000	 28.783216
-77	 0.000000	 1.000000	 1.000000	 28.797583
-77	 0.000000	 1.000000	 1.000000	 28.813293
-75	 0.000000	 1.000000	 1.000000	 28.831879
-75	 0.000000	 1.000000	 1.000000	 28.846014
-76	 0.000000	 1.000000	 1.000000	 28.860434
-72	 0.000000	 1.000000	 1.000000	 28.876131
-75	 0.000000	 1.000000	 1.000000	 28.892136
-76	 0.000000	 1.000000	 1.000000	 28.906761
-75	 0.000000	 1.000000	 1.000000	 28.922226
-75	 0.000000	 1.000000	 1.000000	 28.936922
-76	 0.000000	 1.000000	 1.000000	 28.953186
-76	 0.000000	 1.000000	 1.000000	 28.968239
-76	 0.000000	 1.000000	 1.000000	 28.986809
-75	 0.000000	 1.000000	 1.000000	 29.001057
-76	 0.000000	 1.000000	 1.000000	 29.016220
-76	 0.000000	 1.000000	 1.000000	 29.033175
-76	 0.000000	 1.000000	 1.000000	 29.048937
-77	 0.000000	 1.000000	 1.000000	 29.063850
-72	 0.000000	 1.000000	 1.000000	 29.079355
-78	 0.000000	 1.000000	 1.000000	 29.094118
-78	 0.000000	 1.000000	 1.000000	 29.109669
-79	 0.000000	 1.000000	 1.000000	 29.124590
-78	 0.000000	 1.000000	 1.000000	 29.140629
-79	 0.000000	 1.000000	 1.000000	 29.155739
-78	 0.000000	 1.000000	 1.000000	 29.170555
-78	 0.000000	 1.000000	 1.000000	 29.186197
-78	 0.000000	 1.000000	 1.000000	 29.201464
-78	 0.000000	 1.000000	 1.000000	 29.219818
-79	 0.000000	 1.000000	 1.000000	 29.234798
-80	 0.000000	 1.000000	 1.000000	 29.250025
-79	 0.000000	 1.000000	 1.000000	 29.263802
-79	 0.000000	 1.000000	 1.000000	 29.279819
-78	 0.000000	 1.000000	 1.000000	 29.294416
-77	 0.000000	 1.000000	 1.000000	 29.310459
-77	 0.000000	 1.000000	 1.000000	 29.325745
-78	 0.000000	 1.000000	 1.000000	 29.340002
-78	 0.000000	 1.000000	 1.000000	 29.355602
-79	 0.000000	 1.000000	 1.000000	 29.370441
-75	 0.000000	 1.000000	 1.000000	 29.387470
-79	 0.000000	 1.000000	 1.000000	 29.402416
-81	 0.000000	 1.000000	 1.000000	 29.418327
-81	 0.000000	 1.000000	 -nan	 29.433786
-81	 0.000000	 1.000000	 1.000000	 29.451664
-78	 0.000000	 1.000000	 1.000000	 29.468868
-77	 0.000000	 1.000000	 1.000000	 29.484070
-75	 0.000000	 1.000000	 1.000000	 29.500422
-76	 0.000000	 1.000000	 1.000000	 29.514688
-77	 0.000000	 1.000000	 1.000000	 29.533360
-77	 0.000000	 1.000000	 1.000000	 29.547661
-78	 0.000000	 1.000000	 1.000000	 29.562986
-77	 0.000000	 1.000000	 1.000000	 29.577978
-76	 0.000000	 1.000000	 1.000000	 29.593760
-77	 0.000000	 1.000000	 1.000000	 29.608780
-78	 0.000000	 1.000000	 1.000000	 29.623877
-77	 0.000000	 1.000000	 1.000000	 29.638493
-78	 0.000000	 1.000000	 1.000000	 29.654310
-80	 0.000000	 1.000000	 1.000000	 29.669474
-81	 0.000000	 1.000000	 1.000000	 29.684296
-80	 0.000000	 1.000000	 1.000000	 29.700455
-80	 0.000000	 1.000000	 1.000000	 29.715345
-81	 0.000000	 1.000000	 1.000000	 29.731155
-78	 0.000000	 1.000000	 1.000000	 29.745674
-76	 0.000000	 1.000000	 1.000000	 29.760811
-76	 0.000000	 1.000000	 1.000000	 29.776875
-78	 0.000000	 1.000000	 1.000000	 29.791504
-79	 0.000000	 1.000000	 1.000000	 29.808912
-78	 0.000000	 1.000000	 1.000000	 29.824438
-78	 0.000000	 1.000000	 1.000000	 29.840090
-78	 0.000000	 1.000000	 1.000000	 29.854862
-79	 0.000000	 1.000000	 1.000000	 29.869762
-78	 0.000000	 1.000000	 1.000000	 29.884560
-77	 0.000000	 1.000000	 1.000000	 29.899487
-80	 0.000000	 1.000000	 1.000000	 29.914507
-79	 0.000000	 1.000000	 1.000000	 29.930006
-79	 0.000000	 1.000000	 1.000000	 29.947811
-77	 0.000000	 1.000000	 1.000000	 29.962645
-76	 0.000000	 1.000000	 1.000000	 29.978029
-76	 0.000000	 1.000000	 1.000000	 29.993618
-76	 0.000000	 1.000000	 1.000000	 30.011518
-76	 0.000000	 1.000000	 1.000000	 30.026733
-76	 0.000000	 1.000000	 1.000000	 30.042620
-77	 0.000000	 1.000000	 1.000000	 30.057211
-79	 0.000000	 1.000000	 1.000000	 30.072309
-79	 0.000000	 1.000000	 1.000000	 30.087427
-77	 0.000000	 1.000000	 1.000000	 30.103870
-76	 0.000000	 1.000000	 1.000000	 30.118704
-76	 0.000000	 1.000000	 1.000000	 30.134218
-78	 0.000000	 1.000000	 1.000000	 30.148590
-78	 0.000000	 1.000000	 1.000000	 30.164007
-78	 0.000000	 1.000000	 1.000000	 30.178801
-79	 0.000000	 1.000000	 1.000000	 30.194180
-80	 0.000000	 1.000000	 1.000000	 30.213404
-78	 0.000000	 1.000000	 1.000000	 30.228342
-77	 0.000000	 1.000000	 1.000000	 30.243219
-76	 0.000000	 1.000000	 1.000000	 30.258192
-79	 0.000000	 1.000000	 1.000000	 30.273413
-79	 0.000000	 1.000000	 1.000000	 30.293329
-75	 0.000000	 1.000000	 1.000000	 30.309162
-78	 0.000000	 1.000000	 1.000000	 30.324749
-78	 0.000000	 1.000000	 1.000000	 30.339560
-78	 0.000000	 1.000000	 1.000000	 30.354622
-79	 0.000000	 1.000000	 1.000000	 30.375914
-78	 0.000000	 1.000000	 1.000000	 30.389599
-77	 0.000000	 1.000000	 1.000000	 30.405376
-72	 0.000000	 1.000000	 -nan	 30.420380
-78	 0.000000	 1.000000	 1.000000	 30.435905
-79	 0.000000	 1.000000	 1.000000	 30.450426
-76	 0.000000	 1.000000	 1.000000	 30.465216
-76	 0.000000	 1.000000	 1.000000	 30.479525
-79	 0.000000	 1.000000	 1.000000	 30.500757
-79	 0.000000	 1.000000	 1.000000	 30.510174
-79	 0.142857	 1.000000	 1.000000	 30.530569
-80	 0.000000	 1.000000	 1.000000	 30.551298
-79	 0.000000	 1.000000	 1.000000	 30.594732
-78	 0.000000	 1.000000	 1.000000	 30.851173
-76	 0.000000	 1.000000	 1.000000	 31.034580
-76	 0.000000	 1.000000	 1.000000	 31.120070
-78	 0.000000	 1.000000	 1.000000	 31.216953
-77	 0.000000	 1.000000	 1.000000	 31.324724
-77	 0.000000	 1.000000	 1.000000	 31.353373
-77	 0.000000	 1.000000	 1.000000	 31.428564
-78	 0.000000	 1.000000	 1.000000	 31.493832
-81	 0.000000	 1.000000	 1.000000	 31.584251
-83	 0.000000	 1.000000	 1.000000	 31.696566
-79	 0.000000	 1.000000	 1.000000	 31.842077
-80	 0.000000	 1.000000	 1.000000	 31.950232
-81	 0.000000	 1.000000	 1.000000	 32.014496
-83	 0.000000	 1.000000	 1.000000	 32.165806
-82	 0.000000	 1.000000	 1.000000	 32.306126
-83	 0.000000	 1.000000	 1.000000	 32.559326
-83	 0.000000	 1.000000	 1.000000	 32.625946
-83	 0.000000	 1.000000	 1.000000	 32.687653
-82	 0.000000	 1.000000	 1.000000	 32.725422
-84	 0.000000	 1.000000	 1.000000	 32.822269
-83	 0.000000	 1.000000	 1.000000	 32.928997
-82	 0.000000	 1.000000	 1.000000	 32.981632
-81	 0.000000	 1.000000	 1.000000	 33.019295
-82	 0.000000	 1.000000	 1.000000	 33.042362
-83	 0.000000	 1.000000	 1.000000	 33.241852
-83	 0.000000	 1.000000	 1.000000	 33.393162
-85	 0.000000	 1.000000	 1.000000	 33.572338
-83	 0.000000	 1.000000	 1.000000	 33.603386
-88	 0.000000	 1.000000	 1.000000	 33.709179
-81	 0.000000	 1.000000	 1.000000	 33.870560
-84	 0.000000	 1.000000	 1.000000	 33.916718
-84	 0.000000	 1.000000	 1.000000	 33.939831
-84	 0.000000	 1.000000	 1.000000	 34.242065
-83	 0.000000	 1.000000	 1.000000	 34.262806
-84	 0.000000	 1.000000	 1.000000	 34.292835
-84	 0.000000	 1.000000	 1.000000	 34.328819
-82	 0.033333	 1.000000	 1.000000	 34.414951
