MCS10	 27.6	 98.3	 100.0	| 0.968172	 1.000000	 1.000000 |	-48	 5.715030
MCS10	 27.3	 97.3	 97.6	| 0.973799	 1.000000	 1.000000 |	-47	 6.014940
MCS10	 27.1	 96.8	 96.6	| 0.962733	 1.000000	 1.000000 |	-47	 6.112208
MCS10	 26.7	 95.3	 91.8	| 0.915493	 1.000000	 1.000000 |	-46	 8.039265
MCS10	 27.3	 97.2	 96.7	| 0.980769	 1.000000	 1.000000 |	-53	 8.611128
MCS10	 27.2	 97.0	 94.4	| 0.975104	 1.000000	 1.000000 |	-53	 8.761237
MCS10	 27.1	 96.7	 97.7	| 0.967914	 1.000000	 1.000000 |	-58	 9.436452
MCS10	 27.0	 96.3	 96.3	| 0.962500	 1.000000	 1.000000 |	-57	 10.011095
MCS10	 27.2	 96.9	 98.8	| 0.969808	 1.000000	 1.000000 |	-69	 11.997085
MCS10	 26.5	 94.5	 97.7	| 0.969543	 1.000000	 1.000000 |	-77	 12.200028
MCS10	 26.8	 95.7	 95.5	| 0.953125	 1.000000	 1.000000 |	-77	 12.407347
MCS10	 23.2	 82.8	 63.3	| 0.901639	 1.000000	 1.000000 |	-79	 14.711243
MCS10	 25.2	 89.9	 72.3	| 0.500000	 1.000000	 1.000000 |	-78	 15.591620
MCS10	 25.3	 90.4	 91.9	| 0.925000	 1.000000	 1.000000 |	-73	 15.643170
MCS10	 26.1	 93.2	 98.8	| 0.947368	 1.000000	 1.000000 |	-74	 15.847958
MCS10	 24.8	 88.5	 71.9	| 0.877551	 1.000000	 1.000000 |	-79	 16.275740
MCS10	 25.8	 92.2	 86.9	| 0.936842	 1.000000	 1.000000 |	-76	 16.902878
MCS10	 22.1	 79.0	 48.3	| 0.862745	 1.000000	 1.000000 |	-75	 17.005381
MCS10	 26.5	 94.3	 95.4	| 0.958580	 1.000000	 1.000000 |	-74	 17.527521
MCS10	 27.1	 96.6	 98.8	| 0.952756	 1.000000	 1.000000 |	-69	 19.076700
MCS10	 27.1	 96.5	 95.5	| 0.961039	 1.000000	 1.000000 |	-69	 20.275229
MCS10	 27.1	 96.6	 96.5	| 0.969543	 1.000000	 1.000000 |	-60	 21.468737
MCS10	 27.1	 96.7	 96.5	| 0.958042	 1.000000	 1.000000 |	-62	 21.981794
MCS10	 27.1	 96.7	 96.6	| 0.978723	 1.000000	 1.000000 |	-56	 22.303202
MCS10	 27.0	 96.3	 95.2	| 0.931035	 1.000000	 1.000000 |	-50	 22.361103
MCS10	 27.2	 97.2	 96.7	| 0.968254	 1.000000	 1.000000 |	-49	 23.459545
MCS10	 26.7	 95.1	 93.0	| 0.946970	 1.000000	 1.000000 |	-48	 24.071218
MCS10	 26.3	 93.7	 91.0	| 0.837838	 1.000000	 1.000000 |	-47	 24.175064
MCS10	 26.8	 95.5	 92.7	| 0.960784	 1.000000	 1.000000 |	-54	 25.014685
MCS10	 26.5	 94.7	 90.4	| 0.937500	 1.000000	 1.000000 |	-63	 25.362171
MCS10	 26.7	 95.2	 94.2	| 0.970732	 1.000000	 1.000000 |	-59	 25.582747
MCS10	 27.2	 97.0	 96.5	| 0.974895	 1.000000	 1.000000 |	-68	 26.783222
MCS10	 27.2	 96.8	 96.6	| 0.965517	 1.000000	 1.000000 |	-67	 26.888386
MCS10	 26.9	 96.0	 97.7	| 0.960784	 1.000000	 1.000000 |	-70	 27.090788
MCS10	 24.5	 87.4	 66.6	| 0.962037	 1.000000	 1.000000 |	-78	 29.083134
MCS10	 23.1	 82.4	 68.5	| 0.863636	 1.000000	 1.000000 |	-78	 30.783318
MCS10	 25.6	 91.4	 86.3	| 0.863636	 1.000000	 1.000000 |	-80	 31.160192
MCS10	 18.3	 65.1	 0.0	| 0.000000	 1.000000	 1.000000 |	-75	 31.316833
MCS10	 23.6	 84.2	 96.6	| 0.962733	 1.000000	 1.000000 |	-76	 31.619997
MCS10	 23.1	 82.4	 76.0	| 0.865385	 1.000000	 1.000000 |	-76	 32.994862
MCS10	 21.3	 75.9	 77.1	| 0.666667	 1.000000	 1.000000 |	-77	 33.450809
MCS10	 6.9	 24.6	 0.0	| 0.522275	 1.000000	 1.000000 |	-80	 35.328423
MCS10	 16.3	 58.1	 77.6	| 0.000000	 1.000000	 1.000000 |	-81	 35.535976
MCS10	 9.1	 32.7	 0.0	| 0.000000	 1.000000	 1.000000 |	-81	 35.638138
MCS10	 6.8	 24.5	 0.0	| 0.000000	 1.000000	 1.000000 |	-80	 35.692116
MCS10	 5.1	 18.3	 0.0	| 0.000000	 1.000000	 1.000000 |	-80	 35.751087
MCS10	 2.9	 10.3	 0.0	| 0.000000	 1.000000	 1.000000 |	-81	 35.858002
MCS10	 0.0	 7.7	 0.0	| 0.000000	 1.000000	 1.000000 |	-82	 35.922646
MCS10	 0.0	 5.8	 0.0	| 0.000000	 1.000000	 1.000000 |	-83	 35.964447
MCS10	 0.0	 3.2	 0.0	| 0.000000	 1.000000	 1.000000 |	-80	 36.070889
MCS10	 0.0	 1.0	 0.0	| 0.000000	 1.000000	 1.000000 |	-82	 36.295216
MCS10	 0.0	 0.5	 0.0	| 0.000000	 1.000000	 1.000000 |	-81	 36.397030
MCS10	 4.3	 15.5	 0.0	| 0.000000	 1.000000	 1.000000 |	-80	 36.652481
MCS10	 0.0	 3.6	 0.0	| 0.000000	 1.000000	 1.000000 |	-81	 36.918648
MCS10	 0.0	 1.1	 0.0	| 0.000000	 1.000000	 1.000000 |	-81	 37.130615
MCS10	 0.0	 0.8	 0.0	| 0.000000	 1.000000	 1.000000 |	-81	 37.182648
MCS10	 0.0	 0.3	 0.0	| 0.000000	 1.000000	 1.000000 |	-81	 37.330036
MCS10	 0.0	 0.0	 0.0	| 0.000000	 1.000000	 1.000000 |	-83	 39.102257
MCS10	 0.0	 0.0	 0.0	| 0.039604	 1.000000	 1.000000 |	-83	 44.806618
MCS10	 27.8	 99.1	 100.0	| 0.416667	 1.000000	 1.000000 |	-72	 16.731567
MCS10	 27.0	 96.4	 89.9	| 0.250000	 1.000000	 1.000000 |	-77	 17.031488
MCS10	 25.1	 89.4	 84.9	| 0.000000	 1.000000	 1.000000 |	-74	 17.144699
MCS10	 21.1	 75.4	 89.9	| 0.520000	 1.000000	 1.000000 |	-77	 30.872702
MCS10	 26.0	 92.7	 88.4	| 0.000000	 1.000000	 1.000000 |	-76	 31.500898
MCS10	 25.1	 89.7	 80.8	| 0.000000	 1.000000	 1.000000 |	-76	 31.546984
MCS10	 25.7	 91.5	 97.1	| 0.896552	 1.000000	 1.000000 |	-72	 31.617868
MCS10	 25.4	 90.5	 86.0	| 0.000000	 1.000000	 1.000000 |	-79	 31.805580
MCS10	 23.6	 84.2	 93.9	| 0.000000	 1.000000	 1.000000 |	-78	 32.176552
MCS10	 24.3	 86.6	 93.7	| 0.000000	 1.000000	 1.000000 |	-75	 32.226513
MCS10	 24.6	 87.9	 87.5	| 0.000000	 1.000000	 1.000000 |	-76	 32.336952
MCS10	 24.3	 86.7	 83.3	| 0.000000	 1.000000	 1.000000 |	-78	 32.396969
MCS10	 18.2	 65.0	 0.0	| 0.000000	 1.000000	 1.000000 |	-77	 32.440681
MCS10	 19.0	 67.8	 87.5	| 0.000000	 1.000000	 1.000000 |	-77	 32.651901
MCS10	 13.4	 47.8	 25.0	| 0.000000	 1.000000	 1.000000 |	-76	 32.760780
MCS10	 14.0	 50.0	 18.9	| 0.000000	 1.000000	 1.000000 |	-77	 32.861065
MCS10	 14.1	 50.4	 77.0	| 0.000000	 1.000000	 -nan |	-76	 33.014828
MCS10	 17.6	 62.8	 100.0	| 0.000000	 1.000000	 -nan |	-76	 33.066807
MCS10	 20.2	 72.1	 100.0	| 0.000000	 1.000000	 1.000000 |	-76	 33.120457
MCS10	 8.9	 31.8	 0.0	| 0.000000	 1.000000	 1.000000 |	-78	 33.283287
MCS10	 8.6	 30.7	 51.1	| 0.000000	 1.000000	 -nan |	-80	 33.384037
MCS10	 12.8	 45.7	 90.9	| 0.000000	 1.000000	 1.000000 |	-78	 33.436047
MCS10	 16.0	 57.2	 91.8	| 0.000000	 1.000000	 1.000000 |	-73	 33.487129
MCS10	 11.9	 42.5	 0.0	| 0.000000	 1.000000	 1.000000 |	-81	 33.600620
MCS10	 12.8	 45.8	 55.8	| 0.000000	 1.000000	 1.000000 |	-79	 33.647129
MCS10	 10.9	 39.1	 18.9	| 0.000000	 1.000000	 1.000000 |	-78	 33.702042
MCS10	 5.2	 18.8	 4.9	| 0.000000	 1.000000	 1.000000 |	-80	 34.131271
MCS10	 3.4	 12.2	 0.0	| 0.000000	 1.000000	 1.000000 |	-79	 34.300446
