-26	 0.972093	 1.000000	 1.000000	 0.079349
-28	 0.968085	 1.000000	 1.000000	 0.147494
-31	 0.978022	 1.000000	 1.000000	 0.246345
-30	 0.964286	 1.000000	 1.000000	 0.317639
-31	 0.965517	 1.000000	 1.000000	 0.386069
-29	 0.934783	 1.000000	 1.000000	 0.421986
-29	 0.969388	 1.000000	 1.000000	 0.494769
-30	 0.987234	 1.000000	 1.000000	 0.676017
-28	 0.980892	 1.000000	 1.000000	 0.802364
-29	 0.955556	 1.000000	 1.000000	 0.851407
-24	 0.957143	 1.000000	 1.000000	 0.909442
-27	 0.972603	 1.000000	 1.000000	 0.997852
-29	 0.978261	 1.000000	 1.000000	 1.115616
-30	 0.969697	 1.000000	 1.000000	 1.199977
-29	 0.959459	 1.000000	 1.000000	 1.253405
-30	 0.980892	 1.000000	 1.000000	 1.382974
-32	 0.985782	 1.000000	 1.000000	 1.554649
-32	 0.968085	 1.000000	 1.000000	 1.622103
-34	 0.978102	 1.000000	 1.000000	 1.734115
-34	 0.980707	 1.000000	 1.000000	 1.861486
-32	 0.970732	 1.000000	 1.000000	 1.938054
-36	 0.985646	 1.000000	 1.000000	 2.108789
-36	 0.981763	 1.000000	 1.000000	 2.227907
-36	 0.967391	 1.000000	 1.000000	 2.302360
-35	 0.981366	 1.000000	 1.000000	 2.426916
-36	 0.979094	 1.000000	 1.000000	 2.537548
-33	 0.953125	 1.000000	 1.000000	 2.586149
-29	 0.952381	 1.000000	 1.000000	 2.633004
-36	 0.985401	 1.000000	 1.000000	 2.785398
-34	 0.948718	 1.000000	 1.000000	 2.837031
-35	 0.846154	 1.000000	 1.000000	 2.857885
-35	 0.875000	 1.000000	 1.000000	 2.877717
-35	 0.877551	 1.000000	 1.000000	 2.919727
-35	 0.714286	 1.000000	 -nan	 2.939290
-39	 0.991071	 1.000000	 1.000000	 3.199220
-45	 0.980831	 1.000000	 1.000000	 3.316595
-45	 0.967914	 1.000000	 1.000000	 3.385137
-41	 0.985437	 1.000000	 1.000000	 3.552861
-40	 0.944954	 1.000000	 1.000000	 3.594869
-44	 0.985981	 1.000000	 1.000000	 3.750456
-44	 0.979239	 1.000000	 1.000000	 3.861640
-45	 0.984772	 1.000000	 1.000000	 4.013626
-43	 0.986928	 1.000000	 1.000000	 4.189456
-43	 0.981499	 1.000000	 1.000000	 5.427285
-41	 0.983740	 1.000000	 1.000000	 5.615909
-45	 0.979798	 1.000000	 1.000000	 5.724813
-45	 0.981250	 1.000000	 1.000000	 5.858307
-43	 0.966851	 1.000000	 1.000000	 5.929543
-41	 0.966851	 1.000000	 1.000000	 6.002841
-41	 0.000000	 1.000000	 1.000000	 6.021505
-43	 0.918919	 1.000000	 1.000000	 6.066765
-49	 0.984848	 1.000000	 1.000000	 6.207795
-52	 0.982301	 1.000000	 1.000000	 6.338353
-53	 0.972222	 1.000000	 1.000000	 6.416751
-49	 0.978571	 1.000000	 1.000000	 6.518922
-50	 0.979933	 1.000000	 1.000000	 6.631794
-49	 0.974468	 1.000000	 1.000000	 6.725327
-51	 0.978648	 1.000000	 1.000000	 6.829631
-51	 0.966851	 1.000000	 1.000000	 6.902752
-53	 0.969697	 1.000000	 1.000000	 6.977011
-47	 0.966102	 1.000000	 1.000000	 7.043723
-51	 0.973799	 1.000000	 1.000000	 7.163819
-51	 0.142857	 1.000000	 1.000000	 7.177450
-53	 0.877551	 1.000000	 1.000000	 7.225897
-53	 0.857143	 1.000000	 1.000000	 7.246878
-53	 0.898305	 1.000000	 1.000000	 7.271664
-54	 0.942308	 1.000000	 1.000000	 7.310546
-56	 0.962733	 1.000000	 1.000000	 7.371996
-54	 0.965517	 1.000000	 1.000000	 7.436371
-57	 0.960784	 1.000000	 1.000000	 7.492303
-53	 0.969072	 1.000000	 1.000000	 7.563761
-52	 0.983425	 1.000000	 1.000000	 7.697484
-50	 0.967033	 1.000000	 1.000000	 7.772247
-52	 0.979661	 1.000000	 1.000000	 7.883399
-55	 0.973684	 1.000000	 1.000000	 7.968066
-57	 0.956522	 1.000000	 1.000000	 8.020229
-58	 0.961538	 1.000000	 1.000000	 8.077222
-49	 0.962264	 1.000000	 1.000000	 8.135902
-55	 0.985437	 1.000000	 1.000000	 8.286662
-55	 0.986046	 1.000000	 1.000000	 8.443981
-55	 0.950820	 1.000000	 1.000000	 8.491562
-57	 0.972603	 1.000000	 1.000000	 8.573227
-61	 0.956204	 1.000000	 1.000000	 8.622983
-57	 0.869565	 1.000000	 1.000000	 8.641364
-60	 0.940000	 1.000000	 1.000000	 8.679329
-58	 0.965116	 1.000000	 1.000000	 8.753893
-57	 0.978022	 1.000000	 1.000000	 8.860057
-59	 0.936170	 1.000000	 1.000000	 8.894214
-58	 0.945946	 1.000000	 1.000000	 8.938254
-59	 0.964912	 1.000000	 1.000000	 9.002687
-58	 0.913043	 1.000000	 1.000000	 9.028699
-58	 0.982609	 1.000000	 1.000000	 9.153471
-60	 0.967568	 1.000000	 1.000000	 9.223129
-59	 0.910448	 1.000000	 1.000000	 9.251843
-58	 0.823529	 1.000000	 1.000000	 9.266245
-56	 0.964286	 1.000000	 1.000000	 9.328927
-52	 0.917808	 1.000000	 1.000000	 9.368597
-58	 0.647059	 1.000000	 1.000000	 9.376331
-58	 0.727273	 1.000000	 1.000000	 9.386767
-57	 0.600000	 1.000000	 1.000000	 9.402386
-59	 0.750000	 1.000000	 1.000000	 9.414794
-59	 0.872340	 1.000000	 1.000000	 9.435795
-60	 0.454545	 1.000000	 1.000000	 9.466258
-61	 0.882353	 1.000000	 1.000000	 9.491720
-59	 0.950413	 1.000000	 1.000000	 9.534770
-57	 0.978339	 1.000000	 1.000000	 9.638847
-59	 0.950413	 1.000000	 1.000000	 9.683655
-59	 0.850000	 1.000000	 1.000000	 9.700793
-59	 0.828571	 1.000000	 1.000000	 9.718202
-60	 0.684211	 1.000000	 1.000000	 9.726799
-59	 0.250000	 1.000000	 1.000000	 9.732748
-58	 0.538462	 1.000000	 1.000000	 9.745848
-60	 0.400000	 1.000000	 1.000000	 9.773229
-55	 0.571429	 1.000000	 1.000000	 9.831949
-61	 0.924051	 1.000000	 1.000000	 9.862874
-57	 0.760000	 1.000000	 1.000000	 9.906142
-57	 0.769231	 1.000000	 -nan	 9.927787
-58	 0.823529	 1.000000	 1.000000	 9.984433
-58	 0.400000	 1.000000	 1.000000	 9.989470
-60	 0.760000	 1.000000	 1.000000	 10.001065
-58	 0.872340	 1.000000	 1.000000	 10.022133
-58	 0.965517	 1.000000	 1.000000	 10.085654
-59	 0.833333	 1.000000	 1.000000	 10.111840
-59	 0.562500	 1.000000	 1.000000	 10.122278
-58	 0.916667	 1.000000	 1.000000	 10.150555
-62	 0.818182	 1.000000	 1.000000	 10.171537
-58	 0.777778	 1.000000	 1.000000	 10.215751
-61	 0.947368	 1.000000	 1.000000	 10.259562
-59	 0.934783	 1.000000	 1.000000	 10.294637
-64	 0.727273	 1.000000	 1.000000	 10.313201
-62	 0.000000	 1.000000	 1.000000	 10.368853
-64	 0.000000	 1.000000	 1.000000	 10.415900
-65	 0.793237	 1.000000	 1.000000	 11.682629
-65	 0.000000	 1.000000	 -nan	 11.736682
-71	 0.000000	 1.000000	 1.000000	 11.760248
-74	 0.000000	 1.000000	 1.000000	 11.781225
-71	 0.000000	 1.000000	 1.000000	 11.796723
-71	 0.000000	 1.000000	 1.000000	 11.811706
-72	 0.000000	 1.000000	 1.000000	 11.827687
-72	 0.000000	 1.000000	 1.000000	 11.842250
-72	 0.000000	 1.000000	 1.000000	 11.858798
-73	 0.000000	 1.000000	 1.000000	 11.874914
-72	 0.000000	 1.000000	 1.000000	 11.891419
-73	 0.000000	 1.000000	 1.000000	 11.906814
-72	 0.000000	 1.000000	 1.000000	 11.921352
-73	 0.000000	 1.000000	 1.000000	 11.937881
-75	 0.000000	 1.000000	 1.000000	 11.952275
-75	 0.000000	 1.000000	 1.000000	 11.968238
-75	 0.000000	 1.000000	 1.000000	 11.983649
-74	 0.000000	 1.000000	 1.000000	 11.998996
-75	 0.000000	 1.000000	 1.000000	 12.014789
-71	 0.000000	 1.000000	 1.000000	 12.030017
-76	 0.000000	 1.000000	 1.000000	 12.045105
-75	 0.000000	 1.000000	 1.000000	 12.060509
-75	 0.000000	 1.000000	 1.000000	 12.075387
-73	 0.000000	 1.000000	 1.000000	 12.090491
-72	 0.000000	 1.000000	 1.000000	 12.105742
-72	 0.000000	 1.000000	 1.000000	 12.121145
-72	 0.000000	 1.000000	 1.000000	 12.137089
-73	 0.000000	 1.000000	 1.000000	 12.152703
-74	 0.000000	 1.000000	 1.000000	 12.167443
-74	 0.000000	 1.000000	 1.000000	 12.183392
-74	 0.000000	 1.000000	 1.000000	 12.198569
-73	 0.000000	 1.000000	 1.000000	 12.214740
-72	 0.000000	 1.000000	 1.000000	 12.229558
-75	 0.000000	 1.000000	 1.000000	 12.245191
-74	 0.000000	 1.000000	 1.000000	 12.260333
-74	 0.000000	 1.000000	 1.000000	 12.278315
-74	 0.000000	 1.000000	 1.000000	 12.293690
-74	 0.000000	 1.000000	 1.000000	 12.308375
-73	 0.000000	 1.000000	 1.000000	 12.324769
-73	 0.000000	 1.000000	 1.000000	 12.339951
-73	 0.000000	 1.000000	 1.000000	 12.355872
-73	 0.000000	 1.000000	 1.000000	 12.371136
-73	 0.000000	 1.000000	 1.000000	 12.386532
-72	 0.000000	 1.000000	 1.000000	 12.402003
-73	 0.000000	 1.000000	 1.000000	 12.417569
-71	 0.000000	 1.000000	 1.000000	 12.433863
-70	 0.000000	 1.000000	 1.000000	 12.449083
-71	 0.000000	 1.000000	 1.000000	 12.464527
-71	 0.000000	 1.000000	 1.000000	 12.479155
-73	 0.000000	 1.000000	 1.000000	 12.495421
-72	 0.000000	 1.000000	 1.000000	 12.512754
-72	 0.000000	 1.000000	 1.000000	 12.528539
-67	 0.000000	 1.000000	 1.000000	 12.544215
-72	 0.000000	 1.000000	 1.000000	 12.559982
-72	 0.000000	 1.000000	 1.000000	 12.574557
-73	 0.000000	 1.000000	 1.000000	 12.590129
-72	 0.000000	 1.000000	 1.000000	 12.604509
-73	 0.000000	 1.000000	 1.000000	 12.618913
-74	 0.000000	 1.000000	 1.000000	 12.634280
-76	 0.000000	 1.000000	 1.000000	 12.650198
-77	 0.000000	 1.000000	 1.000000	 12.665672
-77	 0.000000	 1.000000	 1.000000	 12.681520
-76	 0.000000	 1.000000	 1.000000	 12.697142
-76	 0.000000	 1.000000	 1.000000	 12.711853
-77	 0.000000	 1.000000	 1.000000	 12.735629
-74	 0.000000	 1.000000	 1.000000	 12.756248
-74	 0.000000	 1.000000	 1.000000	 12.770303
-74	 0.000000	 1.000000	 1.000000	 12.785698
-72	 0.000000	 1.000000	 1.000000	 12.801051
-73	 0.000000	 1.000000	 1.000000	 12.818693
-72	 0.000000	 1.000000	 1.000000	 12.836740
-71	 0.000000	 1.000000	 1.000000	 12.852329
-71	 0.000000	 1.000000	 1.000000	 12.866982
-71	 0.000000	 1.000000	 1.000000	 12.881501
-71	 0.000000	 1.000000	 1.000000	 12.897207
-69	 0.000000	 1.000000	 1.000000	 12.914307
-70	 0.000000	 1.000000	 1.000000	 12.931221
-72	 0.000000	 1.000000	 1.000000	 12.948076
-71	 0.000000	 1.000000	 1.000000	 12.962437
-72	 0.000000	 1.000000	 1.000000	 12.977361
-70	 0.000000	 1.000000	 1.000000	 12.995086
-71	 0.000000	 1.000000	 1.000000	 13.010922
-71	 0.000000	 1.000000	 1.000000	 13.026241
-71	 0.000000	 1.000000	 1.000000	 13.041557
-71	 0.000000	 1.000000	 1.000000	 13.060318
-72	 0.000000	 1.000000	 1.000000	 13.076906
-71	 0.000000	 1.000000	 1.000000	 13.093344
-71	 0.000000	 1.000000	 1.000000	 13.108129
-72	 0.000000	 1.000000	 1.000000	 13.122306
-73	 0.000000	 1.000000	 1.000000	 13.137783
-70	 0.000000	 1.000000	 1.000000	 13.155870
-74	 0.000000	 1.000000	 1.000000	 13.172720
-74	 0.000000	 1.000000	 1.000000	 13.187526
-74	 0.000000	 1.000000	 1.000000	 13.203064
-71	 0.000000	 1.000000	 1.000000	 13.218564
-70	 0.000000	 1.000000	 1.000000	 13.232984
-71	 0.000000	 1.000000	 1.000000	 13.247707
-74	 0.000000	 1.000000	 1.000000	 13.266162
-73	 0.000000	 1.000000	 1.000000	 13.281225
-72	 0.000000	 1.000000	 1.000000	 13.296400
-71	 0.000000	 1.000000	 1.000000	 13.314177
-70	 0.000000	 1.000000	 1.000000	 13.329574
-71	 0.000000	 1.000000	 1.000000	 13.344914
-72	 0.000000	 1.000000	 1.000000	 13.359583
-72	 0.000000	 1.000000	 1.000000	 13.375395
-71	 0.000000	 1.000000	 1.000000	 13.390667
-71	 0.000000	 1.000000	 1.000000	 13.405126
-71	 0.000000	 1.000000	 1.000000	 13.419862
-70	 0.000000	 1.000000	 1.000000	 13.434977
-71	 0.000000	 1.000000	 1.000000	 13.450848
-73	 0.000000	 1.000000	 1.000000	 13.465846
-71	 0.000000	 1.000000	 1.000000	 13.481958
-73	 0.000000	 1.000000	 1.000000	 13.498034
-72	 0.000000	 1.000000	 1.000000	 13.513106
-71	 0.000000	 1.000000	 1.000000	 13.528017
-70	 0.000000	 1.000000	 1.000000	 13.543504
-72	 0.000000	 1.000000	 1.000000	 13.558624
-73	 0.000000	 1.000000	 1.000000	 13.574567
-73	 0.000000	 1.000000	 1.000000	 13.588852
-73	 0.000000	 1.000000	 1.000000	 13.605250
-71	 0.000000	 1.000000	 1.000000	 13.619905
-72	 0.000000	 1.000000	 1.000000	 13.635466
-74	 0.000000	 1.000000	 1.000000	 13.652567
-74	 0.000000	 1.000000	 1.000000	 13.668718
-73	 0.000000	 1.000000	 1.000000	 13.683555
-77	 0.000000	 1.000000	 1.000000	 13.706785
-74	 0.000000	 1.000000	 1.000000	 13.721196
-73	 0.000000	 1.000000	 1.000000	 13.737371
-73	 0.000000	 1.000000	 1.000000	 13.751962
-74	 0.000000	 1.000000	 1.000000	 13.767766
-74	 0.000000	 1.000000	 1.000000	 13.782930
-74	 0.000000	 1.000000	 1.000000	 13.798399
-74	 0.000000	 1.000000	 1.000000	 13.813098
-73	 0.000000	 1.000000	 1.000000	 13.831895
-74	 0.000000	 1.000000	 1.000000	 13.846712
-74	 0.000000	 1.000000	 1.000000	 13.860833
-74	 0.000000	 1.000000	 1.000000	 13.876823
-72	 0.000000	 1.000000	 1.000000	 13.892258
-71	 0.000000	 1.000000	 1.000000	 13.907314
-71	 0.000000	 1.000000	 1.000000	 13.922434
-73	 0.000000	 1.000000	 1.000000	 13.937989
-73	 0.000000	 1.000000	 1.000000	 13.952511
-72	 0.000000	 1.000000	 1.000000	 13.968369
-72	 0.000000	 1.000000	 1.000000	 13.984251
-73	 0.000000	 1.000000	 1.000000	 13.999795
-73	 0.000000	 1.000000	 1.000000	 14.015082
-75	 0.000000	 1.000000	 1.000000	 14.029392
-73	 0.000000	 1.000000	 1.000000	 14.044253
-72	 0.000000	 1.000000	 1.000000	 14.059902
-73	 0.000000	 1.000000	 1.000000	 14.074979
-74	 0.000000	 1.000000	 1.000000	 14.090176
-75	 0.000000	 1.000000	 1.000000	 14.106028
-75	 0.000000	 1.000000	 1.000000	 14.120623
-76	 0.000000	 1.000000	 1.000000	 14.133742
-76	 0.000000	 1.000000	 1.000000	 14.148978
-77	 0.000000	 1.000000	 1.000000	 14.164448
-76	 0.000000	 1.000000	 1.000000	 14.180022
-75	 0.000000	 1.000000	 1.000000	 14.195878
-74	 0.000000	 1.000000	 1.000000	 14.210951
-74	 0.000000	 1.000000	 1.000000	 14.226593
-75	 0.000000	 1.000000	 1.000000	 14.241389
-75	 0.000000	 1.000000	 1.000000	 14.257349
-75	 0.000000	 1.000000	 1.000000	 14.272047
-74	 0.000000	 1.000000	 1.000000	 14.288119
-75	 0.000000	 1.000000	 1.000000	 14.302906
-74	 0.000000	 1.000000	 1.000000	 14.318545
-72	 0.000000	 1.000000	 1.000000	 14.333292
-73	 0.000000	 1.000000	 1.000000	 14.348185
-74	 0.000000	 1.000000	 1.000000	 14.363310
-73	 0.000000	 1.000000	 1.000000	 14.378740
-75	 0.000000	 1.000000	 1.000000	 14.394778
-74	 0.000000	 1.000000	 1.000000	 14.409701
-71	 0.000000	 1.000000	 1.000000	 14.424932
-70	 0.000000	 1.000000	 1.000000	 14.439687
-72	 0.000000	 1.000000	 1.000000	 14.454467
-73	 0.000000	 1.000000	 1.000000	 14.470246
-71	 0.000000	 1.000000	 1.000000	 14.484916
-73	 0.000000	 1.000000	 1.000000	 14.500608
-69	 0.000000	 1.000000	 1.000000	 14.515667
-67	 0.000000	 1.000000	 1.000000	 14.531005
-67	 0.000000	 1.000000	 1.000000	 14.546755
-66	 0.000000	 1.000000	 1.000000	 14.562779
-67	 0.000000	 1.000000	 1.000000	 14.577050
-64	 0.000000	 1.000000	 1.000000	 14.592098
-67	 0.000000	 1.000000	 1.000000	 14.607229
-66	 0.000000	 1.000000	 1.000000	 14.623154
-66	 0.000000	 1.000000	 1.000000	 14.638074
-65	 0.000000	 1.000000	 1.000000	 14.653550
-66	 0.000000	 1.000000	 1.000000	 14.668833
-65	 0.000000	 1.000000	 1.000000	 14.684197
-65	 0.000000	 1.000000	 1.000000	 14.699688
-65	 0.000000	 1.000000	 1.000000	 14.715377
-69	 0.000000	 1.000000	 1.000000	 14.730175
-69	 0.000000	 1.000000	 1.000000	 14.746245
-68	 0.000000	 1.000000	 1.000000	 14.761975
-67	 0.000000	 1.000000	 1.000000	 14.776871
-67	 0.000000	 1.000000	 1.000000	 14.791644
-67	 0.000000	 1.000000	 1.000000	 14.807318
-67	 0.000000	 1.000000	 1.000000	 14.822567
-66	 0.000000	 1.000000	 1.000000	 14.837843
-66	 0.000000	 1.000000	 1.000000	 14.852580
-66	 0.000000	 1.000000	 1.000000	 14.869550
-67	 0.000000	 1.000000	 1.000000	 14.885370
-67	 0.000000	 1.000000	 1.000000	 14.901270
-68	 0.000000	 1.000000	 1.000000	 14.916603
-66	 0.000000	 1.000000	 1.000000	 14.932123
-67	 0.000000	 1.000000	 1.000000	 14.946683
-67	 0.000000	 1.000000	 1.000000	 14.963353
-66	 0.000000	 1.000000	 1.000000	 14.977203
-66	 0.000000	 1.000000	 1.000000	 14.992647
-70	 0.000000	 1.000000	 1.000000	 15.009845
-70	 0.000000	 1.000000	 1.000000	 15.025234
-68	 0.000000	 1.000000	 1.000000	 15.040789
-67	 0.000000	 1.000000	 1.000000	 15.055788
-67	 0.000000	 1.000000	 1.000000	 15.070617
-68	 0.000000	 1.000000	 1.000000	 15.086350
-66	 0.000000	 1.000000	 1.000000	 15.102185
-71	 0.000000	 1.000000	 1.000000	 15.118420
-71	 0.000000	 1.000000	 1.000000	 15.132544
-71	 0.000000	 1.000000	 1.000000	 15.148197
-68	 0.000000	 1.000000	 1.000000	 15.163490
-68	 0.000000	 1.000000	 1.000000	 15.178138
-68	 0.000000	 1.000000	 1.000000	 15.194087
-67	 0.000000	 1.000000	 1.000000	 15.209444
-66	 0.000000	 1.000000	 1.000000	 15.224421
-67	 0.000000	 1.000000	 1.000000	 15.239853
-68	 0.000000	 1.000000	 1.000000	 15.255303
-68	 0.000000	 1.000000	 1.000000	 15.269712
-68	 0.000000	 1.000000	 1.000000	 15.285503
-69	 0.000000	 1.000000	 1.000000	 15.300400
-70	 0.000000	 1.000000	 1.000000	 15.318929
-71	 0.000000	 1.000000	 1.000000	 15.333687
-71	 0.000000	 1.000000	 1.000000	 15.348858
-70	 0.000000	 1.000000	 1.000000	 15.364559
-72	 0.000000	 1.000000	 1.000000	 15.380569
-70	 0.000000	 1.000000	 1.000000	 15.396268
-70	 0.000000	 1.000000	 1.000000	 15.412812
-72	 0.000000	 1.000000	 1.000000	 15.429018
-71	 0.000000	 1.000000	 1.000000	 15.443785
-73	 0.000000	 1.000000	 1.000000	 15.459684
-73	 0.000000	 1.000000	 -nan	 15.475539
-75	 0.000000	 1.000000	 1.000000	 15.491828
-74	 0.000000	 1.000000	 1.000000	 15.506916
-73	 0.000000	 1.000000	 1.000000	 15.522573
-74	 0.000000	 1.000000	 1.000000	 15.537311
-72	 0.000000	 1.000000	 1.000000	 15.552661
-74	 0.000000	 1.000000	 1.000000	 15.567751
-74	 0.000000	 1.000000	 1.000000	 15.582462
-75	 0.000000	 1.000000	 1.000000	 15.597420
-74	 0.000000	 1.000000	 1.000000	 15.613258
-74	 0.000000	 1.000000	 1.000000	 15.632075
-75	 0.000000	 1.000000	 1.000000	 15.646910
-74	 0.000000	 1.000000	 1.000000	 15.662222
-74	 0.000000	 1.000000	 1.000000	 15.677252
-75	 0.000000	 1.000000	 1.000000	 15.691847
-76	 0.000000	 1.000000	 1.000000	 15.707235
-76	 0.000000	 1.000000	 1.000000	 15.722650
-76	 0.000000	 1.000000	 1.000000	 15.738116
-73	 0.000000	 1.000000	 1.000000	 15.753687
-74	 0.000000	 1.000000	 1.000000	 15.768782
-70	 0.250000	 -3.875000	 0.442857	 18.282143
-73	 0.250000	 1.000000	 1.000000	 18.297695
-73	 0.250000	 1.000000	 1.000000	 18.313387
-74	 0.000000	 1.000000	 1.000000	 18.329445
-73	 0.250000	 1.000000	 1.000000	 18.345144
-75	 0.142857	 1.000000	 1.000000	 18.360674
-73	 0.250000	 1.000000	 1.000000	 18.376640
-73	 0.333333	 1.000000	 1.000000	 18.392708
-72	 0.454545	 1.000000	 1.000000	 18.410254
-73	 0.250000	 1.000000	 1.000000	 18.427750
-74	 0.000000	 1.000000	 1.000000	 18.443695
-75	 0.000000	 1.000000	 1.000000	 18.458998
-77	 0.000000	 1.000000	 1.000000	 18.474314
-76	 0.000000	 1.000000	 1.000000	 18.490137
-75	 0.000000	 1.000000	 1.000000	 18.505030
-72	 0.000000	 1.000000	 1.000000	 18.520082
-73	 0.000000	 1.000000	 1.000000	 18.535374
-73	 0.000000	 1.000000	 1.000000	 18.550364
-73	 0.000000	 1.000000	 1.000000	 18.567608
-74	 0.000000	 1.000000	 1.000000	 18.583958
-73	 0.000000	 1.000000	 1.000000	 18.598724
-73	 0.000000	 1.000000	 1.000000	 18.613733
-74	 0.000000	 1.000000	 1.000000	 18.629377
-74	 0.000000	 1.000000	 1.000000	 18.644297
-74	 0.000000	 1.000000	 1.000000	 18.660023
-76	 0.000000	 1.000000	 1.000000	 18.675686
-76	 0.000000	 1.000000	 1.000000	 18.690517
-77	 0.000000	 1.000000	 1.000000	 18.705477
-77	 0.000000	 1.000000	 1.000000	 18.725384
-75	 0.000000	 1.000000	 1.000000	 18.740450
-77	 0.000000	 1.000000	 1.000000	 18.755720
-74	 0.000000	 1.000000	 1.000000	 18.771023
-73	 0.000000	 1.000000	 1.000000	 18.786114
-73	 0.000000	 1.000000	 1.000000	 18.802053
-72	 0.000000	 1.000000	 1.000000	 18.817911
-71	 0.000000	 1.000000	 1.000000	 18.832848
-71	 0.000000	 1.000000	 1.000000	 18.847746
-72	 0.000000	 1.000000	 1.000000	 18.862757
-71	 0.000000	 1.000000	 1.000000	 18.878523
-71	 0.000000	 1.000000	 1.000000	 18.893736
-72	 0.000000	 1.000000	 1.000000	 18.909168
-72	 0.000000	 1.000000	 1.000000	 18.925571
-72	 0.000000	 1.000000	 1.000000	 18.939810
-74	 0.000000	 1.000000	 1.000000	 18.954300
-74	 0.000000	 1.000000	 1.000000	 18.969751
-74	 0.000000	 1.000000	 1.000000	 18.986156
-74	 0.000000	 1.000000	 1.000000	 19.002148
-73	 0.000000	 1.000000	 1.000000	 19.016479
-75	 0.000000	 1.000000	 1.000000	 19.032059
-77	 0.000000	 1.000000	 1.000000	 19.047523
-77	 0.000000	 1.000000	 -nan	 19.062292
-78	 0.000000	 1.000000	 1.000000	 19.077557
-75	 0.000000	 1.000000	 1.000000	 19.093006
-74	 0.000000	 1.000000	 1.000000	 19.107882
-74	 0.000000	 1.000000	 1.000000	 19.123976
-74	 0.000000	 1.000000	 1.000000	 19.137482
-74	 0.000000	 1.000000	 1.000000	 19.164164
-71	 0.000000	 1.000000	 1.000000	 19.179312
-73	 0.000000	 1.000000	 1.000000	 19.194304
-72	 0.000000	 1.000000	 1.000000	 19.209501
-72	 0.000000	 1.000000	 -nan	 19.223783
-72	 0.000000	 1.000000	 -nan	 19.238655
-73	 0.000000	 1.000000	 1.000000	 19.254499
-73	 0.000000	 1.000000	 1.000000	 19.269817
-72	 0.000000	 1.000000	 1.000000	 19.284178
-74	 0.000000	 1.000000	 1.000000	 19.299633
-71	 0.000000	 1.000000	 1.000000	 19.315178
-71	 0.000000	 1.000000	 1.000000	 19.330297
-72	 0.000000	 1.000000	 1.000000	 19.345146
-69	 0.000000	 1.000000	 1.000000	 19.361591
-69	 0.000000	 1.000000	 1.000000	 19.375866
-69	 0.000000	 1.000000	 1.000000	 19.391111
-69	 0.000000	 1.000000	 1.000000	 19.406900
-69	 0.000000	 1.000000	 1.000000	 19.421963
-69	 0.000000	 1.000000	 1.000000	 19.437595
-70	 0.000000	 1.000000	 1.000000	 19.452345
-70	 0.000000	 1.000000	 1.000000	 19.468025
-69	 0.000000	 1.000000	 1.000000	 19.482510
-70	 0.000000	 1.000000	 1.000000	 19.497818
-70	 0.000000	 1.000000	 1.000000	 19.513546
-71	 0.000000	 1.000000	 1.000000	 19.528683
-74	 0.000000	 1.000000	 1.000000	 19.543524
-75	 0.000000	 1.000000	 1.000000	 19.559301
-73	 0.000000	 1.000000	 1.000000	 19.573780
-71	 0.000000	 1.000000	 1.000000	 19.589483
-70	 0.000000	 1.000000	 1.000000	 19.605085
-69	 0.000000	 1.000000	 1.000000	 19.620811
-69	 0.000000	 1.000000	 1.000000	 19.635450
-69	 0.000000	 1.000000	 1.000000	 19.650606
-69	 0.000000	 1.000000	 1.000000	 19.666134
-68	 0.000000	 1.000000	 1.000000	 19.680841
-68	 0.000000	 1.000000	 1.000000	 19.695629
-68	 0.000000	 1.000000	 1.000000	 19.712170
-68	 0.000000	 1.000000	 1.000000	 19.727295
-69	 0.000000	 1.000000	 1.000000	 19.742413
-70	 0.000000	 1.000000	 1.000000	 19.757145
-69	 0.000000	 1.000000	 1.000000	 19.772902
-70	 0.000000	 1.000000	 1.000000	 19.787766
-69	 0.000000	 1.000000	 1.000000	 19.803167
-68	 0.000000	 1.000000	 1.000000	 19.818163
-69	 0.000000	 1.000000	 1.000000	 19.833258
-69	 0.000000	 1.000000	 1.000000	 19.848686
-68	 0.000000	 1.000000	 1.000000	 19.864073
-69	 0.000000	 1.000000	 1.000000	 19.879028
-68	 0.000000	 1.000000	 1.000000	 19.894728
-66	 0.000000	 1.000000	 1.000000	 19.910645
-67	 0.000000	 1.000000	 1.000000	 19.926125
-67	 0.000000	 1.000000	 1.000000	 19.941490
-67	 0.000000	 1.000000	 1.000000	 19.956099
-67	 0.000000	 1.000000	 1.000000	 19.971722
-66	 0.000000	 1.000000	 1.000000	 19.986122
-66	 0.000000	 1.000000	 1.000000	 20.002121
-61	 0.000000	 1.000000	 1.000000	 20.018906
-66	 0.000000	 1.000000	 1.000000	 20.033955
-66	 0.000000	 1.000000	 1.000000	 20.049860
-64	 0.000000	 1.000000	 1.000000	 20.064680
-65	 0.000000	 1.000000	 1.000000	 20.082302
-65	 0.000000	 1.000000	 1.000000	 20.097248
-64	 0.000000	 1.000000	 1.000000	 20.112272
-61	 0.000000	 1.000000	 -nan	 20.128138
-67	 0.000000	 1.000000	 1.000000	 20.143391
-67	 0.000000	 1.000000	 -nan	 20.157614
-66	 0.000000	 1.000000	 1.000000	 20.172710
-67	 0.000000	 1.000000	 1.000000	 20.187689
-68	 0.000000	 1.000000	 1.000000	 20.203102
-68	 0.000000	 1.000000	 1.000000	 20.218071
-67	 0.000000	 1.000000	 1.000000	 20.234154
-67	 0.000000	 1.000000	 1.000000	 20.249012
-66	 0.000000	 1.000000	 1.000000	 20.264481
-66	 0.000000	 1.000000	 1.000000	 20.280169
-67	 0.000000	 1.000000	 1.000000	 20.294764
-67	 0.000000	 1.000000	 1.000000	 20.310150
-65	 0.000000	 1.000000	 1.000000	 20.326178
-65	 0.000000	 1.000000	 1.000000	 20.341352
-64	 0.000000	 1.000000	 1.000000	 20.356644
-65	 0.000000	 1.000000	 1.000000	 20.372414
-64	 0.000000	 1.000000	 1.000000	 20.387568
-64	 0.000000	 1.000000	 1.000000	 20.402784
-65	 0.000000	 1.000000	 1.000000	 20.417915
-65	 0.000000	 1.000000	 1.000000	 20.434637
-66	 0.000000	 1.000000	 1.000000	 20.448851
-65	 0.000000	 1.000000	 1.000000	 20.463125
-66	 0.000000	 1.000000	 1.000000	 20.478022
-67	 0.000000	 1.000000	 1.000000	 20.494043
-67	 0.000000	 1.000000	 1.000000	 20.508776
-71	 0.000000	 1.000000	 1.000000	 20.526825
-68	 0.000000	 1.000000	 1.000000	 20.541893
-68	 0.000000	 1.000000	 1.000000	 20.557121
-68	 0.000000	 1.000000	 1.000000	 20.572739
-68	 0.000000	 1.000000	 1.000000	 20.588167
-69	 0.000000	 1.000000	 1.000000	 20.602695
-70	 0.000000	 1.000000	 1.000000	 20.618570
-68	 0.000000	 1.000000	 1.000000	 20.633703
-70	 0.000000	 1.000000	 1.000000	 20.648825
-69	 0.000000	 1.000000	 1.000000	 20.664713
-68	 0.000000	 1.000000	 1.000000	 20.679461
-68	 0.000000	 1.000000	 1.000000	 20.693903
-69	 0.000000	 1.000000	 1.000000	 20.709700
-69	 0.000000	 1.000000	 1.000000	 20.724632
-70	 0.000000	 1.000000	 1.000000	 20.740711
-69	 0.000000	 1.000000	 1.000000	 20.755260
-70	 0.000000	 1.000000	 1.000000	 20.772646
-70	 0.000000	 1.000000	 1.000000	 20.788168
-69	 0.000000	 1.000000	 1.000000	 20.803041
-69	 0.000000	 1.000000	 1.000000	 20.817923
-68	 0.000000	 1.000000	 1.000000	 20.833273
-68	 0.000000	 1.000000	 1.000000	 20.850531
-68	 0.000000	 1.000000	 1.000000	 20.865496
-67	 0.000000	 1.000000	 1.000000	 20.880854
-67	 0.000000	 1.000000	 1.000000	 20.896269
-66	 0.000000	 1.000000	 1.000000	 20.911694
-66	 0.000000	 1.000000	 1.000000	 20.925850
-68	 0.000000	 1.000000	 1.000000	 20.942310
-67	 0.000000	 1.000000	 1.000000	 20.958239
-65	 0.000000	 1.000000	 1.000000	 20.974342
-64	 0.000000	 1.000000	 1.000000	 20.989002
-66	 0.000000	 1.000000	 1.000000	 21.003860
-66	 0.000000	 1.000000	 1.000000	 21.019531
-67	 0.000000	 1.000000	 1.000000	 21.033873
-66	 0.000000	 1.000000	 1.000000	 21.049305
-67	 0.000000	 1.000000	 1.000000	 21.064980
-67	 0.000000	 1.000000	 1.000000	 21.079985
-66	 0.000000	 1.000000	 1.000000	 21.095558
-67	 0.000000	 1.000000	 1.000000	 21.110382
-68	 0.000000	 1.000000	 1.000000	 21.125523
-67	 0.000000	 1.000000	 1.000000	 21.140547
-67	 0.000000	 1.000000	 1.000000	 21.156073
-66	 0.000000	 1.000000	 1.000000	 21.171936
-68	 0.000000	 1.000000	 1.000000	 21.187721
-68	 0.000000	 1.000000	 1.000000	 21.202787
-68	 0.000000	 1.000000	 1.000000	 21.217806
-69	 0.000000	 1.000000	 1.000000	 21.233681
-69	 0.000000	 1.000000	 1.000000	 21.248587
-69	 0.000000	 1.000000	 -nan	 21.263889
-68	 0.000000	 1.000000	 1.000000	 21.279037
-68	 0.000000	 1.000000	 1.000000	 21.296478
-69	 0.000000	 1.000000	 1.000000	 21.311321
-68	 0.000000	 1.000000	 1.000000	 21.326368
-66	 0.000000	 1.000000	 1.000000	 21.341400
-64	 0.000000	 1.000000	 1.000000	 21.356524
-66	 0.000000	 1.000000	 1.000000	 21.371656
-65	 0.000000	 1.000000	 1.000000	 21.387625
-64	 0.000000	 1.000000	 1.000000	 21.402924
-62	 0.000000	 1.000000	 1.000000	 21.418119
-63	 0.000000	 1.000000	 1.000000	 21.432943
-62	 0.000000	 1.000000	 1.000000	 21.448015
-61	 0.000000	 1.000000	 1.000000	 21.464296
-62	 0.000000	 1.000000	 1.000000	 21.479166
-62	 0.000000	 1.000000	 1.000000	 21.494520
-63	 0.000000	 1.000000	 1.000000	 21.508739
-62	 0.000000	 1.000000	 1.000000	 21.525103
-66	 0.000000	 1.000000	 1.000000	 21.540415
-65	 0.000000	 1.000000	 1.000000	 21.556074
-66	 0.000000	 1.000000	 1.000000	 21.571325
-66	 0.000000	 1.000000	 1.000000	 21.586748
-67	 0.000000	 1.000000	 1.000000	 21.602652
-66	 0.000000	 1.000000	 1.000000	 21.617889
-66	 0.000000	 1.000000	 1.000000	 21.632347
-64	 0.000000	 1.000000	 1.000000	 21.647799
-64	 0.000000	 1.000000	 1.000000	 21.662821
-62	 0.000000	 1.000000	 1.000000	 21.678165
-63	 0.000000	 1.000000	 1.000000	 21.692791
-61	 0.000000	 1.000000	 1.000000	 21.708429
-62	 0.000000	 1.000000	 1.000000	 21.725805
-63	 0.000000	 1.000000	 1.000000	 21.741007
-63	 0.000000	 1.000000	 1.000000	 21.756365
-60	 0.000000	 1.000000	 1.000000	 21.773287
-61	 0.000000	 1.000000	 1.000000	 21.788691
-61	 0.000000	 1.000000	 1.000000	 21.804113
-61	 0.000000	 1.000000	 1.000000	 21.818869
-64	 0.000000	 1.000000	 1.000000	 21.833200
-65	 0.000000	 1.000000	 1.000000	 21.848557
-65	 0.000000	 1.000000	 1.000000	 21.864326
-67	 0.000000	 1.000000	 1.000000	 21.879581
-68	 0.000000	 1.000000	 1.000000	 21.894926
-67	 0.000000	 1.000000	 1.000000	 21.910944
-67	 0.000000	 1.000000	 1.000000	 21.926123
-65	 0.000000	 1.000000	 1.000000	 21.941715
-65	 0.000000	 1.000000	 1.000000	 21.957088
-65	 0.000000	 1.000000	 1.000000	 21.972509
-65	 0.000000	 1.000000	 1.000000	 21.987404
-64	 0.000000	 1.000000	 1.000000	 22.002352
-67	 0.000000	 1.000000	 1.000000	 22.017206
-65	 0.000000	 1.000000	 1.000000	 22.032507
-64	 0.000000	 1.000000	 1.000000	 22.048569
-56	 0.000000	 1.000000	 1.000000	 22.064846
-60	 0.142857	 1.000000	 1.000000	 22.080849
-59	 0.142857	 1.000000	 1.000000	 22.096193
-59	 0.400000	 1.000000	 1.000000	 22.112379
-60	 0.760000	 1.000000	 1.000000	 22.134220
-60	 0.924051	 1.000000	 1.000000	 22.178722
-61	 0.886792	 1.000000	 1.000000	 22.209667
-62	 0.820513	 1.000000	 1.000000	 22.226576
-61	 0.647059	 1.000000	 1.000000	 22.235155
-61	 0.454545	 1.000000	 1.000000	 22.240400
-60	 0.739130	 1.000000	 1.000000	 22.251667
-60	 0.850000	 1.000000	 1.000000	 22.270016
-58	 0.666667	 1.000000	 1.000000	 22.278856
-57	 0.600000	 1.000000	 1.000000	 22.286671
-60	 0.851064	 1.000000	 1.000000	 22.307667
-60	 0.917808	 1.000000	 1.000000	 22.336637
-62	 0.250000	 1.000000	 1.000000	 22.343746
-62	 0.571429	 1.000000	 1.000000	 22.352228
-61	 0.500000	 1.000000	 1.000000	 22.360016
-57	 0.647059	 1.000000	 1.000000	 22.369402
-59	 0.454545	 1.000000	 1.000000	 22.377987
-58	 0.363636	 1.000000	 1.000000	 22.384693
-58	 0.571429	 1.000000	 1.000000	 22.394176
-56	 0.538462	 1.000000	 1.000000	 22.415588
-56	 0.550000	 1.000000	 1.000000	 22.429657
-57	 0.625000	 1.000000	 1.000000	 22.439896
-57	 0.714286	 1.000000	 1.000000	 22.452196
-55	 0.943396	 1.000000	 1.000000	 22.492502
-56	 0.872340	 1.000000	 1.000000	 22.511797
-57	 0.925000	 1.000000	 1.000000	 22.541670
-55	 0.500000	 1.000000	 1.000000	 22.549517
-56	 0.222222	 1.000000	 1.000000	 22.558598
-57	 0.647059	 1.000000	 1.000000	 22.570372
-58	 0.810811	 1.000000	 1.000000	 22.587317
-56	 0.837838	 1.000000	 1.000000	 22.602583
-55	 0.625000	 1.000000	 1.000000	 22.611452
-57	 0.250000	 1.000000	 1.000000	 22.627993
-55	 0.142857	 1.000000	 1.000000	 22.672829
-57	 0.948276	 1.000000	 1.000000	 22.766611
-57	 0.896552	 1.000000	 1.000000	 22.800295
-54	 0.933749	 1.000000	 1.000000	 24.224096
-52	 0.964706	 1.000000	 1.000000	 24.286613
-53	 0.958904	 1.000000	 1.000000	 24.340544
-55	 0.931818	 1.000000	 1.000000	 24.377028
-57	 0.500000	 1.000000	 1.000000	 24.384434
-54	 0.625000	 1.000000	 1.000000	 24.400095
-54	 0.714286	 1.000000	 1.000000	 24.415016
-56	 0.955882	 1.000000	 1.000000	 24.467735
-52	 0.973333	 1.000000	 1.000000	 24.552629
-52	 0.972222	 1.000000	 1.000000	 24.631351
-49	 0.938776	 1.000000	 1.000000	 24.668478
-46	 0.951219	 1.000000	 1.000000	 24.717369
-48	 0.812500	 1.000000	 1.000000	 24.732620
-50	 0.869565	 1.000000	 1.000000	 24.750364
-53	 0.922078	 1.000000	 1.000000	 24.780008
-53	 0.853659	 1.000000	 1.000000	 24.835665
-58	 0.948718	 1.000000	 1.000000	 24.893356
-55	 0.600000	 1.000000	 1.000000	 24.904198
-50	 0.960526	 1.000000	 1.000000	 24.960711
-53	 0.961783	 1.000000	 1.000000	 25.019239
-55	 0.974026	 1.000000	 1.000000	 25.109707
-50	 0.946903	 1.000000	 1.000000	 25.154020
-48	 0.901639	 1.000000	 1.000000	 25.178289
-44	 0.948718	 1.000000	 1.000000	 25.222380
-48	 0.860465	 1.000000	 1.000000	 25.241854
-46	 0.400000	 1.000000	 1.000000	 25.261784
-49	 0.600000	 1.000000	 1.000000	 25.290653
-53	 0.872727	 1.000000	 1.000000	 25.312117
-51	 0.937500	 1.000000	 1.000000	 25.350060
-48	 0.750000	 1.000000	 1.000000	 25.360044
-42	 0.454545	 1.000000	 1.000000	 25.444323
-48	 0.944444	 1.000000	 1.000000	 25.492821
-45	 0.625000	 1.000000	 1.000000	 25.515181
-42	 0.500000	 1.000000	 1.000000	 25.530567
-42	 0.600000	 1.000000	 1.000000	 25.539749
-45	 0.833333	 1.000000	 1.000000	 25.554901
-57	 0.938776	 1.000000	 1.000000	 25.592691
-47	 0.611111	 1.000000	 1.000000	 25.617275
-45	 0.500000	 1.000000	 1.000000	 25.626368
-44	 0.875000	 1.000000	 1.000000	 25.645184
-44	 0.650000	 1.000000	 1.000000	 25.656425
-50	 0.918919	 1.000000	 1.000000	 25.684740
-50	 0.844444	 1.000000	 1.000000	 25.704037
-48	 0.625000	 1.000000	 1.000000	 25.713493
-50	 0.815789	 1.000000	 1.000000	 25.728836
-54	 0.962264	 1.000000	 1.000000	 25.787113
-50	 0.684211	 1.000000	 1.000000	 25.813129
-50	 0.785714	 1.000000	 1.000000	 25.825848
-50	 0.948718	 1.000000	 1.000000	 25.884726
-47	 0.903226	 1.000000	 1.000000	 25.909821
-49	 0.978339	 1.000000	 1.000000	 26.011944
-50	 0.900000	 1.000000	 1.000000	 26.035410
-53	 0.968254	 1.000000	 1.000000	 26.106983
-50	 0.968085	 1.000000	 1.000000	 26.189339
-48	 0.898305	 1.000000	 1.000000	 26.213963
-48	 0.785714	 1.000000	 1.000000	 26.229382
-47	 0.869565	 1.000000	 1.000000	 26.247887
-48	 0.876923	 1.000000	 1.000000	 26.274244
-47	 0.818182	 1.000000	 1.000000	 26.288734
-48	 0.857143	 1.000000	 1.000000	 26.306988
-49	 0.934783	 1.000000	 1.000000	 26.342327
-50	 0.872340	 1.000000	 1.000000	 26.362032
-51	 0.700000	 1.000000	 1.000000	 26.371944
-50	 0.777778	 1.000000	 1.000000	 26.383865
-51	 0.785714	 1.000000	 1.000000	 26.395899
-52	 0.911765	 1.000000	 1.000000	 26.422310
-52	 0.975610	 1.000000	 1.000000	 26.516052
-55	 0.966292	 1.000000	 1.000000	 26.583630
-59	 0.925926	 1.000000	 1.000000	 26.616690
-58	 0.625000	 1.000000	 1.000000	 26.626505
-61	 0.571429	 1.000000	 1.000000	 26.639202
-61	 0.727273	 1.000000	 1.000000	 26.653135
-61	 0.769231	 1.000000	 1.000000	 26.663668
-59	 0.818182	 1.000000	 1.000000	 26.684490
-58	 0.739130	 1.000000	 1.000000	 26.696333
-59	 0.842105	 1.000000	 1.000000	 26.711763
-59	 0.933333	 1.000000	 1.000000	 26.745991
-59	 0.920000	 1.000000	 1.000000	 26.775900
-58	 0.950413	 1.000000	 1.000000	 26.822147
-60	 0.926829	 1.000000	 1.000000	 26.854128
-62	 0.976471	 1.000000	 1.000000	 26.949301
-62	 0.863636	 1.000000	 1.000000	 26.968521
-61	 0.932584	 1.000000	 1.000000	 27.003456
-62	 0.777778	 1.000000	 1.000000	 27.015877
-61	 0.966102	 1.000000	 1.000000	 27.093737
-61	 0.961538	 1.000000	 1.000000	 27.151571
-58	 0.953125	 1.000000	 1.000000	 27.202772
-60	 0.931035	 1.000000	 1.000000	 27.235270
-63	 0.918605	 1.000000	 1.000000	 27.269093
-63	 0.714286	 1.000000	 1.000000	 27.280626
-63	 0.760000	 1.000000	 1.000000	 27.308178
-61	 0.333333	 1.000000	 1.000000	 27.339123
-62	 0.857143	 1.000000	 1.000000	 27.358896
-62	 0.666667	 1.000000	 1.000000	 27.378519
-66	 0.842857	 1.000000	 1.000000	 27.409475
-62	 0.454545	 1.000000	 1.000000	 27.444517
-61	 0.000000	 1.000000	 1.000000	 27.499140
-68	 0.000000	 1.000000	 1.000000	 27.550198
-59	 0.000000	 1.000000	 1.000000	 27.605701
-64	 0.000000	 1.000000	 1.000000	 27.651575
-67	 0.000000	 1.000000	 1.000000	 27.707964
-65	 0.000000	 1.000000	 1.000000	 27.761177
-65	 0.000000	 1.000000	 1.000000	 27.809374
-66	 0.000000	 1.000000	 1.000000	 27.861090
-65	 0.000000	 1.000000	 1.000000	 27.910170
-64	 0.000000	 1.000000	 1.000000	 27.953285
-66	 0.000000	 1.000000	 1.000000	 27.993254
-67	 0.000000	 1.000000	 1.000000	 28.028170
-67	 0.000000	 1.000000	 1.000000	 28.065420
-68	 0.000000	 1.000000	 1.000000	 28.083044
-66	 0.000000	 1.000000	 1.000000	 28.098698
-65	 0.000000	 1.000000	 1.000000	 28.114088
-67	 0.000000	 1.000000	 1.000000	 28.129042
-68	 0.000000	 1.000000	 1.000000	 28.145267
-68	 0.000000	 1.000000	 1.000000	 28.160431
-68	 0.000000	 1.000000	 1.000000	 28.175766
-68	 0.000000	 1.000000	 1.000000	 28.190235
-68	 0.000000	 1.000000	 1.000000	 28.205530
-67	 0.000000	 1.000000	 1.000000	 28.220926
-66	 0.000000	 1.000000	 1.000000	 28.236694
-66	 0.000000	 1.000000	 1.000000	 28.251032
-67	 0.000000	 1.000000	 1.000000	 28.266472
-67	 0.000000	 1.000000	 1.000000	 28.281490
-66	 0.000000	 1.000000	 1.000000	 28.296518
-69	 0.000000	 1.000000	 1.000000	 28.315409
-69	 0.000000	 1.000000	 1.000000	 28.330833
-68	 0.000000	 1.000000	 1.000000	 28.345608
-66	 0.000000	 1.000000	 1.000000	 28.360489
-66	 0.000000	 1.000000	 1.000000	 28.375128
-65	 0.000000	 1.000000	 1.000000	 28.390022
-65	 0.000000	 1.000000	 1.000000	 28.408390
-66	 0.000000	 1.000000	 1.000000	 28.426203
-69	 0.000000	 1.000000	 1.000000	 28.441202
-69	 0.000000	 1.000000	 1.000000	 28.456133
-69	 0.000000	 1.000000	 1.000000	 28.471958
-68	 0.000000	 1.000000	 1.000000	 28.486917
-67	 0.000000	 1.000000	 1.000000	 28.502045
-66	 0.000000	 1.000000	 1.000000	 28.518003
-65	 0.000000	 1.000000	 1.000000	 28.535114
-65	 0.000000	 1.000000	 -nan	 28.552294
-67	 0.000000	 1.000000	 1.000000	 28.567455
-68	 0.000000	 1.000000	 1.000000	 28.582346
-69	 0.000000	 1.000000	 1.000000	 28.597664
-70	 0.000000	 1.000000	 1.000000	 28.612982
-69	 0.000000	 1.000000	 1.000000	 28.629375
-69	 0.000000	 1.000000	 1.000000	 28.643658
-69	 0.000000	 1.000000	 1.000000	 28.659058
-69	 0.000000	 1.000000	 1.000000	 28.674109
-69	 0.000000	 1.000000	 1.000000	 28.689974
-70	 0.000000	 1.000000	 1.000000	 28.704374
-69	 0.000000	 1.000000	 1.000000	 28.719810
-69	 0.000000	 1.000000	 1.000000	 28.735109
-68	 0.000000	 1.000000	 1.000000	 28.749907
-69	 0.000000	 1.000000	 1.000000	 28.764494
-70	 0.000000	 1.000000	 1.000000	 28.779537
-70	 0.000000	 1.000000	 1.000000	 28.795456
-70	 0.000000	 1.000000	 1.000000	 28.809956
-67	 0.000000	 1.000000	 1.000000	 28.826435
-72	 0.000000	 1.000000	 1.000000	 28.842375
-73	 0.000000	 1.000000	 1.000000	 28.859840
-72	 0.000000	 1.000000	 1.000000	 28.874699
-72	 0.000000	 1.000000	 1.000000	 28.890352
-70	 0.000000	 1.000000	 1.000000	 28.905706
-69	 0.000000	 1.000000	 1.000000	 28.920053
-70	 0.000000	 1.000000	 1.000000	 28.936823
-71	 0.000000	 1.000000	 1.000000	 28.951529
-70	 0.000000	 1.000000	 1.000000	 28.967426
-70	 0.000000	 1.000000	 1.000000	 28.981873
-69	 0.000000	 1.000000	 1.000000	 28.997490
-70	 0.000000	 1.000000	 1.000000	 29.011831
-71	 0.000000	 1.000000	 1.000000	 29.027451
-73	 0.000000	 1.000000	 1.000000	 29.042681
-73	 0.000000	 1.000000	 1.000000	 29.058516
-72	 0.000000	 1.000000	 1.000000	 29.073330
-73	 0.000000	 1.000000	 1.000000	 29.088684
-75	 0.000000	 1.000000	 1.000000	 29.104866
-76	 0.000000	 1.000000	 1.000000	 29.121141
-76	 0.000000	 1.000000	 1.000000	 29.138678
-74	 0.000000	 1.000000	 1.000000	 29.151930
-72	 0.000000	 1.000000	 1.000000	 29.167740
-71	 0.000000	 1.000000	 1.000000	 29.182213
-74	 0.000000	 1.000000	 1.000000	 29.197777
-74	 0.000000	 1.000000	 1.000000	 29.213387
-70	 0.000000	 1.000000	 1.000000	 29.231337
-74	 0.000000	 1.000000	 1.000000	 30.248924
-76	 0.000000	 1.000000	 1.000000	 30.263748
-78	 0.000000	 1.000000	 1.000000	 30.278950
-74	 0.000000	 1.000000	 1.000000	 30.293926
-72	 0.000000	 1.000000	 1.000000	 30.310123
-71	 0.000000	 1.000000	 1.000000	 30.327049
-73	 0.000000	 1.000000	 1.000000	 30.344641
-74	 0.000000	 1.000000	 1.000000	 30.361000
-76	 0.000000	 1.000000	 1.000000	 30.376099
-76	 0.000000	 1.000000	 1.000000	 30.391567
-73	 0.000000	 1.000000	 1.000000	 30.406570
-72	 0.000000	 1.000000	 1.000000	 30.422087
-72	 0.000000	 1.000000	 1.000000	 30.436440
-72	 0.000000	 1.000000	 1.000000	 30.452520
-73	 0.000000	 1.000000	 1.000000	 30.467880
-72	 0.000000	 1.000000	 1.000000	 30.481236
-73	 0.000000	 1.000000	 1.000000	 30.496544
-74	 0.000000	 1.000000	 1.000000	 30.511694
-74	 0.000000	 1.000000	 1.000000	 30.527510
-74	 0.000000	 1.000000	 1.000000	 30.543858
-77	 0.000000	 1.000000	 1.000000	 30.558702
-79	 0.000000	 1.000000	 1.000000	 30.573868
-78	 0.000000	 1.000000	 1.000000	 30.592363
-78	 0.000000	 1.000000	 1.000000	 30.608315
-78	 0.000000	 1.000000	 1.000000	 30.622862
-78	 0.000000	 1.000000	 1.000000	 30.638294
-78	 0.000000	 1.000000	 1.000000	 30.653494
-78	 0.000000	 1.000000	 1.000000	 30.669662
-77	 0.000000	 1.000000	 1.000000	 30.684692
-76	 0.000000	 1.000000	 1.000000	 30.700027
-75	 0.000000	 1.000000	 1.000000	 30.714470
-77	 0.000000	 1.000000	 1.000000	 30.729731
-78	 0.000000	 1.000000	 1.000000	 30.745607
-78	 0.000000	 1.000000	 1.000000	 30.760103
-77	 0.000000	 1.000000	 1.000000	 30.776260
-76	 0.000000	 1.000000	 1.000000	 30.790949
-76	 0.000000	 1.000000	 1.000000	 30.806801
-75	 0.000000	 1.000000	 1.000000	 30.821548
-76	 0.000000	 1.000000	 1.000000	 30.836994
-76	 0.000000	 1.000000	 1.000000	 30.851656
-76	 0.000000	 1.000000	 1.000000	 30.866835
-73	 0.000000	 1.000000	 1.000000	 30.882397
-73	 0.000000	 1.000000	 1.000000	 30.897856
-73	 0.000000	 1.000000	 1.000000	 30.916733
-75	 0.000000	 1.000000	 1.000000	 30.932020
-74	 0.000000	 1.000000	 1.000000	 30.947775
-73	 0.000000	 1.000000	 1.000000	 30.962000
-72	 0.000000	 1.000000	 1.000000	 30.979481
-72	 0.000000	 1.000000	 1.000000	 30.993452
-71	 0.000000	 1.000000	 1.000000	 31.020039
-70	 0.000000	 1.000000	 1.000000	 31.033163
-71	 0.000000	 1.000000	 1.000000	 31.050253
-73	 0.000000	 1.000000	 1.000000	 31.064287
-72	 0.000000	 1.000000	 1.000000	 31.079397
-73	 0.000000	 1.000000	 1.000000	 31.095978
-72	 0.000000	 1.000000	 1.000000	 31.109640
-74	 0.000000	 1.000000	 1.000000	 31.126144
-73	 0.000000	 1.000000	 1.000000	 31.142513
-75	 0.000000	 1.000000	 1.000000	 31.158098
-75	 0.000000	 1.000000	 1.000000	 31.173660
-76	 0.000000	 1.000000	 1.000000	 31.188509
-77	 0.000000	 1.000000	 1.000000	 31.204163
-78	 0.000000	 1.000000	 1.000000	 31.219906
-77	 0.000000	 1.000000	 1.000000	 31.234776
-75	 0.000000	 1.000000	 1.000000	 31.250332
-75	 0.000000	 1.000000	 1.000000	 31.267672
-74	 0.000000	 1.000000	 1.000000	 31.284489
-75	 0.000000	 1.000000	 1.000000	 31.297993
-74	 0.000000	 1.000000	 1.000000	 31.313494
-75	 0.000000	 1.000000	 1.000000	 31.328762
-75	 0.000000	 1.000000	 1.000000	 31.344193
-74	 0.000000	 1.000000	 1.000000	 31.359432
-74	 0.000000	 1.000000	 1.000000	 31.374472
-73	 0.000000	 1.000000	 1.000000	 31.395447
-72	 0.000000	 1.000000	 1.000000	 31.410196
-74	 0.000000	 1.000000	 1.000000	 31.426422
-73	 0.000000	 1.000000	 1.000000	 31.442722
-74	 0.000000	 1.000000	 1.000000	 31.456509
-74	 0.000000	 1.000000	 1.000000	 31.472206
-74	 0.000000	 1.000000	 1.000000	 31.487312
-74	 0.000000	 1.000000	 1.000000	 31.501980
-73	 0.000000	 1.000000	 1.000000	 31.517975
-73	 0.000000	 1.000000	 1.000000	 31.534779
-71	 0.000000	 1.000000	 1.000000	 31.547750
-72	 0.000000	 1.000000	 1.000000	 31.563528
-74	 0.000000	 1.000000	 1.000000	 31.578476
-74	 0.000000	 1.000000	 1.000000	 31.596878
-75	 0.000000	 1.000000	 1.000000	 31.612440
-74	 0.000000	 1.000000	 1.000000	 31.627935
-74	 0.000000	 1.000000	 1.000000	 31.643684
-74	 0.000000	 1.000000	 1.000000	 31.658653
-73	 0.000000	 1.000000	 1.000000	 31.674194
-72	 0.000000	 1.000000	 1.000000	 31.689213
-73	 0.000000	 1.000000	 1.000000	 31.705025
-74	 0.000000	 1.000000	 1.000000	 31.719704
-74	 0.000000	 1.000000	 1.000000	 31.735352
-75	 0.000000	 1.000000	 1.000000	 31.750650
-75	 0.000000	 1.000000	 1.000000	 31.765938
-75	 0.000000	 1.000000	 1.000000	 31.780214
-73	 0.000000	 1.000000	 1.000000	 31.797964
-75	 0.000000	 1.000000	 1.000000	 31.812984
-74	 0.000000	 1.000000	 1.000000	 31.828386
-73	 0.000000	 1.000000	 1.000000	 31.843048
-74	 0.000000	 1.000000	 1.000000	 31.858154
-75	 0.000000	 1.000000	 1.000000	 31.873692
-75	 0.000000	 1.000000	 1.000000	 31.888390
-74	 0.000000	 1.000000	 1.000000	 31.904156
-74	 0.000000	 1.000000	 1.000000	 31.920528
-75	 0.000000	 1.000000	 1.000000	 31.935146
-75	 0.000000	 1.000000	 1.000000	 31.950844
-74	 0.000000	 1.000000	 1.000000	 31.965782
-74	 0.000000	 1.000000	 1.000000	 31.981264
-74	 0.000000	 1.000000	 1.000000	 31.996698
-70	 0.000000	 1.000000	 1.000000	 32.014950
-74	 0.000000	 1.000000	 1.000000	 32.030437
-75	 0.000000	 1.000000	 1.000000	 32.046040
-75	 0.000000	 1.000000	 1.000000	 32.062195
-77	 0.000000	 1.000000	 1.000000	 32.076763
-75	 0.000000	 1.000000	 1.000000	 32.091518
-74	 0.000000	 1.000000	 1.000000	 32.108105
-75	 0.000000	 1.000000	 1.000000	 32.123150
-75	 0.000000	 1.000000	 1.000000	 32.138710
-75	 0.000000	 1.000000	 1.000000	 32.153522
-76	 0.000000	 1.000000	 1.000000	 32.169334
-76	 0.000000	 1.000000	 1.000000	 32.183968
-76	 0.000000	 1.000000	 1.000000	 32.199425
-75	 0.000000	 1.000000	 1.000000	 32.214668
-76	 0.000000	 1.000000	 1.000000	 32.230850
-77	 0.000000	 1.000000	 1.000000	 32.246002
-79	 0.000000	 1.000000	 1.000000	 32.261902
-78	 0.000000	 1.000000	 1.000000	 32.278179
-78	 0.000000	 1.000000	 1.000000	 32.293194
-77	 0.000000	 1.000000	 1.000000	 32.308815
-75	 0.000000	 1.000000	 1.000000	 32.324646
-75	 0.000000	 1.000000	 1.000000	 32.340164
-77	 0.000000	 1.000000	 1.000000	 32.356922
-76	 0.000000	 1.000000	 1.000000	 32.371391
-75	 0.000000	 1.000000	 1.000000	 32.386650
-76	 0.000000	 1.000000	 1.000000	 32.401161
-75	 0.000000	 1.000000	 1.000000	 32.419495
-75	 0.000000	 1.000000	 1.000000	 32.448036
-76	 0.000000	 1.000000	 1.000000	 32.463104
-76	 0.000000	 1.000000	 1.000000	 32.478401
-77	 0.000000	 1.000000	 1.000000	 32.493687
-77	 0.000000	 1.000000	 1.000000	 32.508675
-76	 0.000000	 1.000000	 1.000000	 32.524357
-76	 0.000000	 1.000000	 1.000000	 32.540249
-77	 0.000000	 1.000000	 1.000000	 32.554703
-75	 0.000000	 1.000000	 1.000000	 32.578201
-75	 0.000000	 1.000000	 1.000000	 32.592022
-75	 0.000000	 1.000000	 1.000000	 32.607452
-77	 0.000000	 1.000000	 1.000000	 32.624378
-78	 0.000000	 1.000000	 1.000000	 32.637970
-77	 0.000000	 1.000000	 1.000000	 32.653187
-76	 0.000000	 1.000000	 1.000000	 32.668591
-77	 0.000000	 1.000000	 1.000000	 32.684071
-78	 0.000000	 1.000000	 1.000000	 32.699886
-72	 0.000000	 1.000000	 1.000000	 32.715130
-78	 0.000000	 1.000000	 1.000000	 32.729813
-78	 0.000000	 1.000000	 1.000000	 32.745560
-77	 0.000000	 1.000000	 1.000000	 32.760883
-78	 0.000000	 1.000000	 1.000000	 32.775429
-77	 0.000000	 1.000000	 1.000000	 32.791386
-77	 0.000000	 1.000000	 1.000000	 32.805832
-78	 0.000000	 1.000000	 1.000000	 32.821510
-78	 0.000000	 1.000000	 1.000000	 32.837402
-80	 0.000000	 1.000000	 1.000000	 32.852989
-79	 0.000000	 1.000000	 1.000000	 32.871933
-79	 0.000000	 1.000000	 1.000000	 32.887268
-79	 0.000000	 1.000000	 1.000000	 32.902271
-78	 0.000000	 1.000000	 1.000000	 32.917507
-79	 0.000000	 1.000000	 1.000000	 32.932961
-78	 0.000000	 1.000000	 1.000000	 32.947929
-78	 0.000000	 1.000000	 1.000000	 32.963909
-77	 0.000000	 1.000000	 1.000000	 32.979164
-77	 0.000000	 1.000000	 1.000000	 32.994671
-76	 0.000000	 1.000000	 1.000000	 33.009342
-77	 0.000000	 1.000000	 1.000000	 33.024673
-77	 0.000000	 1.000000	 1.000000	 33.040104
-78	 0.000000	 1.000000	 1.000000	 33.055904
-80	 0.000000	 1.000000	 1.000000	 33.073814
-82	 0.000000	 1.000000	 1.000000	 33.090237
-78	 0.000000	 1.000000	 1.000000	 33.106155
-77	 0.000000	 1.000000	 1.000000	 33.121304
-75	 0.000000	 1.000000	 1.000000	 33.137569
-75	 0.000000	 1.000000	 1.000000	 33.152122
-75	 0.000000	 1.000000	 1.000000	 33.167133
-75	 0.000000	 1.000000	 1.000000	 33.182369
-75	 0.000000	 1.000000	 1.000000	 33.197891
-75	 0.000000	 1.000000	 1.000000	 33.212650
-78	 0.000000	 1.000000	 1.000000	 33.230621
-77	 0.000000	 1.000000	 1.000000	 33.245228
-76	 0.000000	 1.000000	 1.000000	 33.261040
-77	 0.000000	 1.000000	 1.000000	 33.276188
-77	 0.000000	 1.000000	 1.000000	 33.291431
-76	 0.000000	 1.000000	 1.000000	 33.306835
-76	 0.000000	 1.000000	 1.000000	 33.321663
-77	 0.000000	 1.000000	 1.000000	 33.336887
-77	 0.000000	 1.000000	 1.000000	 33.353882
-79	 0.000000	 1.000000	 1.000000	 33.367985
-77	 0.000000	 1.000000	 1.000000	 33.385479
-76	 0.000000	 1.000000	 1.000000	 33.400326
-77	 0.000000	 1.000000	 1.000000	 33.415520
-78	 0.000000	 1.000000	 1.000000	 33.430618
-77	 0.000000	 1.000000	 1.000000	 33.445885
-77	 0.000000	 1.000000	 1.000000	 33.467770
-78	 0.000000	 1.000000	 1.000000	 33.481529
-78	 0.000000	 1.000000	 1.000000	 33.497227
-78	 0.000000	 1.000000	 1.000000	 33.512051
-79	 0.000000	 1.000000	 1.000000	 33.527061
-78	 0.000000	 1.000000	 1.000000	 33.542744
-75	 0.000000	 1.000000	 1.000000	 33.557632
-77	 0.000000	 1.000000	 1.000000	 33.573372
-77	 0.000000	 1.000000	 1.000000	 33.588463
-78	 0.000000	 1.000000	 1.000000	 33.603523
-75	 0.000000	 1.000000	 1.000000	 33.618385
-76	 0.000000	 1.000000	 1.000000	 33.637001
-78	 0.000000	 1.000000	 1.000000	 33.652145
-78	 0.000000	 1.000000	 1.000000	 33.667362
-78	 0.000000	 1.000000	 1.000000	 33.682468
-79	 0.000000	 1.000000	 1.000000	 33.698559
-78	 0.000000	 1.000000	 1.000000	 33.716454
-77	 0.000000	 1.000000	 1.000000	 33.732624
-78	 0.000000	 1.000000	 1.000000	 33.749077
-80	 0.000000	 1.000000	 1.000000	 33.765099
-79	 0.000000	 1.000000	 1.000000	 33.780155
-77	 0.000000	 1.000000	 1.000000	 33.795471
-76	 0.000000	 1.000000	 1.000000	 33.810780
-77	 0.000000	 1.000000	 1.000000	 33.825451
-73	 0.000000	 1.000000	 1.000000	 33.841824
-79	 0.000000	 1.000000	 1.000000	 33.856369
-78	 0.000000	 1.000000	 1.000000	 33.871674
-77	 0.000000	 1.000000	 1.000000	 33.886478
-77	 0.000000	 1.000000	 1.000000	 33.902588
-77	 0.000000	 1.000000	 1.000000	 33.916885
-76	 0.000000	 1.000000	 1.000000	 33.932701
-75	 0.000000	 1.000000	 1.000000	 33.948109
-75	 0.000000	 1.000000	 1.000000	 33.962341
-75	 0.000000	 1.000000	 1.000000	 33.977642
-75	 0.000000	 1.000000	 1.000000	 33.993107
-76	 0.000000	 1.000000	 1.000000	 34.010647
-77	 0.000000	 1.000000	 1.000000	 34.026905
-74	 0.000000	 1.000000	 1.000000	 34.041744
-75	 0.000000	 1.000000	 1.000000	 34.057453
-75	 0.000000	 1.000000	 1.000000	 34.071945
-74	 0.000000	 1.000000	 1.000000	 34.087524
-74	 0.000000	 1.000000	 1.000000	 34.104996
-74	 0.000000	 1.000000	 1.000000	 34.120262
-75	 0.000000	 1.000000	 1.000000	 34.135487
-75	 0.000000	 1.000000	 1.000000	 34.150604
-76	 0.000000	 1.000000	 1.000000	 34.164570
-76	 0.000000	 1.000000	 1.000000	 34.181816
-75	 0.000000	 1.000000	 1.000000	 34.197346
-76	 0.000000	 1.000000	 1.000000	 34.212353
-77	 0.000000	 1.000000	 1.000000	 34.227810
-79	 0.000000	 1.000000	 1.000000	 34.245003
-79	 0.000000	 1.000000	 1.000000	 34.260464
-76	 0.000000	 1.000000	 1.000000	 34.275406
-77	 0.000000	 1.000000	 1.000000	 34.291679
-77	 0.000000	 1.000000	 1.000000	 34.306492
-74	 0.000000	 1.000000	 1.000000	 34.321999
-74	 0.000000	 1.000000	 1.000000	 34.336601
-74	 0.000000	 1.000000	 1.000000	 34.356705
-73	 0.000000	 1.000000	 1.000000	 34.370346
-72	 0.000000	 1.000000	 1.000000	 34.385372
-74	 0.000000	 1.000000	 1.000000	 34.402431
-72	 0.000000	 1.000000	 1.000000	 34.418266
-74	 0.000000	 1.000000	 1.000000	 34.433250
-75	 0.000000	 1.000000	 1.000000	 34.448769
-73	 0.000000	 1.000000	 1.000000	 34.463985
-74	 0.000000	 1.000000	 1.000000	 34.479492
-75	 0.000000	 1.000000	 1.000000	 34.494240
-74	 0.000000	 1.000000	 1.000000	 34.510063
-74	 0.000000	 1.000000	 1.000000	 34.524590
-76	 0.000000	 1.000000	 1.000000	 34.542152
-76	 0.000000	 1.000000	 -nan	 34.556511
-75	 0.000000	 1.000000	 1.000000	 34.572598
-74	 0.000000	 1.000000	 1.000000	 34.588058
-78	 0.000000	 1.000000	 1.000000	 34.602657
-80	 0.000000	 1.000000	 1.000000	 34.618214
-76	 0.000000	 1.000000	 1.000000	 34.635986
-74	 0.000000	 1.000000	 1.000000	 34.650925
-76	 0.000000	 1.000000	 1.000000	 34.666477
-79	 0.000000	 1.000000	 1.000000	 34.682301
-78	 0.000000	 1.000000	 1.000000	 34.697674
-76	 0.000000	 1.000000	 1.000000	 34.712337
-75	 0.000000	 1.000000	 1.000000	 34.728214
-77	 0.000000	 1.000000	 1.000000	 34.742641
-78	 0.000000	 1.000000	 1.000000	 34.758163
-79	 0.000000	 1.000000	 1.000000	 34.774082
-74	 0.000000	 1.000000	 1.000000	 34.789181
-74	 0.000000	 1.000000	 1.000000	 34.804600
-74	 0.000000	 1.000000	 1.000000	 34.819153
-76	 0.000000	 1.000000	 1.000000	 34.835068
-77	 0.000000	 1.000000	 1.000000	 34.850170
-76	 0.000000	 1.000000	 1.000000	 34.865627
-75	 0.000000	 1.000000	 1.000000	 34.880550
-74	 0.000000	 1.000000	 1.000000	 34.895977
-76	 0.000000	 1.000000	 1.000000	 34.911594
-79	 0.000000	 1.000000	 1.000000	 34.926620
-78	 0.000000	 1.000000	 1.000000	 34.943478
-75	 0.000000	 1.000000	 1.000000	 34.958744
-73	 0.000000	 1.000000	 1.000000	 34.974277
-74	 0.000000	 1.000000	 1.000000	 34.989880
-77	 0.000000	 1.000000	 1.000000	 35.005306
-77	 0.000000	 1.000000	 1.000000	 35.019897
-76	 0.000000	 1.000000	 1.000000	 35.034790
-75	 0.000000	 1.000000	 1.000000	 35.049976
-75	 0.000000	 1.000000	 1.000000	 35.065472
-78	 0.000000	 1.000000	 1.000000	 35.083496
-79	 0.000000	 1.000000	 1.000000	 35.098557
-77	 0.000000	 1.000000	 1.000000	 35.113892
-77	 0.000000	 1.000000	 1.000000	 35.131943
-78	 0.000000	 1.000000	 1.000000	 35.147625
-80	 0.000000	 1.000000	 1.000000	 35.163139
-80	 0.000000	 1.000000	 1.000000	 35.179634
-79	 0.000000	 1.000000	 1.000000	 35.195358
-81	 0.000000	 1.000000	 1.000000	 35.210705
-82	 0.000000	 1.000000	 1.000000	 35.226246
-80	 0.000000	 1.000000	 1.000000	 35.241905
-80	 0.000000	 1.000000	 1.000000	 35.256428
-84	 0.000000	 1.000000	 1.000000	 35.272232
-81	 0.000000	 1.000000	 1.000000	 36.493031
-82	 0.000000	 1.000000	 1.000000	 36.507648
-82	 0.000000	 1.000000	 1.000000	 36.521980
-81	 0.000000	 1.000000	 1.000000	 36.538063
-81	 0.000000	 1.000000	 1.000000	 36.552338
-80	 0.000000	 1.000000	 1.000000	 36.568329
-81	 0.000000	 1.000000	 1.000000	 36.583950
-81	 0.000000	 1.000000	 1.000000	 36.598965
-79	 0.000000	 1.000000	 1.000000	 36.615444
-79	 0.000000	 1.000000	 1.000000	 36.630573
-80	 0.000000	 1.000000	 1.000000	 36.645397
-80	 0.000000	 1.000000	 1.000000	 36.660755
-80	 0.000000	 1.000000	 1.000000	 36.676472
-82	 0.000000	 1.000000	 1.000000	 36.691277
-81	 0.000000	 1.000000	 1.000000	 36.706085
-81	 0.000000	 1.000000	 1.000000	 36.722561
-82	 0.000000	 1.000000	 1.000000	 36.737991
-82	 0.000000	 1.000000	 1.000000	 36.752979
-81	 0.000000	 1.000000	 1.000000	 36.768219
-81	 0.000000	 1.000000	 1.000000	 36.784088
-82	 0.000000	 1.000000	 1.000000	 36.798496
-81	 0.000000	 1.000000	 1.000000	 36.814724
-81	 0.000000	 1.000000	 1.000000	 36.830067
-81	 0.000000	 1.000000	 1.000000	 36.844173
-81	 0.000000	 1.000000	 1.000000	 36.863400
-81	 0.000000	 1.000000	 1.000000	 36.878178
-81	 0.000000	 1.000000	 1.000000	 36.892696
-81	 0.000000	 1.000000	 1.000000	 36.910435
-81	 0.000000	 1.000000	 1.000000	 36.927563
-82	 0.000000	 1.000000	 1.000000	 36.942425
-81	 0.000000	 1.000000	 1.000000	 36.957703
-82	 0.000000	 1.000000	 1.000000	 36.972775
-82	 0.000000	 1.000000	 1.000000	 36.988663
-83	 0.000000	 1.000000	 1.000000	 37.003731
-82	 0.000000	 1.000000	 1.000000	 37.019890
-83	 0.000000	 1.000000	 1.000000	 37.034744
-82	 0.000000	 1.000000	 1.000000	 37.052223
-83	 0.000000	 1.000000	 1.000000	 37.067616
-82	 0.000000	 1.000000	 1.000000	 37.083279
-82	 0.000000	 1.000000	 1.000000	 37.098164
-81	 0.000000	 1.000000	 1.000000	 37.113594
-82	 0.000000	 1.000000	 1.000000	 37.128723
-82	 0.000000	 1.000000	 1.000000	 37.143688
-81	 0.000000	 1.000000	 1.000000	 37.159691
-80	 0.000000	 1.000000	 1.000000	 37.174419
-81	 0.000000	 1.000000	 1.000000	 37.191948
-81	 0.000000	 1.000000	 1.000000	 37.207058
-78	 0.000000	 1.000000	 -nan	 37.222309
-81	 0.000000	 1.000000	 1.000000	 37.237598
-81	 0.000000	 1.000000	 -nan	 37.251675
-81	 0.000000	 1.000000	 -nan	 37.266792
-81	 0.000000	 1.000000	 1.000000	 37.282196
-81	 0.000000	 1.000000	 1.000000	 37.296841
-83	 0.000000	 1.000000	 1.000000	 37.314625
-82	 0.000000	 1.000000	 1.000000	 37.333313
-84	 0.000000	 1.000000	 1.000000	 37.353306
-84	 0.000000	 1.000000	 -nan	 37.372955
-82	 0.000000	 1.000000	 1.000000	 37.390278
-82	 0.000000	 1.000000	 1.000000	 37.405842
-80	 0.000000	 1.000000	 1.000000	 37.421761
-80	 0.000000	 1.000000	 1.000000	 37.437511
-81	 0.000000	 1.000000	 1.000000	 37.453197
-81	 0.000000	 1.000000	 1.000000	 37.469849
-81	 0.000000	 1.000000	 -nan	 37.484951
-81	 0.000000	 1.000000	 -nan	 37.501064
-81	 0.000000	 1.000000	 -nan	 37.514572
-81	 0.000000	 1.000000	 1.000000	 37.531460
-82	 0.000000	 1.000000	 1.000000	 37.547634
-83	 0.000000	 1.000000	 1.000000	 37.562481
-83	 0.000000	 1.000000	 1.000000	 37.581608
-83	 0.000000	 1.000000	 1.000000	 37.597050
-84	 0.000000	 1.000000	 1.000000	 37.610626
-83	 0.000000	 1.000000	 1.000000	 37.627876
-82	 0.000000	 1.000000	 1.000000	 37.643860
-83	 0.000000	 1.000000	 1.000000	 37.660713
-83	 0.000000	 1.000000	 1.000000	 37.679722
-83	 0.000000	 1.000000	 1.000000	 37.696579
-82	 0.000000	 1.000000	 1.000000	 37.713284
-82	 0.000000	 1.000000	 1.000000	 37.733643
-84	 0.000000	 1.000000	 1.000000	 37.752834
-84	 0.000000	 1.000000	 1.000000	 37.771503
-83	 0.000000	 1.000000	 1.000000	 37.792431
-84	 0.000000	 1.000000	 1.000000	 37.814892
-85	 0.000000	 1.000000	 1.000000	 37.832802
-84	 0.000000	 1.000000	 1.000000	 37.850708
-82	 0.000000	 1.000000	 1.000000	 37.873745
-83	 0.000000	 1.000000	 1.000000	 37.889652
-82	 0.000000	 1.000000	 1.000000	 37.908508
-82	 0.000000	 1.000000	 1.000000	 37.926373
-81	 0.000000	 1.000000	 1.000000	 37.941299
-80	 0.000000	 1.000000	 1.000000	 37.957512
-79	 0.000000	 1.000000	 1.000000	 37.975677
-79	 0.000000	 1.000000	 1.000000	 37.993294
-79	 0.000000	 1.000000	 1.000000	 38.009216
-79	 0.000000	 1.000000	 1.000000	 38.026325
-80	 0.000000	 1.000000	 1.000000	 38.042313
-80	 0.000000	 1.000000	 1.000000	 38.057957
-81	 0.000000	 1.000000	 1.000000	 38.075871
-83	 0.000000	 1.000000	 1.000000	 38.097290
-82	 0.000000	 1.000000	 1.000000	 38.116974
-81	 0.000000	 1.000000	 1.000000	 38.138424
-79	 0.000000	 1.000000	 1.000000	 38.154495
-80	 0.000000	 1.000000	 1.000000	 38.169804
-81	 0.000000	 1.000000	 1.000000	 38.185719
-80	 0.000000	 1.000000	 1.000000	 38.201042
-80	 0.000000	 1.000000	 1.000000	 38.218868
-79	 0.000000	 1.000000	 1.000000	 38.236176
-78	 0.000000	 1.000000	 1.000000	 38.252296
-80	 0.000000	 1.000000	 1.000000	 38.267525
-84	 0.000000	 1.000000	 1.000000	 38.282879
-83	 0.000000	 1.000000	 1.000000	 38.300552
-84	 0.000000	 1.000000	 1.000000	 38.315578
-82	 0.000000	 1.000000	 1.000000	 38.332428
-81	 0.000000	 1.000000	 1.000000	 38.347485
-81	 0.000000	 1.000000	 1.000000	 38.362591
-83	 0.000000	 1.000000	 1.000000	 38.380806
-82	 0.000000	 1.000000	 1.000000	 38.395569
-82	 0.000000	 1.000000	 1.000000	 38.410755
-80	 0.000000	 1.000000	 1.000000	 38.426037
-81	 0.000000	 1.000000	 1.000000	 38.442371
-81	 0.000000	 1.000000	 1.000000	 38.458244
-82	 0.000000	 1.000000	 1.000000	 38.474419
-82	 0.000000	 1.000000	 1.000000	 38.490025
-81	 0.000000	 1.000000	 1.000000	 38.505035
-81	 0.000000	 1.000000	 1.000000	 38.522251
-82	 0.000000	 1.000000	 1.000000	 38.539379
-82	 0.000000	 1.000000	 1.000000	 38.556171
-83	 0.000000	 1.000000	 1.000000	 38.577118
-83	 0.000000	 1.000000	 -nan	 38.592781
-83	 0.000000	 1.000000	 1.000000	 38.611168
-83	 0.000000	 1.000000	 1.000000	 38.627377
-81	 0.000000	 1.000000	 1.000000	 38.643051
-83	 0.000000	 1.000000	 1.000000	 38.659309
-83	 0.000000	 1.000000	 1.000000	 38.674622
-83	 0.000000	 1.000000	 1.000000	 38.691948
-84	 0.000000	 1.000000	 1.000000	 38.709667
-83	 0.000000	 1.000000	 1.000000	 38.728203
-78	 0.000000	 1.000000	 1.000000	 38.743855
-81	 0.000000	 1.000000	 1.000000	 38.759968
-80	 0.000000	 1.000000	 1.000000	 38.775780
-80	 0.000000	 1.000000	 1.000000	 38.791058
-80	 0.000000	 1.000000	 1.000000	 38.805370
-82	 0.000000	 1.000000	 1.000000	 38.821491
-82	 0.000000	 1.000000	 1.000000	 38.842690
-78	 0.000000	 1.000000	 1.000000	 38.856976
-82	 0.000000	 1.000000	 1.000000	 38.871994
-81	 0.000000	 1.000000	 1.000000	 38.888123
-81	 0.000000	 1.000000	 1.000000	 38.903099
-82	 0.000000	 1.000000	 1.000000	 38.917957
-84	 0.000000	 1.000000	 1.000000	 38.933750
-84	 0.000000	 1.000000	 1.000000	 38.955845
-84	 0.000000	 1.000000	 1.000000	 38.974110
-85	 0.000000	 1.000000	 1.000000	 38.995785
-83	 0.000000	 1.000000	 1.000000	 39.016563
-82	 0.000000	 1.000000	 1.000000	 39.033890
-81	 0.000000	 1.000000	 1.000000	 39.057220
-79	 0.000000	 1.000000	 1.000000	 39.072548
-78	 0.000000	 1.000000	 1.000000	 39.088116
-77	 0.000000	 1.000000	 1.000000	 39.105949
-78	 0.000000	 1.000000	 1.000000	 39.121960
-77	 0.000000	 1.000000	 1.000000	 39.138233
-78	 0.000000	 1.000000	 1.000000	 39.155445
-80	 0.000000	 1.000000	 1.000000	 39.170570
-80	 0.000000	 1.000000	 1.000000	 39.186268
-80	 0.000000	 1.000000	 1.000000	 39.201302
-81	 0.000000	 1.000000	 1.000000	 39.216778
-81	 0.000000	 1.000000	 1.000000	 39.231964
-81	 0.000000	 1.000000	 1.000000	 39.247688
-82	 0.000000	 1.000000	 1.000000	 39.262589
-82	 0.000000	 1.000000	 1.000000	 39.283428
-82	 0.000000	 1.000000	 1.000000	 39.306259
-82	 0.000000	 1.000000	 1.000000	 39.322441
-81	 0.000000	 1.000000	 1.000000	 39.337719
-81	 0.000000	 1.000000	 1.000000	 39.353271
-79	 0.000000	 1.000000	 1.000000	 39.369343
-82	 0.000000	 1.000000	 1.000000	 39.386761
-84	 0.000000	 1.000000	 1.000000	 39.402580
-85	 0.000000	 1.000000	 1.000000	 39.421478
-83	 0.000000	 1.000000	 1.000000	 39.439800
-84	 0.000000	 1.000000	 1.000000	 39.455494
-83	 0.000000	 1.000000	 1.000000	 39.471291
-82	 0.000000	 1.000000	 1.000000	 39.487263
-83	 0.000000	 1.000000	 1.000000	 39.504902
-83	 0.000000	 1.000000	 1.000000	 39.520855
-85	 0.000000	 1.000000	 1.000000	 39.536640
-85	 0.000000	 1.000000	 1.000000	 39.554840
-85	 0.000000	 1.000000	 1.000000	 39.570683
-85	 0.000000	 1.000000	 1.000000	 39.595066
-84	 0.000000	 1.000000	 1.000000	 39.612617
-82	 0.000000	 1.000000	 1.000000	 39.630985
-82	 0.000000	 1.000000	 1.000000	 39.645599
-82	 0.000000	 1.000000	 1.000000	 39.660774
-80	 0.000000	 1.000000	 1.000000	 39.678921
-83	 0.000000	 1.000000	 1.000000	 39.694534
-83	 0.000000	 1.000000	 1.000000	 39.710342
-82	 0.000000	 1.000000	 1.000000	 39.727413
-83	 0.000000	 1.000000	 1.000000	 39.743065
-83	 0.000000	 1.000000	 1.000000	 39.763699
-81	 0.000000	 1.000000	 1.000000	 39.783592
-84	 0.000000	 1.000000	 1.000000	 39.801437
-84	 0.000000	 1.000000	 1.000000	 39.819950
-82	 0.000000	 1.000000	 1.000000	 39.840935
-81	 0.000000	 1.000000	 1.000000	 39.858311
-82	 0.000000	 1.000000	 1.000000	 39.874813
-83	 0.000000	 1.000000	 1.000000	 39.890102
-83	 0.000000	 1.000000	 1.000000	 39.905712
-84	 0.000000	 1.000000	 1.000000	 39.927776
-84	 0.000000	 1.000000	 1.000000	 39.963581
-82	 0.000000	 1.000000	 1.000000	 39.981480
-80	 0.000000	 1.000000	 1.000000	 39.998440
-80	 0.000000	 1.000000	 1.000000	 40.013271
-79	 0.000000	 1.000000	 1.000000	 40.028599
-79	 0.000000	 1.000000	 1.000000	 40.045040
-80	 0.000000	 1.000000	 1.000000	 40.059837
-81	 0.000000	 1.000000	 1.000000	 40.075916
-83	 0.000000	 1.000000	 1.000000	 40.091591
-83	 0.000000	 1.000000	 1.000000	 40.106277
-84	 0.000000	 1.000000	 1.000000	 40.123585
-84	 0.000000	 1.000000	 1.000000	 40.141361
-85	 0.000000	 1.000000	 1.000000	 40.161369
-84	 0.000000	 1.000000	 1.000000	 40.179035
-85	 0.000000	 1.000000	 1.000000	 40.197510
-84	 0.000000	 1.000000	 1.000000	 40.217052
-84	 0.000000	 1.000000	 -nan	 40.232056
-80	 0.000000	 1.000000	 1.000000	 40.250832
-81	 0.000000	 1.000000	 1.000000	 40.267956
-84	 0.000000	 1.000000	 1.000000	 40.285927
-84	 0.000000	 1.000000	 1.000000	 40.303673
-83	 0.000000	 1.000000	 1.000000	 40.321247
-84	 0.000000	 1.000000	 1.000000	 40.337326
-85	 0.000000	 1.000000	 1.000000	 40.352161
-84	 0.000000	 1.000000	 1.000000	 40.370243
-84	 0.000000	 1.000000	 1.000000	 40.388134
-83	 0.000000	 1.000000	 1.000000	 40.404850
-83	 0.000000	 1.000000	 1.000000	 40.432682
-85	 0.000000	 1.000000	 1.000000	 40.470055
-82	 0.000000	 1.000000	 -nan	 40.504700
-82	 0.000000	 1.000000	 -nan	 40.521828
-82	 0.000000	 1.000000	 -nan	 40.537018
-82	 0.000000	 1.000000	 -nan	 40.550064
-82	 0.000000	 1.000000	 -nan	 40.566811
-82	 0.000000	 1.000000	 -nan	 40.581547
-82	 0.000000	 1.000000	 -nan	 40.598347
-83	 0.000000	 1.000000	 1.000000	 40.628929
-83	 0.000000	 1.000000	 1.000000	 40.674870
-83	 0.000000	 1.000000	 -nan	 40.693741
-80	 0.000000	 1.000000	 -nan	 40.708942
-80	 0.000000	 1.000000	 -nan	 40.723476
-80	 0.000000	 1.000000	 -nan	 40.738377
-80	 0.000000	 1.000000	 -nan	 40.753532
-80	 0.000000	 1.000000	 -nan	 40.768368
-80	 0.000000	 1.000000	 -nan	 40.782944
-78	 0.000000	 1.000000	 1.000000	 40.809303
-80	 0.000000	 1.000000	 1.000000	 40.824974
-80	 0.000000	 1.000000	 1.000000	 40.840305
-82	 0.000000	 1.000000	 1.000000	 40.860535
-83	 0.000000	 1.000000	 1.000000	 40.878445
-84	 0.000000	 1.000000	 1.000000	 40.893326
-84	 0.000000	 1.000000	 1.000000	 40.908775
-82	 0.000000	 1.000000	 1.000000	 40.928333
-80	 0.000000	 1.000000	 1.000000	 40.943962
-83	 0.000000	 1.000000	 1.000000	 40.959503
-83	 0.000000	 1.000000	 1.000000	 40.974510
-82	 0.000000	 1.000000	 1.000000	 40.990494
-81	 0.000000	 1.000000	 1.000000	 41.005032
-82	 0.000000	 1.000000	 1.000000	 41.020939
-83	 0.000000	 1.000000	 1.000000	 41.035301
-81	 0.000000	 1.000000	 1.000000	 41.050800
-81	 0.000000	 1.000000	 1.000000	 41.066231
-81	 0.000000	 1.000000	 1.000000	 41.080944
-82	 0.000000	 1.000000	 1.000000	 41.096638
-81	 0.000000	 1.000000	 1.000000	 41.111134
-82	 0.000000	 1.000000	 1.000000	 41.131493
-83	 0.000000	 1.000000	 1.000000	 41.148281
-83	 0.000000	 1.000000	 1.000000	 41.163040
-83	 0.000000	 1.000000	 1.000000	 41.180729
-83	 0.000000	 1.000000	 1.000000	 41.197411
-85	 0.000000	 1.000000	 1.000000	 41.212261
-84	 0.000000	 1.000000	 1.000000	 41.234486
-84	 0.000000	 1.000000	 1.000000	 41.258049
-85	 0.000000	 1.000000	 1.000000	 41.278252
-86	 0.000000	 1.000000	 1.000000	 41.297073
-82	 0.000000	 1.000000	 1.000000	 41.314548
-82	 0.000000	 1.000000	 1.000000	 41.330051
-82	 0.000000	 1.000000	 1.000000	 41.346600
-83	 0.000000	 1.000000	 1.000000	 41.368374
-83	 0.000000	 1.000000	 1.000000	 41.390522
-84	 0.000000	 1.000000	 1.000000	 41.426491
-86	 0.000000	 1.000000	 1.000000	 42.736416
