HT20/LGI	 T	 MCS13	 48.0	97.9	 97.6	 125(128)	| 0.980723	 1.000000	 1.000000 |	-28	 1.379489
HT20/LGI	 T	 MCS13	 48.1	98.2	 97.8	 138(141)	| 0.987288	 1.000000	 1.000000 |	-48	 5.897529
HT20/LGI	 T	 MCS13	 48.3	98.5	 99.1	 117(118)	| 0.988528	 1.000000	 1.000000 |	-49	 8.558753
HT20/LGI	 MCS13	 39.7	 81.1	79.7	 75(	 94)	| 0.000000	 1.000000	 1.000000 |	-63	 11.159139
HT20/LGI	 MCS13	 36.3	 74.2	50.0	 46(	 92)	| 0.562500	 1.000000	 1.000000 |	-65	 11.414399
HT20/LGI	 MCS13	 28.8	 58.7	12.5	 9(	 72)	| 0.000000	 1.000000	 1.000000 |	-63	 11.471637
HT20/LGI	 MCS13	 31.2	 63.7	63.6	 63(	 99)	| 0.000000	 1.000000	 -nan |	-64	 11.579021
HT20/LGI	 MCS13	 23.3	 47.7	10.2	 7(	 68)	| 0.000000	 1.000000	 1.000000 |	-61	 11.733919
HT20/LGI	 MCS13	 17.5	 35.7	0.0	 0(	 69)	| 0.000000	 1.000000	 1.000000 |	-62	 11.783423
HT20/LGI	 MCS13	 0.0	 0.0	0.0	 0(	 54)	| 0.000000	 1.000000	 1.000000 |	-71	 14.778894
HT20/LGI	 MCS13	 0.0	 0.0	0.0	 0(	 51)	| 0.000000	 1.000000	 1.000000 |	-74	 15.047373
HT20/LGI	 MCS13	 0.0	 0.0	0.0	 0(	 20)	| 0.000000	 1.000000	 1.000000 |	-72	 17.247414
HT20/LGI	 MCS13	 0.0	 0.0	0.0	 0(	 21)	| 0.000000	 1.000000	 1.000000 |	-78	 17.352119
HT20/LGI	 MCS13	 0.0	 0.0	0.0	 0(	 20)	| 0.000000	 1.000000	 1.000000 |	-74	 18.027365
HT20/LGI	 MCS13	 0.0	 1.1	0.0	 0(	 21)	| 0.000000	 1.000000	 1.000000 |	-63	 21.228689
HT20/LGI	 MCS13	 0.0	 2.0	0.0	 0(	 21)	| 0.000000	 1.000000	 1.000000 |	-67	 21.645016
HT20/LGI	 MCS13	 0.0	 0.3	0.0	 0(	 20)	| 0.000000	 1.000000	 1.000000 |	-64	 21.955406
HT20/LGI	 T	 MCS13	 21.8	44.4	 57.7	 41(	| 0.866667	 1.000000	 1.000000 |	-60	 22.320063
HT20/LGI	 T	 MCS13	 45.4	92.7	 90.5	 124(137)	| 0.916667	 1.000000	 1.000000 |	-50	 24.974401
HT20/LGI	 T	 MCS13	 42.7	87.2	 60.2	 53(	| 0.142857	 1.000000	 1.000000 |	-49	 25.867249
HT20/LGI	 T	 MCS13	 29.1	59.4	 46.8	 30(	| 0.000000	 1.000000	 1.000000 |	-65	 26.766798
HT20/LGI	 T	 MCS13	 16.3	33.4	 0.0	 0(	| 0.000000	 1.000000	 1.000000 |	-64	 26.867134
HT20/LGI	 T	 MCS13	 9.2	18.8	 0.0	 0(	| 0.000000	 1.000000	 1.000000 |	-66	 26.971626
HT20/LGI	 T	 MCS13	 6.9	14.0	 0.0	 0(	| 0.000000	 1.000000	 1.000000 |	-66	 27.025461
HT20/LGI	 MCS13	 0.0	 0.6	0.0	 0(	 21)	| 0.000000	 1.000000	 1.000000 |	-68	 27.816687
HT20/LGI	 MCS13	 0.0	 0.0	0.0	 0(	 19)	| 0.000000	 1.000000	 1.000000 |	-70	 28.179266
HT20/LGI	 MCS13	 0.0	 0.0	0.0	 0(	 20)	| 0.000000	 1.000000	 1.000000 |	-71	 28.231390
