MCS10	 27.8	 99.0	 100.0	-22	 0.115674
MCS10	 27.8	 99.2	 100.0	-22	 0.167307
MCS10	 27.6	 98.5	 96.2	-23	 0.317992
MCS10	 27.6	 98.5	 98.6	-22	 0.367008
MCS10	 27.6	 98.3	 97.6	-25	 0.419738
MCS10	 27.7	 98.7	 100.0	-25	 0.471206
MCS10	 27.8	 99.0	 100.0	-29	 0.523694
MCS10	 27.8	 99.2	 100.0	-28	 0.663093
MCS10	 27.9	 99.4	 100.0	-24	 0.771918
MCS10	 27.7	 98.9	 97.5	-27	 0.823259
MCS10	 27.7	 98.9	 98.7	-27	 0.874351
MCS10	 27.8	 99.2	 100.0	-28	 1.010946
MCS10	 27.7	 98.6	 97.1	-23	 1.120006
MCS10	 27.6	 98.4	 97.5	-30	 1.171087
MCS10	 27.3	 97.3	 94.1	-30	 1.223680
MCS10	 27.5	 98.0	 100.0	-30	 1.359037
MCS10	 27.3	 97.3	 95.2	-26	 1.471485
MCS10	 27.5	 97.9	 100.0	-28	 1.519018
MCS10	 27.4	 97.7	 96.9	-25	 1.573223
MCS10	 27.5	 98.2	 100.0	-25	 1.710997
MCS10	 27.7	 98.7	 100.0	-26	 1.816147
MCS10	 27.7	 98.7	 98.8	-29	 1.875346
MCS10	 27.7	 98.7	 98.8	-29	 1.919704
MCS10	 27.8	 99.0	 100.0	-29	 2.058385
MCS10	 27.3	 97.3	 92.3	-23	 2.174743
MCS10	 27.1	 96.7	 94.9	-29	 2.219813
MCS10	 26.7	 95.2	 90.5	-27	 2.275063
MCS10	 27.0	 96.4	 100.0	-26	 2.408226
MCS10	 27.3	 97.3	 100.0	-28	 2.515746
MCS10	 27.0	 96.4	 93.9	-33	 2.569781
MCS10	 27.1	 96.7	 97.6	-33	 2.618583
MCS10	 27.4	 97.5	 100.0	-34	 2.754711
MCS10	 27.3	 97.3	 96.7	-33	 2.863450
MCS10	 27.5	 98.0	 100.0	-38	 2.914654
MCS10	 27.5	 98.2	 98.8	-38	 2.967155
MCS10	 27.6	 98.6	 98.4	-32	 3.154915
MCS10	 27.5	 98.0	 96.3	-37	 3.203054
MCS10	 27.5	 98.2	 98.8	-39	 3.257107
MCS10	 27.6	 98.4	 98.8	-43	 3.307548
MCS10	 27.7	 98.8	 100.0	-33	 3.443170
MCS10	 27.6	 98.5	 97.7	-36	 3.495232
MCS10	 27.6	 98.3	 97.7	-43	 3.547219
MCS10	 27.4	 97.6	 95.4	-41	 3.598859
MCS10	 27.5	 98.2	 100.0	-34	 3.655945
MCS10	 27.7	 98.6	 100.0	-44	 3.791161
MCS10	 27.7	 98.9	 100.0	-37	 3.898964
MCS10	 27.6	 98.3	 96.3	-39	 3.955182
MCS10	 27.7	 98.7	 100.0	-38	 3.998886
MCS10	 27.8	 99.0	 100.0	-39	 4.147783
MCS10	 27.8	 99.2	 100.0	-38	 4.244256
MCS10	 27.8	 99.1	 98.8	-39	 4.294858
MCS10	 27.8	 99.0	 98.8	-38	 4.349546
MCS10	 27.8	 99.0	 98.8	-44	 4.401957
MCS10	 27.7	 98.7	 97.7	-39	 4.457907
MCS10	 27.6	 98.3	 100.0	-48	 5.715030
MCS10	 27.4	 97.6	 95.4	-48	 5.750521
MCS10	 27.2	 97.1	 95.5	-48	 5.807089
MCS10	 27.2	 96.9	 96.5	-46	 5.855638
MCS10	 27.3	 97.4	 98.8	-49	 5.907495
MCS10	 27.3	 97.2	 96.6	-48	 5.959254
MCS10	 27.3	 97.3	 97.6	-47	 6.014940
MCS10	 27.2	 96.8	 95.5	-47	 6.067194
MCS10	 27.1	 96.8	 96.6	-47	 6.112208
MCS10	 27.2	 97.0	 97.8	-47	 6.167107
MCS10	 27.3	 97.4	 98.7	-46	 6.218694
MCS10	 27.5	 98.1	 100.0	-45	 6.270410
MCS10	 27.2	 97.1	 94.3	-46	 6.325431
MCS10	 27.4	 97.6	 98.8	-47	 6.375458
MCS10	 27.1	 96.6	 93.8	-41	 6.430930
MCS10	 27.1	 96.6	 96.6	-42	 6.479124
MCS10	 26.9	 96.1	 94.4	-45	 6.530886
MCS10	 27.1	 96.7	 98.8	-44	 6.582791
MCS10	 27.1	 96.7	 96.7	-47	 6.635185
MCS10	 27.4	 97.5	 100.0	-48	 6.687694
MCS10	 27.4	 97.6	 97.7	-48	 6.739186
MCS10	 27.5	 98.2	 100.0	-49	 6.791501
MCS10	 27.5	 98.0	 97.7	-51	 6.842976
MCS10	 27.4	 97.7	 96.5	-54	 6.895168
MCS10	 27.2	 97.1	 95.5	-53	 6.948105
MCS10	 27.1	 96.7	 95.4	-52	 6.998542
MCS10	 27.0	 96.4	 95.5	-49	 7.051959
MCS10	 26.8	 95.6	 93.1	-46	 7.103326
MCS10	 26.8	 95.5	 95.4	-45	 7.156292
MCS10	 26.6	 94.9	 93.2	-49	 7.207569
MCS10	 26.7	 95.3	 96.5	-53	 7.259452
MCS10	 26.7	 95.4	 95.4	-54	 7.310370
MCS10	 26.7	 95.1	 94.4	-53	 7.367179
MCS10	 26.9	 95.8	 97.7	-54	 7.415235
MCS10	 26.8	 95.7	 95.5	-54	 7.468171
MCS10	 27.1	 96.7	 100.0	-54	 7.519834
MCS10	 26.8	 95.6	 92.1	-50	 7.574596
MCS10	 26.8	 95.6	 95.6	-50	 7.623324
MCS10	 26.9	 95.8	 96.6	-53	 7.675886
MCS10	 26.8	 95.4	 94.3	-53	 7.727147
MCS10	 26.8	 95.7	 96.6	-52	 7.779749
MCS10	 27.0	 96.2	 97.7	-50	 7.830410
MCS10	 27.0	 96.3	 96.5	-49	 7.882869
MCS10	 27.0	 96.3	 96.5	-50	 7.934816
MCS10	 27.0	 96.4	 96.7	-49	 7.989957
MCS10	 26.7	 95.3	 91.8	-46	 8.039265
MCS10	 26.7	 95.3	 95.5	-46	 8.091211
MCS10	 26.6	 94.8	 93.4	-48	 8.143149
MCS10	 26.9	 95.8	 98.8	-51	 8.196969
MCS10	 26.9	 95.8	 95.6	-51	 8.246931
MCS10	 26.9	 95.9	 96.5	-52	 8.299577
MCS10	 27.0	 96.4	 97.7	-53	 8.351387
MCS10	 27.1	 96.7	 97.7	-51	 8.402825
MCS10	 27.1	 96.7	 96.7	-52	 8.454627
MCS10	 27.2	 97.0	 97.7	-53	 8.507246
MCS10	 27.3	 97.4	 98.8	-53	 8.562538
MCS10	 27.3	 97.2	 96.7	-53	 8.611128
MCS10	 27.5	 97.9	 100.0	-55	 8.663648
MCS10	 27.4	 97.9	 97.8	-53	 8.715101
MCS10	 27.2	 97.0	 94.4	-53	 8.761237
MCS10	 27.0	 96.3	 94.3	-55	 8.819500
MCS10	 27.0	 96.4	 96.5	-56	 8.871732
MCS10	 27.1	 96.7	 97.7	-56	 8.923185
MCS10	 27.2	 97.0	 97.8	-56	 8.975116
MCS10	 26.9	 95.7	 92.1	-59	 9.027927
MCS10	 27.1	 96.5	 98.8	-57	 9.079096
MCS10	 27.1	 96.5	 96.6	-58	 9.131097
MCS10	 27.1	 96.8	 97.7	-58	 9.182844
MCS10	 27.0	 96.2	 94.3	-58	 9.237941
MCS10	 27.2	 97.1	 100.0	-62	 9.287071
MCS10	 27.1	 96.7	 95.5	-58	 9.338801
MCS10	 27.0	 96.4	 95.4	-54	 9.393407
MCS10	 27.1	 96.7	 97.7	-58	 9.436452
MCS10	 27.3	 97.5	 100.0	-61	 9.497965
MCS10	 27.4	 97.6	 97.7	-59	 9.546684
MCS10	 27.3	 97.3	 96.6	-55	 9.599017
MCS10	 27.3	 97.4	 97.7	-56	 9.651092
MCS10	 26.9	 96.0	 91.9	-55	 9.703659
MCS10	 27.1	 96.7	 98.8	-56	 9.755587
MCS10	 27.2	 96.9	 97.6	-57	 9.807046
MCS10	 27.1	 96.6	 95.5	-59	 9.858645
MCS10	 27.0	 96.3	 95.4	-60	 9.910827
MCS10	 27.0	 96.3	 96.5	-58	 9.958415
MCS10	 27.0	 96.3	 96.3	-57	 10.011095
MCS10	 27.0	 96.4	 96.6	-61	 10.067177
MCS10	 27.1	 96.7	 97.7	-58	 10.118983
MCS10	 27.2	 97.0	 97.7	-58	 10.175001
MCS10	 27.2	 96.8	 96.5	-58	 10.223372
MCS10	 27.2	 97.1	 97.7	-65	 10.275363
MCS10	 27.2	 96.9	 96.4	-65	 10.335183
MCS10	 27.2	 97.1	 97.7	-60	 10.379181
MCS10	 27.0	 96.4	 94.2	-61	 10.430654
MCS10	 27.1	 96.7	 97.7	-62	 10.482871
MCS10	 27.0	 96.4	 95.6	-63	 10.538880
MCS10	 27.2	 97.0	 98.7	-62	 10.594797
MCS10	 27.3	 97.4	 98.8	-59	 10.639671
MCS10	 27.4	 97.8	 98.8	-60	 10.696670
MCS10	 27.3	 97.5	 96.6	-61	 10.742683
MCS10	 27.2	 96.9	 98.8	-69	 11.997085
MCS10	 25.6	 91.1	 73.9	-73	 12.045046
MCS10	 26.0	 92.7	 97.6	-71	 12.094438
MCS10	 26.2	 93.4	 95.4	-74	 12.147152
MCS10	 26.5	 94.5	 97.7	-77	 12.200028
MCS10	 26.8	 95.6	 98.8	-75	 12.251672
MCS10	 26.8	 95.5	 95.2	-73	 12.302636
MCS10	 26.8	 95.7	 96.5	-75	 12.358791
MCS10	 26.8	 95.7	 95.5	-77	 12.407347
MCS10	 26.8	 95.6	 95.4	-76	 12.459088
MCS10	 26.6	 94.8	 92.3	-75	 12.511540
MCS10	 26.7	 95.2	 96.6	-73	 12.565053
MCS10	 27.0	 96.4	 100.0	-74	 12.623891
MCS10	 27.0	 96.4	 96.4	-76	 12.675294
MCS10	 27.2	 97.0	 98.8	-75	 12.720907
MCS10	 27.1	 96.6	 95.4	-74	 12.778846
MCS10	 26.6	 94.9	 89.7	-72	 12.831344
MCS10	 26.5	 94.4	 93.1	-71	 12.899237
MCS10	 26.7	 95.2	 97.6	-75	 12.934993
MCS10	 26.5	 94.7	 93.1	-76	 12.987518
MCS10	 26.7	 95.1	 96.5	-75	 13.038692
MCS10	 26.8	 95.5	 96.4	-72	 13.091015
MCS10	 26.6	 94.9	 93.1	-73	 13.143493
MCS10	 26.7	 95.3	 96.5	-71	 13.195894
MCS10	 26.9	 95.9	 97.7	-72	 13.247671
MCS10	 27.0	 96.3	 97.6	-70	 13.299024
MCS10	 26.9	 95.8	 94.1	-66	 13.351213
MCS10	 27.0	 96.2	 97.7	-73	 13.402955
MCS10	 26.6	 94.8	 90.6	-73	 13.455071
MCS10	 26.6	 94.7	 94.2	-72	 13.506314
MCS10	 26.8	 95.7	 98.8	-75	 13.558420
MCS10	 27.1	 96.8	 100.0	-76	 13.610794
MCS10	 27.1	 96.7	 96.5	-71	 13.663287
MCS10	 27.0	 96.4	 95.5	-77	 13.715711
MCS10	 26.9	 95.8	 94.2	-73	 13.766945
MCS10	 26.8	 95.7	 95.4	-73	 13.819926
MCS10	 27.1	 96.5	 98.8	-75	 13.875307
MCS10	 27.2	 97.1	 98.8	-75	 13.923384
MCS10	 27.0	 96.4	 94.4	-76	 13.977699
MCS10	 26.2	 93.3	 83.9	-79	 14.026983
MCS10	 26.5	 94.4	 97.6	-76	 14.079403
MCS10	 25.2	 90.0	 77.1	-78	 14.130821
MCS10	 25.6	 91.4	 95.5	-75	 14.184964
MCS10	 25.9	 92.2	 94.7	-76	 14.238803
MCS10	 25.7	 91.7	 90.3	-80	 14.289771
MCS10	 25.9	 92.4	 94.3	-78	 14.342857
MCS10	 26.2	 93.4	 96.5	-74	 14.391017
MCS10	 26.4	 94.2	 96.5	-78	 14.443535
MCS10	 26.5	 94.5	 95.3	-77	 14.494891
MCS10	 25.5	 91.0	 80.4	-77	 14.547299
MCS10	 24.5	 87.5	 77.3	-77	 14.599352
MCS10	 25.0	 89.2	 94.3	-74	 14.651047
MCS10	 23.2	 82.8	 63.3	-79	 14.711243
MCS10	 23.1	 82.3	 81.0	-79	 14.754438
MCS10	 23.2	 82.7	 83.9	-75	 14.811987
MCS10	 23.0	 82.1	 80.5	-75	 14.866682
MCS10	 23.9	 85.2	 94.2	-77	 14.919283
MCS10	 24.8	 88.3	 97.6	-75	 14.967318
MCS10	 25.4	 90.6	 97.7	-73	 15.019387
MCS10	 25.9	 92.4	 97.6	-75	 15.070620
MCS10	 26.0	 92.9	 94.3	-75	 15.127975
MCS10	 25.9	 92.3	 90.5	-75	 15.171654
MCS10	 25.6	 91.3	 88.3	-72	 15.229810
MCS10	 25.9	 92.3	 95.3	-71	 15.280196
MCS10	 26.0	 92.8	 94.3	-72	 15.324436
MCS10	 26.0	 92.6	 92.0	-73	 15.383315
MCS10	 26.5	 94.4	 100.0	-76	 15.435229
MCS10	 26.6	 94.7	 95.5	-74	 15.486850
MCS10	 26.8	 95.7	 98.8	-77	 15.538974
MCS10	 25.2	 89.9	 72.3	-78	 15.591620
MCS10	 25.3	 90.4	 91.9	-73	 15.643170
MCS10	 25.9	 92.5	 98.8	-77	 15.701046
MCS10	 26.4	 94.1	 98.8	-78	 15.746912
MCS10	 25.6	 91.3	 83.1	-74	 15.807247
MCS10	 26.1	 93.2	 98.8	-74	 15.847958
MCS10	 25.1	 89.5	 78.4	-74	 15.909898
MCS10	 24.9	 88.9	 87.1	-76	 15.955500
MCS10	 25.6	 91.4	 98.8	-77	 16.006596
MCS10	 26.0	 92.6	 96.5	-76	 16.058863
MCS10	 26.3	 93.9	 97.7	-76	 16.111229
MCS10	 26.3	 94.0	 94.1	-77	 16.170547
MCS10	 26.4	 94.1	 94.3	-77	 16.217623
MCS10	 24.8	 88.5	 71.9	-79	 16.275740
MCS10	 25.5	 91.1	 98.8	-75	 16.320156
MCS10	 25.8	 92.2	 95.4	-77	 16.378963
MCS10	 25.5	 91.1	 87.8	-77	 16.427265
MCS10	 25.7	 91.8	 94.0	-78	 16.478016
MCS10	 25.1	 89.4	 82.2	-79	 16.529947
MCS10	 25.5	 90.9	 95.4	-76	 16.578911
MCS10	 25.8	 92.0	 95.4	-79	 16.635406
MCS10	 26.2	 93.4	 97.7	-78	 16.683630
MCS10	 26.3	 93.9	 95.2	-78	 16.735205
MCS10	 26.1	 93.1	 90.6	-77	 16.795513
MCS10	 26.3	 93.9	 96.5	-77	 16.842112
MCS10	 25.8	 92.2	 86.9	-76	 16.902878
MCS10	 25.0	 89.2	 80.5	-75	 16.947512
MCS10	 22.1	 79.0	 48.3	-75	 17.005381
MCS10	 22.9	 81.9	 90.4	-77	 17.050365
MCS10	 23.4	 83.6	 88.8	-76	 17.108646
MCS10	 24.2	 86.2	 93.9	-73	 17.159079
MCS10	 24.9	 88.7	 96.5	-75	 17.208223
MCS10	 25.5	 91.0	 97.7	-77	 17.259401
MCS10	 25.7	 91.5	 93.1	-79	 17.317879
MCS10	 26.0	 92.8	 96.5	-77	 17.363113
MCS10	 26.1	 93.2	 94.4	-76	 17.414415
MCS10	 26.4	 94.0	 96.6	-77	 17.466925
MCS10	 26.5	 94.3	 95.4	-74	 17.527521
MCS10	 26.5	 94.3	 94.3	-77	 17.570818
MCS10	 26.8	 95.7	 100.0	-74	 17.622648
MCS10	 27.0	 96.2	 97.6	-76	 17.674726
MCS10	 27.2	 96.9	 98.8	-75	 17.731361
MCS10	 27.0	 96.2	 94.3	-76	 17.779387
MCS10	 27.1	 96.6	 98.8	-69	 19.076700
MCS10	 27.2	 96.9	 97.7	-68	 19.079298
MCS10	 27.3	 97.4	 98.8	-71	 19.130751
MCS10	 27.3	 97.4	 97.7	-70	 19.183409
MCS10	 27.2	 96.9	 95.4	-73	 19.234646
MCS10	 27.1	 96.8	 96.5	-71	 19.287540
MCS10	 27.0	 96.2	 94.3	-73	 19.339691
MCS10	 27.2	 96.8	 98.8	-72	 19.391935
MCS10	 27.2	 97.0	 97.7	-71	 19.443741
MCS10	 27.2	 96.9	 96.5	-69	 19.495577
MCS10	 27.2	 96.8	 96.6	-67	 19.547842
MCS10	 27.1	 96.7	 96.5	-66	 19.598871
MCS10	 27.2	 97.0	 97.7	-68	 19.650799
MCS10	 27.2	 97.2	 97.7	-73	 19.702686
MCS10	 27.2	 97.0	 96.6	-68	 19.754604
MCS10	 27.2	 96.9	 96.5	-69	 19.806517
MCS10	 27.1	 96.8	 96.5	-71	 19.859369
MCS10	 27.3	 97.3	 98.8	-68	 19.910852
MCS10	 27.3	 97.4	 97.6	-70	 19.962561
MCS10	 27.4	 97.7	 98.8	-69	 20.015749
MCS10	 27.4	 97.7	 97.7	-68	 20.076134
MCS10	 27.3	 97.4	 96.6	-69	 20.118868
MCS10	 27.3	 97.2	 96.5	-69	 20.170921
MCS10	 27.1	 96.8	 95.5	-70	 20.222870
MCS10	 27.1	 96.5	 95.5	-69	 20.275229
MCS10	 27.2	 97.1	 98.8	-72	 20.322437
MCS10	 27.0	 96.3	 93.9	-75	 20.379238
MCS10	 27.2	 96.9	 98.8	-73	 20.430902
MCS10	 27.2	 97.1	 97.7	-69	 20.487051
MCS10	 27.1	 96.7	 95.4	-66	 20.534805
MCS10	 27.2	 96.9	 97.7	-65	 20.591290
MCS10	 27.2	 97.1	 97.7	-68	 20.642355
MCS10	 27.3	 97.2	 97.7	-67	 20.690693
MCS10	 27.3	 97.4	 97.8	-66	 20.742605
MCS10	 27.5	 98.0	 100.0	-64	 20.795076
MCS10	 27.4	 97.7	 96.6	-61	 20.846809
MCS10	 27.4	 97.7	 97.7	-62	 20.898785
MCS10	 27.3	 97.4	 96.5	-66	 20.955267
MCS10	 27.2	 97.2	 96.5	-68	 21.003254
MCS10	 27.0	 96.2	 93.3	-71	 21.058708
MCS10	 27.1	 96.6	 97.7	-65	 21.107094
MCS10	 26.9	 96.0	 94.3	-67	 21.158924
MCS10	 27.0	 96.4	 97.8	-62	 21.215008
MCS10	 27.1	 96.5	 96.6	-63	 21.263037
MCS10	 27.0	 96.2	 95.6	-61	 21.315199
MCS10	 27.0	 96.3	 96.6	-60	 21.367109
MCS10	 27.1	 96.7	 97.7	-61	 21.425625
MCS10	 27.1	 96.6	 96.5	-60	 21.468737
MCS10	 27.2	 96.9	 97.7	-61	 21.534672
MCS10	 27.1	 96.8	 96.5	-66	 21.574989
MCS10	 27.3	 97.3	 98.8	-63	 21.630999
MCS10	 27.3	 97.4	 97.8	-61	 21.683445
MCS10	 27.3	 97.5	 97.7	-60	 21.738726
MCS10	 27.3	 97.4	 97.3	-56	 21.783525
MCS10	 27.1	 96.7	 94.4	-55	 21.834616
MCS10	 27.3	 97.2	 98.8	-58	 21.887691
MCS10	 27.1	 96.8	 95.5	-57	 21.938868
MCS10	 27.1	 96.7	 96.5	-62	 21.981794
MCS10	 27.2	 97.0	 97.7	-60	 22.051401
MCS10	 27.1	 96.5	 95.2	-57	 22.095865
MCS10	 26.8	 95.7	 93.3	-55	 22.151537
MCS10	 27.1	 96.5	 98.8	-58	 22.211046
MCS10	 27.1	 96.8	 97.7	-58	 22.254536
MCS10	 27.1	 96.7	 96.6	-56	 22.303202
MCS10	 27.0	 96.3	 95.2	-50	 22.361103
MCS10	 27.0	 96.4	 96.5	-57	 22.407080
MCS10	 27.0	 96.4	 96.5	-56	 22.460424
MCS10	 27.1	 96.7	 97.7	-60	 22.510473
MCS10	 26.9	 96.1	 94.1	-56	 22.562595
MCS10	 27.1	 96.5	 97.8	-58	 22.618982
MCS10	 27.2	 97.1	 98.7	-59	 22.666904
MCS10	 27.4	 97.8	 100.0	-56	 22.714422
MCS10	 27.4	 97.8	 97.7	-59	 22.776606
MCS10	 27.4	 97.7	 97.7	-55	 22.823299
MCS10	 27.3	 97.5	 96.7	-56	 22.875427
MCS10	 27.4	 97.8	 98.8	-57	 22.927649
MCS10	 27.4	 97.8	 97.6	-52	 22.983681
MCS10	 27.3	 97.5	 96.7	-56	 23.030996
MCS10	 27.4	 97.8	 98.8	-58	 23.083414
MCS10	 27.4	 97.8	 97.7	-52	 23.135574
MCS10	 27.3	 97.5	 96.6	-55	 23.189680
MCS10	 27.4	 97.5	 97.7	-53	 23.239368
MCS10	 27.2	 97.0	 95.6	-52	 23.291374
MCS10	 27.3	 97.2	 97.7	-53	 23.342667
MCS10	 27.3	 97.3	 97.7	-56	 23.395044
MCS10	 27.2	 97.2	 96.7	-49	 23.459545
MCS10	 26.9	 95.8	 91.6	-49	 23.498430
MCS10	 26.8	 95.7	 95.5	-50	 23.549767
MCS10	 26.7	 95.4	 94.4	-48	 23.603479
MCS10	 26.5	 94.5	 92.0	-53	 23.654959
MCS10	 26.8	 95.6	 98.8	-54	 23.707052
MCS10	 27.0	 96.1	 97.6	-51	 23.759295
MCS10	 27.1	 96.8	 98.8	-51	 23.810614
MCS10	 26.8	 95.6	 92.1	-53	 23.863096
MCS10	 26.8	 95.6	 95.5	-49	 23.915073
MCS10	 26.8	 95.5	 95.3	-48	 23.966839
MCS10	 26.9	 95.8	 96.6	-53	 24.019117
MCS10	 26.7	 95.1	 93.0	-48	 24.071218
MCS10	 26.5	 94.6	 93.1	-52	 24.131359
MCS10	 26.3	 93.7	 91.0	-47	 24.175064
MCS10	 26.5	 94.4	 96.5	-51	 24.228476
MCS10	 26.7	 95.2	 97.7	-53	 24.278637
MCS10	 27.0	 96.1	 98.8	-50	 24.331207
MCS10	 26.8	 95.7	 94.3	-54	 24.383284
MCS10	 26.9	 95.9	 96.5	-51	 24.435720
MCS10	 27.0	 96.3	 97.6	-50	 24.487368
MCS10	 27.1	 96.6	 97.6	-49	 24.539082
MCS10	 27.3	 97.2	 98.8	-49	 24.590782
MCS10	 27.2	 97.0	 96.5	-52	 24.643559
MCS10	 27.3	 97.5	 98.8	-52	 24.694935
MCS10	 27.3	 97.2	 96.5	-53	 24.746586
MCS10	 27.1	 96.5	 94.3	-55	 24.802780
MCS10	 27.2	 97.1	 98.8	-58	 24.854712
MCS10	 26.9	 96.0	 93.0	-55	 24.906614
MCS10	 27.0	 96.4	 97.7	-56	 24.959215
MCS10	 26.8	 95.5	 92.7	-54	 25.014685
MCS10	 27.0	 96.3	 98.8	-53	 25.059242
MCS10	 27.1	 96.7	 97.7	-55	 25.121368
MCS10	 27.2	 96.9	 97.7	-55	 25.166822
MCS10	 27.0	 96.3	 94.3	-57	 25.219067
MCS10	 26.8	 95.5	 93.3	-60	 25.267036
MCS10	 26.9	 96.1	 97.8	-62	 25.319124
MCS10	 26.5	 94.7	 90.4	-63	 25.362171
MCS10	 26.4	 94.3	 93.2	-59	 25.414425
MCS10	 26.4	 94.0	 93.1	-58	 25.486994
MCS10	 26.8	 95.5	 100.0	-57	 25.526529
MCS10	 26.7	 95.2	 94.2	-59	 25.582747
MCS10	 26.9	 96.1	 98.8	-61	 25.639107
MCS10	 26.2	 93.3	 85.1	-62	 25.683487
MCS10	 26.3	 93.6	 94.5	-62	 25.735594
MCS10	 26.5	 94.6	 97.7	-66	 25.787788
MCS10	 26.9	 96.0	 100.0	-64	 25.838928
MCS10	 27.1	 96.7	 98.8	-66	 25.902924
MCS10	 27.1	 96.6	 96.5	-66	 25.945410
MCS10	 27.1	 96.6	 96.6	-68	 25.990416
MCS10	 27.0	 96.3	 95.4	-69	 26.055267
MCS10	 26.9	 95.8	 94.3	-69	 26.107101
MCS10	 26.8	 95.5	 94.5	-69	 26.157293
MCS10	 27.1	 96.6	 100.0	-68	 26.203199
MCS10	 26.8	 95.7	 93.1	-72	 26.254881
MCS10	 27.0	 96.2	 97.6	-70	 26.306803
MCS10	 26.9	 96.0	 95.4	-67	 26.361376
MCS10	 27.0	 96.4	 97.7	-69	 26.415329
MCS10	 27.1	 96.7	 97.7	-70	 26.471445
MCS10	 27.0	 96.4	 95.5	-70	 26.519821
MCS10	 26.9	 95.8	 93.9	-73	 26.571241
MCS10	 27.0	 96.2	 97.6	-71	 26.623281
MCS10	 27.1	 96.6	 97.7	-74	 26.674829
MCS10	 27.2	 97.2	 98.8	-72	 26.725782
MCS10	 27.2	 97.0	 96.5	-68	 26.783222
MCS10	 27.2	 96.9	 96.6	-68	 26.827761
MCS10	 27.2	 96.8	 96.6	-67	 26.888386
MCS10	 27.1	 96.8	 96.5	-67	 26.931240
MCS10	 27.2	 97.0	 97.8	-66	 26.983286
MCS10	 26.8	 95.4	 90.8	-67	 27.034374
MCS10	 26.9	 96.0	 97.7	-70	 27.090788
MCS10	 26.8	 95.5	 94.1	-71	 27.149134
MCS10	 26.9	 96.0	 97.6	-72	 27.206919
MCS10	 27.0	 96.5	 97.7	-72	 27.243164
MCS10	 27.1	 96.8	 97.7	-72	 27.295227
MCS10	 27.2	 97.0	 97.6	-71	 27.342796
MCS10	 27.1	 96.5	 95.2	-68	 27.398575
MCS10	 27.2	 96.8	 97.7	-72	 27.451668
MCS10	 27.1	 96.5	 95.5	-72	 27.502411
MCS10	 27.1	 96.5	 96.5	-75	 27.555355
MCS10	 27.1	 96.8	 97.7	-72	 27.606440
MCS10	 27.1	 96.7	 96.6	-72	 27.659281
MCS10	 26.9	 96.1	 94.1	-72	 27.711014
MCS10	 27.1	 96.8	 98.8	-71	 27.763494
MCS10	 27.3	 97.3	 98.8	-75	 27.814705
MCS10	 27.4	 97.7	 98.8	-72	 27.867180
MCS10	 24.5	 87.4	 66.6	-78	 29.083134
MCS10	 25.0	 89.1	 94.2	-74	 29.119835
MCS10	 22.6	 80.7	 55.7	-79	 29.170712
MCS10	 23.7	 84.4	 95.4	-74	 29.222725
MCS10	 24.6	 87.7	 97.7	-76	 29.274729
MCS10	 25.1	 89.6	 95.4	-76	 29.327572
MCS10	 25.5	 91.1	 95.4	-72	 29.379007
MCS10	 26.1	 93.0	 98.8	-75	 29.431559
MCS10	 26.3	 93.9	 96.5	-73	 29.483177
MCS10	 26.3	 93.7	 93.1	-76	 29.535172
MCS10	 26.5	 94.4	 96.5	-74	 29.587057
MCS10	 26.5	 94.6	 95.3	-76	 29.639378
MCS10	 26.5	 94.5	 94.3	-76	 29.690876
MCS10	 26.6	 95.0	 96.5	-76	 29.742929
MCS10	 26.8	 95.7	 97.7	-76	 29.795496
MCS10	 26.8	 95.6	 95.3	-76	 29.846855
MCS10	 27.0	 96.1	 97.7	-74	 29.899580
MCS10	 27.0	 96.2	 96.5	-77	 29.950972
MCS10	 26.9	 96.0	 95.3	-77	 30.003435
MCS10	 26.6	 95.0	 92.0	-78	 30.055040
MCS10	 26.7	 95.4	 96.5	-76	 30.107174
MCS10	 26.8	 95.6	 96.5	-77	 30.159086
MCS10	 26.5	 94.5	 90.9	-77	 30.211559
MCS10	 26.5	 94.7	 95.4	-77	 30.262867
MCS10	 26.4	 94.0	 91.9	-78	 30.314911
MCS10	 21.1	 75.4	 19.6	-78	 30.373625
MCS10	 21.9	 78.3	 87.0	-78	 30.423008
MCS10	 23.4	 83.4	 98.8	-76	 30.475388
MCS10	 24.3	 86.7	 96.5	-73	 30.527046
MCS10	 24.7	 88.0	 92.1	-75	 30.578831
MCS10	 25.5	 91.0	 100.0	-78	 30.631786
MCS10	 26.0	 92.7	 97.7	-76	 30.691442
MCS10	 24.4	 87.0	 69.9	-79	 30.737499
MCS10	 23.1	 82.4	 68.5	-78	 30.783318
MCS10	 23.7	 84.5	 90.9	-73	 30.846930
MCS10	 23.9	 85.2	 87.3	-77	 30.895102
MCS10	 24.4	 86.8	 91.8	-80	 30.947834
MCS10	 25.0	 89.2	 96.4	-77	 31.003281
MCS10	 25.7	 91.6	 98.8	-77	 31.065525
MCS10	 26.1	 93.1	 97.4	-79	 31.107296
MCS10	 25.6	 91.4	 86.3	-80	 31.160192
MCS10	 24.2	 86.3	 71.2	-78	 31.210823
MCS10	 24.4	 86.9	 88.5	-76	 31.265842
MCS10	 18.3	 65.1	 0.0	-75	 31.316833
MCS10	 15.3	 54.8	 23.7	-75	 31.367998
MCS10	 16.1	 57.5	 65.5	-77	 31.419498
MCS10	 18.9	 67.5	 97.6	-78	 31.472670
MCS10	 20.9	 74.7	 96.3	-79	 31.523275
MCS10	 22.5	 80.1	 96.5	-78	 31.575150
MCS10	 23.6	 84.2	 96.6	-76	 31.619997
MCS10	 24.5	 87.3	 96.5	-78	 31.687244
MCS10	 25.3	 90.2	 98.8	-79	 31.730749
MCS10	 25.6	 91.5	 95.3	-74	 31.782818
MCS10	 25.0	 89.3	 82.7	-79	 31.836803
MCS10	 25.5	 91.0	 96.3	-77	 31.887775
MCS10	 25.8	 92.1	 95.5	-78	 31.945593
MCS10	 26.2	 93.5	 97.6	-75	 31.999697
MCS10	 26.7	 95.1	 100.0	-75	 32.043701
MCS10	 26.6	 94.9	 94.2	-75	 32.095009
MCS10	 26.5	 94.4	 93.1	-77	 32.147007
MCS10	 21.0	 75.0	 16.6	-71	 32.199944
MCS10	 22.5	 80.1	 95.4	-77	 32.255486
MCS10	 23.1	 82.4	 89.5	-78	 32.303524
MCS10	 24.0	 85.7	 95.4	-77	 32.355324
MCS10	 24.7	 88.1	 95.5	-77	 32.406895
MCS10	 25.2	 89.9	 95.4	-75	 32.458691
MCS10	 25.8	 92.1	 98.7	-75	 32.512569
MCS10	 25.0	 89.1	 79.9	-75	 32.563053
MCS10	 25.2	 89.8	 92.0	-76	 32.615875
MCS10	 24.2	 86.3	 75.6	-76	 32.667603
MCS10	 24.8	 88.5	 95.4	-75	 32.723110
MCS10	 25.4	 90.5	 96.5	-78	 32.774574
MCS10	 25.8	 92.0	 96.3	-79	 32.827316
MCS10	 25.8	 91.8	 91.4	-79	 32.874977
MCS10	 23.7	 84.6	 62.8	-79	 32.932041
MCS10	 23.1	 82.4	 76.0	-76	 32.994862
MCS10	 23.7	 84.6	 91.0	-77	 33.035507
MCS10	 24.4	 87.0	 94.3	-78	 33.088116
MCS10	 25.2	 90.0	 98.8	-77	 33.135010
MCS10	 25.5	 91.0	 94.3	-78	 33.187218
MCS10	 24.0	 85.8	 69.9	-79	 33.239365
MCS10	 23.3	 83.0	 74.6	-76	 33.294765
MCS10	 22.1	 78.9	 66.6	-76	 33.354061
MCS10	 21.2	 75.5	 65.5	-78	 33.395344
MCS10	 21.3	 75.9	 77.1	-77	 33.450809
MCS10	 18.2	 65.0	 32.1	-77	 33.501190
MCS10	 19.9	 70.9	 88.6	-78	 33.555443
MCS10	 21.2	 75.5	 89.4	-79	 33.607468
MCS10	 22.6	 80.7	 96.2	-76	 33.659286
MCS10	 23.1	 82.3	 87.0	-80	 33.707603
MCS10	 24.0	 85.6	 95.4	-76	 33.759640
MCS10	 24.7	 88.0	 95.2	-80	 33.811398
MCS10	 25.1	 89.5	 94.1	-77	 33.863331
MCS10	 25.1	 89.5	 89.4	-80	 33.918804
MCS10	 23.6	 84.2	 68.5	-79	 33.966702
MCS10	 19.9	 71.1	 31.7	-79	 34.022301
MCS10	 19.7	 70.2	 67.6	-79	 34.071358
MCS10	 21.3	 76.1	 93.7	-78	 34.123627
MCS10	 6.9	 24.6	 0.0	-80	 35.328423
MCS10	 5.1	 18.4	 0.0	-80	 35.330105
MCS10	 4.8	 17.3	 13.8	-80	 35.382835
MCS10	 10.3	 36.7	 95.1	-78	 35.433456
MCS10	 14.5	 51.6	 96.2	-79	 35.483292
MCS10	 16.3	 58.1	 77.6	-81	 35.535976
MCS10	 12.2	 43.6	 0.0	-82	 35.602665
MCS10	 9.1	 32.7	 0.0	-81	 35.638138
MCS10	 6.8	 24.5	 0.0	-80	 35.692116
MCS10	 5.1	 18.3	 0.0	-80	 35.751087
MCS10	 3.8	 13.7	 0.0	-81	 35.810650
MCS10	 2.9	 10.3	 0.0	-81	 35.858002
MCS10	 0.0	 7.7	 0.0	-82	 35.922646
MCS10	 0.0	 5.8	 0.0	-83	 35.964447
MCS10	 0.0	 4.3	 0.0	-80	 36.023285
MCS10	 0.0	 3.2	 0.0	-80	 36.070889
MCS10	 0.0	 2.4	 0.0	-80	 36.127525
MCS10	 0.0	 1.8	 0.0	-79	 36.186722
MCS10	 0.0	 1.3	 0.0	-83	 36.234531
MCS10	 0.0	 1.0	 0.0	-82	 36.295216
MCS10	 0.0	 0.7	 0.0	-82	 36.341938
MCS10	 0.0	 0.5	 0.0	-81	 36.397030
MCS10	 2.9	 10.6	 40.7	-79	 36.443336
MCS10	 6.1	 22.0	 56.2	-81	 36.495392
MCS10	 7.7	 27.7	 44.8	-79	 36.548138
MCS10	 5.8	 20.7	 0.0	-78	 36.602749
MCS10	 4.3	 15.5	 0.0	-80	 36.652481
MCS10	 3.2	 11.6	 0.0	-75	 36.704857
MCS10	 0.0	 8.7	 0.0	-79	 36.761238
MCS10	 0.0	 6.5	 0.0	-81	 36.808300
MCS10	 0.0	 4.9	 0.0	-81	 36.865417
MCS10	 0.0	 3.6	 0.0	-81	 36.918648
MCS10	 0.0	 2.7	 0.0	-80	 36.970936
MCS10	 0.0	 2.0	 0.0	-82	 37.025555
MCS10	 0.0	 1.5	 0.0	-82	 37.073769
MCS10	 0.0	 1.1	 0.0	-81	 37.130615
MCS10	 0.0	 0.8	 0.0	-81	 37.182648
MCS10	 0.0	 0.6	 0.0	-80	 37.227921
MCS10	 0.0	 0.4	 0.0	-81	 37.279617
MCS10	 0.0	 0.3	 0.0	-81	 37.330036
MCS10	 0.0	 0.2	 0.0	-81	 37.384914
MCS10	 0.0	 0.2	 0.0	-82	 37.435863
MCS10	 0.0	 0.1	 0.0	-80	 37.491276
MCS10	 0.0	 0.1	 0.0	-80	 37.540874
MCS10	 0.0	 0.0	 0.0	-82	 37.592522
MCS10	 0.0	 0.0	 0.0	-81	 37.647865
MCS10	 0.0	 0.0	 0.0	-81	 37.699509
MCS10	 0.0	 0.0	 0.0	-82	 37.753689
MCS10	 0.0	 0.0	 0.0	-84	 37.805569
MCS10	 0.0	 0.0	 0.0	-85	 37.856518
MCS10	 0.0	 0.0	 0.0	-84	 37.913490
MCS10	 0.0	 0.0	 0.0	-81	 37.965000
MCS10	 0.0	 0.0	 0.0	-82	 38.022831
MCS10	 0.0	 0.0	 0.0	-82	 38.069530
MCS10	 0.0	 0.0	 0.0	-82	 38.119617
MCS10	 0.0	 0.0	 0.0	-83	 38.179062
MCS10	 0.0	 0.0	 0.0	-84	 38.224712
MCS10	 0.0	 0.0	 0.0	-84	 38.275658
MCS10	 0.0	 0.0	 0.0	-81	 38.332253
MCS10	 0.0	 0.0	 0.0	-84	 38.387325
MCS10	 0.0	 0.0	 0.0	-81	 38.439262
MCS10	 0.0	 0.0	 0.0	-83	 38.491230
MCS10	 0.0	 0.0	 0.0	-80	 38.536556
MCS10	 0.0	 0.0	 0.0	-80	 38.588917
MCS10	 0.0	 0.0	 0.0	-82	 38.643692
MCS10	 0.0	 0.0	 0.0	-80	 38.691956
MCS10	 0.0	 0.0	 0.0	-82	 38.759495
MCS10	 0.0	 0.0	 0.0	-83	 38.797688
MCS10	 0.0	 0.0	 0.0	-83	 38.851414
MCS10	 0.0	 0.0	 0.0	-79	 38.900330
MCS10	 0.0	 0.0	 0.0	-82	 38.955040
MCS10	 0.0	 0.0	 0.0	-81	 39.005554
MCS10	 0.0	 0.0	 0.0	-80	 39.055599
MCS10	 0.0	 0.0	 0.0	-83	 39.102257
MCS10	 0.0	 0.0	 0.0	-80	 39.161331
MCS10	 0.0	 0.0	 0.0	-83	 39.213417
MCS10	 0.0	 0.0	 0.0	-81	 39.263405
MCS10	 0.0	 0.0	 0.0	-83	 39.310444
MCS10	 0.0	 0.0	 0.0	-81	 39.368465
MCS10	 0.0	 0.0	 0.0	-82	 39.426712
MCS10	 0.0	 0.0	 0.0	-85	 39.472469
MCS10	 0.0	 0.0	 0.0	-82	 39.525131
MCS10	 0.0	 0.0	 0.0	-78	 39.586422
MCS10	 0.0	 0.0	 0.0	-79	 39.629478
MCS10	 0.0	 0.0	 0.0	-82	 39.679131
MCS10	 0.0	 0.0	 0.0	-82	 39.731956
MCS10	 0.0	 0.0	 0.0	-79	 39.783009
MCS10	 0.0	 0.0	 0.0	-82	 39.835545
MCS10	 0.0	 0.0	 0.0	-83	 39.888348
MCS10	 0.0	 0.0	 0.0	-82	 39.940754
MCS10	 0.0	 0.0	 0.0	-81	 39.999172
MCS10	 0.0	 0.0	 0.0	-82	 40.043385
MCS10	 0.0	 0.0	 0.0	-81	 40.095764
MCS10	 0.0	 0.0	 0.0	-81	 40.147358
MCS10	 0.0	 0.0	 0.0	-82	 40.200409
MCS10	 0.0	 0.0	 0.0	-81	 40.258717
MCS10	 0.0	 0.0	 0.0	-82	 40.311123
MCS10	 0.0	 0.0	 0.0	-81	 40.356663
MCS10	 0.0	 0.0	 0.0	-81	 41.585068
MCS10	 0.0	 0.0	 0.0	-82	 41.611538
MCS10	 0.0	 0.0	 0.0	-83	 41.664593
MCS10	 0.0	 0.0	 0.0	-82	 41.716331
MCS10	 0.0	 0.0	 0.0	-82	 41.768463
MCS10	 0.0	 0.0	 0.0	-81	 41.823109
MCS10	 0.0	 0.0	 0.0	-81	 41.875572
MCS10	 0.0	 0.0	 0.0	-81	 41.928246
MCS10	 0.0	 0.0	 0.0	-80	 41.983784
MCS10	 0.0	 0.0	 0.0	-81	 42.043159
MCS10	 0.0	 0.0	 0.0	-82	 42.090889
MCS10	 0.0	 0.0	 0.0	-81	 42.144901
MCS10	 0.0	 0.0	 0.0	-83	 42.198021
MCS10	 0.0	 0.0	 0.0	-83	 42.248867
MCS10	 0.0	 0.0	 0.0	-83	 42.299587
MCS10	 0.0	 0.0	 0.0	-80	 42.352432
MCS10	 0.0	 0.0	 0.0	-78	 42.404129
MCS10	 0.0	 0.0	 0.0	-82	 42.459278
MCS10	 0.0	 0.0	 0.0	-82	 42.514771
MCS10	 0.0	 0.0	 0.0	-83	 42.567245
MCS10	 0.0	 0.0	 0.0	-82	 42.615353
MCS10	 0.0	 0.0	 0.0	-85	 42.664597
MCS10	 0.0	 0.0	 0.0	-80	 42.722698
MCS10	 0.0	 0.0	 0.0	-83	 42.773045
MCS10	 0.0	 0.0	 0.0	-81	 42.826767
MCS10	 0.0	 0.0	 0.0	-83	 42.879913
MCS10	 0.0	 0.0	 0.0	-84	 42.931595
MCS10	 0.0	 0.0	 0.0	-83	 42.985657
MCS10	 0.0	 0.0	 0.0	-83	 43.034851
MCS10	 0.0	 0.0	 0.0	-83	 43.086987
MCS10	 0.0	 0.0	 0.0	-81	 43.145428
MCS10	 0.0	 0.0	 0.0	-80	 43.191635
MCS10	 0.0	 0.0	 0.0	-80	 43.252083
MCS10	 0.0	 0.0	 0.0	-83	 43.295719
MCS10	 0.0	 0.0	 0.0	-83	 43.348118
MCS10	 0.0	 0.0	 0.0	-83	 43.398438
MCS10	 0.0	 0.0	 0.0	-79	 43.458954
MCS10	 0.0	 0.0	 0.0	-82	 43.505142
MCS10	 0.0	 0.0	 0.0	-82	 43.556713
MCS10	 0.0	 0.0	 0.0	-81	 43.609730
MCS10	 0.0	 0.0	 0.0	-81	 43.660023
MCS10	 0.0	 0.0	 0.0	-82	 43.712223
MCS10	 0.0	 0.0	 0.0	-80	 43.771255
MCS10	 0.0	 0.0	 0.0	-81	 43.817219
MCS10	 0.0	 0.0	 0.0	-80	 43.869255
MCS10	 0.0	 0.0	 0.0	-83	 43.921455
MCS10	 0.0	 0.0	 0.0	-83	 43.974796
MCS10	 0.0	 0.0	 0.0	-84	 44.023865
MCS10	 0.0	 0.0	 0.0	-82	 44.076328
MCS10	 0.0	 0.0	 0.0	-81	 44.127533
MCS10	 0.0	 0.0	 0.0	-81	 44.184803
MCS10	 0.0	 0.0	 0.0	-85	 44.236061
MCS10	 0.0	 0.0	 0.0	-79	 44.283554
MCS10	 0.0	 0.0	 0.0	-85	 44.336788
MCS10	 0.0	 0.0	 0.0	-85	 44.398800
MCS10	 0.0	 0.0	 0.0	-84	 44.441711
MCS10	 0.0	 0.0	 0.0	-83	 44.490829
MCS10	 0.0	 0.0	 0.0	-82	 44.546909
MCS10	 0.0	 0.0	 0.0	-83	 44.595955
MCS10	 0.0	 0.0	 0.0	-82	 44.650963
MCS10	 0.0	 0.0	 0.0	-83	 44.699505
MCS10	 0.0	 0.0	 0.0	-82	 44.751312
MCS10	 0.0	 0.0	 0.0	-83	 44.806618
MCS10	 0.0	 0.0	 0.0	-83	 44.855495
MCS10	 0.0	 0.0	 0.0	-84	 44.909016
MCS10	 0.0	 0.0	 0.0	-84	 44.960869
MCS10	 0.0	 0.0	 0.0	-83	 45.011261
MCS10	 0.0	 0.0	 0.0	-84	 45.065521
MCS10	 0.0	 0.0	 0.0	-85	 45.115719
MCS10	 0.0	 0.0	 0.0	-84	 45.167404
MCS10	 0.0	 0.0	 0.0	-85	 45.219734
MCS10	 0.0	 0.0	 0.0	-85	 45.272942
MCS10	 0.0	 0.0	 0.0	-85	 45.326672
MCS10	 0.0	 0.0	 0.0	-84	 45.375645
MCS10	 0.0	 0.0	 0.0	-85	 45.427155
MCS10	 0.0	 0.0	 0.0	-85	 45.481819
MCS10	 0.0	 0.0	 0.0	-85	 45.535919
MCS10	 0.0	 0.0	 0.0	-86	 45.583191
MCS10	 0.0	 0.0	 0.0	-85	 45.636887
MCS10	 0.0	 0.0	 0.0	-84	 45.686813
MCS10	 0.0	 0.0	 0.0	-83	 45.738789
MCS10	 0.0	 0.0	 0.0	-86	 45.795269
MCS10	 0.0	 0.0	 0.0	-82	 45.844898
MCS10	 0.0	 0.0	 0.0	-83	 45.895786
MCS10	 0.0	 0.0	 0.0	-84	 45.955055
MCS10	 0.0	 0.0	 0.0	-82	 46.005867
MCS10	 0.0	 0.0	 0.0	-82	 46.053131
MCS10	 0.0	 0.0	 0.0	-86	 46.105244
MCS10	 0.0	 0.0	 0.0	-85	 46.155788
MCS10	 0.0	 0.0	 0.0	-84	 46.219734
MCS10	 0.0	 0.0	 0.0	-82	 46.263309
MCS10	 0.0	 0.0	 0.0	-87	 46.311878
MCS10	 0.0	 0.0	 0.0	-85	 46.375168
MCS10	 0.0	 0.0	 0.0	-86	 46.423038
MCS10	 0.0	 0.0	 0.0	-86	 46.467236
MCS10	 0.0	 0.0	 0.0	-82	 46.520393
MCS10	 0.0	 0.0	 0.0	-83	 46.575737
MCS10	 0.0	 0.0	 0.0	-83	 46.628784
MCS10	 0.0	 0.0	 0.0	-83	 47.835018
MCS10	 0.0	 0.0	 0.0	-82	 47.876251
MCS10	 0.0	 0.0	 0.0	-84	 47.927376
MCS10	 0.0	 0.0	 0.0	-82	 47.981182
MCS10	 0.0	 0.0	 0.0	-82	 48.031776
MCS10	 0.0	 0.0	 0.0	-85	 48.083096
MCS10	 0.0	 0.0	 0.0	-84	 48.135864
MCS10	 0.0	 0.0	 0.0	-81	 48.187920
MCS10	 0.0	 0.0	 0.0	-85	 48.242599
MCS10	 0.0	 0.0	 0.0	-82	 48.295338
MCS10	 0.0	 0.0	 0.0	-82	 48.347145
MCS10	 0.0	 0.0	 0.0	-83	 48.399773
MCS10	 0.0	 0.0	 0.0	-84	 48.451977
MCS10	 0.0	 0.0	 0.0	-86	 48.505409
MCS10	 0.0	 0.0	 0.0	-85	 48.566521
MCS10	 0.0	 0.0	 0.0	-86	 48.616352
MCS10	 0.0	 0.0	 0.0	-85	 49.000523
MCS10	 0.0	 0.0	 0.0	-85	 49.052567
MCS10	 0.0	 0.0	 0.0	-84	 49.106949
MCS10	 0.0	 0.0	 0.0	-85	 49.154938
MCS10	 0.0	 0.0	 0.0	-85	 49.206413
MCS10	 0.0	 0.0	 0.0	-84	 49.261539
MCS10	 0.0	 0.0	 0.0	-83	 49.312805
MCS10	 0.0	 0.0	 0.0	-83	 49.362476
MCS10	 0.0	 0.0	 0.0	-83	 49.415592
MCS10	 0.0	 0.0	 0.0	-84	 49.468040
MCS10	 0.0	 0.0	 0.0	-81	 49.520588
MCS10	 0.0	 0.0	 0.0	-82	 49.573101
MCS10	 0.0	 0.0	 0.0	-83	 49.630375
MCS10	 0.0	 0.0	 0.0	-82	 49.682941
MCS10	 0.0	 0.0	 0.0	-83	 49.730759
MCS10	 0.0	 0.0	 0.0	-83	 49.783089
MCS10	 0.0	 0.0	 0.0	-83	 49.835117
MCS10	 0.0	 0.0	 0.0	-83	 49.888851
MCS10	 0.0	 0.0	 0.0	-83	 49.940441
MCS10	 0.0	 0.0	 0.0	-83	 49.994629
MCS10	 0.0	 0.0	 0.0	-82	 50.048512
MCS10	 0.0	 0.0	 0.0	-84	 50.100605
MCS10	 0.0	 0.0	 0.0	-84	 50.155327
MCS10	 0.0	 0.0	 0.0	-83	 50.203964
MCS10	 0.0	 0.0	 0.0	-85	 50.256786
MCS10	 0.0	 0.0	 0.0	-85	 50.308540
MCS10	 0.0	 0.0	 0.0	-84	 50.363373
MCS10	 0.0	 0.0	 0.0	-83	 50.416340
MCS10	 0.0	 0.0	 0.0	-83	 50.478138
MCS10	 0.0	 0.0	 0.0	-82	 50.530277
MCS10	 0.0	 0.0	 0.0	-82	 50.632183
MCS10	 0.0	 0.0	 0.0	-82	 50.820881
MCS10	 0.0	 0.0	 0.0	-85	 54.112431
MCS10	 0.0	 0.0	 0.0	-81	 57.021202
MCS10	 0.0	 0.0	 0.0	-81	 57.071236
MCS10	 0.0	 0.0	 0.0	-82	 57.123211
MCS10	 0.0	 0.0	 0.0	-83	 57.176899
MCS10	 0.0	 0.0	 0.0	-83	 57.227768
MCS10	 0.0	 0.0	 0.0	-83	 57.280411
MCS10	 0.0	 0.0	 0.0	-83	 57.337448
MCS10	 0.0	 0.0	 0.0	-82	 57.388317
MCS10	 0.0	 0.0	 0.0	-82	 57.439568
MCS10	 0.0	 0.0	 0.0	-83	 57.493431
MCS10	 0.0	 0.0	 0.0	-84	 57.544868
MCS10	 0.0	 0.0	 0.0	-82	 57.595402
MCS10	 0.0	 0.0	 0.0	-82	 57.647877
MCS10	 0.0	 0.0	 0.0	-82	 57.701401
MCS10	 0.0	 0.0	 0.0	-81	 57.753056
MCS10	 0.0	 0.0	 0.0	-83	 57.803162
MCS10	 0.0	 0.0	 0.0	-80	 57.855499
MCS10	 0.0	 0.0	 0.0	-81	 57.907501
MCS10	 0.0	 0.0	 0.0	-82	 57.959751
MCS10	 0.0	 0.0	 0.0	-83	 58.011070
MCS10	 0.0	 0.0	 0.0	-82	 58.065643
MCS10	 0.0	 0.0	 0.0	-82	 58.115677
MCS10	 0.0	 0.0	 0.0	-82	 58.168056
MCS10	 0.0	 0.0	 0.0	-83	 58.218410
MCS10	 0.0	 0.0	 0.0	-81	 58.272911
MCS10	 0.0	 0.0	 0.0	-84	 58.324001
MCS10	 0.0	 0.0	 0.0	-83	 58.375572
MCS10	 0.0	 0.0	 0.0	-81	 58.428761
MCS10	 0.0	 0.0	 0.0	-80	 58.480686
MCS10	 0.0	 0.0	 0.0	-83	 58.533936
MCS10	 0.0	 0.0	 0.0	-84	 58.584057
MCS10	 0.0	 0.0	 0.0	-83	 58.630386
MCS10	 0.0	 0.0	 0.0	-83	 58.691280
MCS10	 0.0	 0.0	 0.0	-83	 58.743031
MCS10	 0.0	 0.0	 0.0	-83	 58.786400
MCS10	 0.0	 0.0	 0.0	-84	 58.847927
MCS10	 0.0	 0.0	 0.0	-82	 58.899689
MCS10	 0.0	 0.0	 0.0	-81	 58.958817
MCS10	 0.0	 0.0	 0.0	-82	 59.006626
MCS10	 0.0	 0.0	 0.0	-83	 59.052483
MCS10	 0.0	 0.0	 0.0	-82	 59.108425
MCS10	 0.0	 0.0	 0.0	-81	 59.157101
MCS10	 0.0	 0.0	 0.0	-84	 60.429287
MCS10	 0.0	 0.0	 0.0	-83	 60.456310
MCS10	 0.0	 0.0	 0.0	-83	 60.506687
MCS10	 0.0	 0.0	 0.0	-83	 60.565254
MCS10	 0.0	 0.0	 0.0	-83	 60.615002
MCS10	 0.0	 0.0	 0.0	-82	 60.666641
MCS10	 0.0	 0.0	 0.0	-83	 60.721645
MCS10	 0.0	 0.0	 0.0	-82	 60.779091
MCS10	 0.0	 0.0	 0.0	-83	 60.828884
MCS10	 0.0	 0.0	 0.0	-82	 60.872639
MCS10	 0.0	 0.0	 0.0	-83	 60.931332
MCS10	 0.0	 0.0	 0.0	-84	 60.986256
MCS10	 0.0	 0.0	 0.0	-84	 61.038589
MCS10	 0.0	 0.0	 0.0	-84	 61.090984
MCS10	 0.0	 0.0	 0.0	-83	 61.138664
MCS10	 0.0	 0.0	 0.0	-82	 61.193928
MCS10	 0.0	 0.0	 0.0	-81	 61.247276
MCS10	 0.0	 0.0	 0.0	-82	 61.300919
MCS10	 0.0	 0.0	 0.0	-81	 61.351486
MCS10	 0.0	 0.0	 0.0	-82	 61.404594
MCS10	 0.0	 0.0	 0.0	-83	 61.457565
MCS10	 0.0	 0.0	 0.0	-82	 61.508572
MCS10	 0.0	 0.0	 0.0	-83	 61.563251
MCS10	 0.0	 0.0	 0.0	-82	 61.615486
MCS10	 0.0	 0.0	 0.0	-84	 61.668552
MCS10	 0.0	 0.0	 0.0	-85	 61.723324
MCS10	 0.0	 0.0	 0.0	-84	 61.776546
MCS10	 0.0	 0.0	 0.0	-83	 61.828854
MCS10	 0.0	 0.0	 0.0	-83	 61.879841
MCS10	 0.0	 0.0	 0.0	-85	 61.931091
MCS10	 0.0	 0.0	 0.0	-83	 61.984566
MCS10	 0.0	 0.0	 0.0	-83	 62.038239
MCS10	 0.0	 0.0	 0.0	-81	 62.091072
MCS10	 0.0	 0.0	 0.0	-82	 62.144642
MCS10	 0.0	 0.0	 0.0	-81	 62.196983
MCS10	 0.0	 0.0	 0.0	-82	 62.255268
MCS10	 0.0	 0.0	 0.0	-81	 62.300758
MCS10	 0.0	 0.0	 0.0	-83	 62.354916
MCS10	 0.0	 0.0	 0.0	-84	 62.410862
MCS10	 0.0	 0.0	 0.0	-83	 62.458389
MCS10	 0.0	 0.0	 0.0	-83	 62.525917
MCS10	 0.0	 0.0	 0.0	-84	 62.568836
MCS10	 0.0	 0.0	 0.0	-83	 62.621304
MCS10	 0.0	 0.0	 0.0	-83	 62.672005
MCS10	 0.0	 0.0	 0.0	-84	 62.731136
MCS10	 0.0	 0.0	 0.0	-83	 62.776123
MCS10	 0.0	 0.0	 0.0	-83	 62.827892
MCS10	 0.0	 0.0	 0.0	-84	 62.881226
MCS10	 0.0	 0.0	 0.0	-82	 62.933342
MCS10	 0.0	 0.0	 0.0	-83	 62.988201
MCS10	 0.0	 0.0	 0.0	-83	 63.042835
MCS10	 0.0	 0.0	 0.0	-84	 63.091579
MCS10	 0.0	 0.0	 0.0	-84	 63.158024
MCS10	 0.0	 0.0	 0.0	-84	 63.404907
MCS10	 0.0	 0.0	 0.0	-87	 66.719833
MCS10	 27.5	 97.9	 100.0	-73	 16.465034
MCS10	 27.8	 99.1	 100.0	-72	 16.731567
MCS10	 27.3	 97.4	 92.3	-74	 16.776335
MCS10	 27.1	 96.6	 94.4	-73	 16.828903
MCS10	 27.5	 98.1	 100.0	-76	 16.936897
MCS10	 27.0	 96.4	 89.9	-77	 17.031488
MCS10	 25.5	 90.8	 74.1	-75	 17.088467
MCS10	 25.1	 89.4	 84.9	-74	 17.144699
MCS10	 24.9	 88.9	 87.5	-74	 17.192696
MCS10	 25.7	 91.7	 100.0	-74	 17.244831
MCS10	 25.4	 90.7	 81.8	-74	 17.505964
MCS10	 21.7	 77.4	 37.5	-74	 17.561050
MCS10	 19.8	 70.5	 50.0	-75	 17.613373
MCS10	 21.1	 75.4	 89.9	-77	 30.872702
MCS10	 22.4	 80.1	 94.1	-76	 30.926744
MCS10	 21.8	 77.9	 71.4	-73	 31.085884
MCS10	 23.2	 82.6	 96.6	-74	 31.136429
MCS10	 24.4	 86.9	 100.0	-75	 31.192743
MCS10	 25.1	 89.6	 97.5	-77	 31.240948
MCS10	 25.1	 89.7	 89.9	-79	 31.292627
MCS10	 25.7	 91.7	 97.9	-76	 31.344566
MCS10	 26.0	 92.8	 95.9	-77	 31.397032
MCS10	 26.4	 94.1	 97.9	-76	 31.449034
MCS10	 26.0	 92.7	 88.4	-76	 31.500898
MCS10	 25.1	 89.7	 80.8	-76	 31.546984
MCS10	 25.7	 91.5	 97.1	-72	 31.617868
MCS10	 26.7	 95.2	 100.0	-75	 31.710163
MCS10	 25.8	 92.0	 82.3	-74	 31.765854
MCS10	 25.4	 90.5	 86.0	-79	 31.805580
MCS10	 23.9	 85.2	 69.3	-77	 31.869089
MCS10	 20.8	 74.1	 41.0	-78	 31.918159
MCS10	 22.4	 79.8	 96.9	-76	 31.968826
MCS10	 23.3	 83.2	 93.4	-78	 32.021252
MCS10	 23.5	 83.8	 85.4	-76	 32.073112
MCS10	 22.7	 81.0	 72.7	-76	 32.124214
MCS10	 23.6	 84.2	 93.9	-78	 32.176552
MCS10	 24.3	 86.6	 93.7	-75	 32.226513
MCS10	 24.7	 88.0	 92.3	-75	 32.285488
MCS10	 24.6	 87.9	 87.5	-76	 32.336952
MCS10	 24.3	 86.7	 83.3	-78	 32.396969
MCS10	 18.2	 65.0	 0.0	-77	 32.440681
MCS10	 18.6	 66.3	 69.9	-78	 32.493515
MCS10	 15.0	 53.5	 15.3	-76	 32.545071
MCS10	 17.1	 61.2	 84.2	-76	 32.602757
MCS10	 19.0	 67.8	 87.5	-77	 32.651901
MCS10	 15.5	 55.4	 18.4	-78	 32.708809
MCS10	 13.4	 47.8	 25.0	-76	 32.760780
MCS10	 16.9	 60.3	 97.9	-77	 32.808975
MCS10	 14.0	 50.0	 18.9	-77	 32.861065
MCS10	 15.5	 55.4	 71.7	-76	 32.913792
MCS10	 11.6	 41.5	 0.0	-76	 32.968365
MCS10	 14.1	 50.4	 77.0	-76	 33.014828
MCS10	 17.6	 62.8	 100.0	-76	 33.066807
MCS10	 20.2	 72.1	 100.0	-76	 33.120457
MCS10	 15.9	 56.6	 10.2	-76	 33.175995
MCS10	 11.9	 42.4	 0.0	-80	 33.228584
MCS10	 8.9	 31.8	 0.0	-78	 33.283287
MCS10	 6.7	 23.9	 0.0	-75	 33.333858
MCS10	 8.6	 30.7	 51.1	-80	 33.384037
MCS10	 12.8	 45.7	 90.9	-78	 33.436047
MCS10	 16.0	 57.2	 91.8	-73	 33.487129
MCS10	 15.9	 56.7	 55.1	-77	 33.548790
MCS10	 11.9	 42.5	 0.0	-81	 33.600620
MCS10	 12.8	 45.8	 55.8	-79	 33.647129
MCS10	 10.9	 39.1	 18.9	-78	 33.702042
MCS10	 8.2	 29.3	 0.0	-79	 33.754406
MCS10	 7.8	 28.0	 24.3	-78	 33.805309
MCS10	 6.4	 22.8	 7.3	-79	 33.861233
MCS10	 8.0	 28.5	 45.4	-79	 33.914215
MCS10	 11.6	 41.6	 80.9	-80	 33.969345
MCS10	 8.7	 31.2	 0.0	-82	 34.028679
MCS10	 6.5	 23.4	 0.0	-81	 34.083111
MCS10	 5.2	 18.8	 4.9	-80	 34.131271
MCS10	 6.1	 21.8	 30.7	-80	 34.190632
MCS10	 4.5	 16.3	 0.0	-79	 34.241352
MCS10	 3.4	 12.2	 0.0	-79	 34.300446
MCS10	 0.0	 9.1	 0.0	-77	 34.340088
