-27	 0.988636	 1.000000	 1.000000	 0.818680
-31	 0.973451	 1.000000	 1.000000	 1.180913
-28	 0.969163	 1.000000	 1.000000	 1.568819
-24	 0.979661	 1.000000	 1.000000	 2.195269
-26	 0.926829	 1.000000	 1.000000	 2.251830
-32	 0.946903	 1.000000	 1.000000	 2.538963
-37	 0.979239	 1.000000	 1.000000	 2.947143
-41	 0.978022	 1.000000	 1.000000	 3.258851
-43	 0.980456	 1.000000	 1.000000	 3.571150
-39	 0.988095	 1.000000	 1.000000	 4.299439
-48	 0.968172	 1.000000	 1.000000	 5.715030
-48	 0.944954	 1.000000	 1.000000	 5.783283
-48	 0.960265	 1.000000	 1.000000	 5.875278
-47	 0.973799	 1.000000	 1.000000	 6.014940
-47	 0.962733	 1.000000	 1.000000	 6.112208
-48	 0.980000	 1.000000	 1.000000	 6.295786
-44	 0.963415	 1.000000	 1.000000	 6.407666
-45	 0.964706	 1.000000	 1.000000	 6.510695
-47	 0.962264	 1.000000	 1.000000	 6.607757
-51	 0.985507	 1.000000	 1.000000	 6.857741
-52	 0.964706	 1.000000	 1.000000	 6.961603
-42	 0.938144	 1.000000	 1.000000	 7.022315
-43	 0.952756	 1.000000	 1.000000	 7.100477
-47	 0.948718	 1.000000	 1.000000	 7.172811
-52	 0.931035	 1.000000	 1.000000	 7.227868
-55	 0.966667	 1.000000	 1.000000	 7.336953
-53	 0.953333	 1.000000	 1.000000	 7.430521
-50	 0.972851	 1.000000	 1.000000	 7.563315
-50	 0.911765	 1.000000	 1.000000	 7.604614
-53	 0.956204	 1.000000	 1.000000	 7.687586
-54	 0.948718	 1.000000	 1.000000	 7.759413
-49	 0.971292	 1.000000	 1.000000	 7.886164
-50	 0.966102	 1.000000	 1.000000	 7.992735
-46	 0.915493	 1.000000	 1.000000	 8.039265
-47	 0.954545	 1.000000	 1.000000	 8.119469
-51	 0.956204	 1.000000	 1.000000	 8.201119
-51	 0.965517	 1.000000	 1.000000	 8.307852
-52	 0.970000	 1.000000	 1.000000	 8.427376
-53	 0.980769	 1.000000	 1.000000	 8.611128
-53	 0.975104	 1.000000	 1.000000	 8.761237
-56	 0.903226	 1.000000	 1.000000	 8.800548
-55	 0.972727	 1.000000	 1.000000	 8.932336
-58	 0.953488	 1.000000	 1.000000	 9.011451
-57	 0.972851	 1.000000	 1.000000	 9.146125
-61	 0.972789	 1.000000	 1.000000	 9.323309
-58	 0.967914	 1.000000	 1.000000	 9.436452
-55	 0.980892	 1.000000	 1.000000	 9.626838
-54	 0.938144	 1.000000	 1.000000	 9.687258
-58	 0.976471	 1.000000	 1.000000	 9.841947
-62	 0.943396	 1.000000	 1.000000	 9.908667
-57	 0.962500	 1.000000	 1.000000	 10.011095
-64	 0.973684	 1.000000	 1.000000	 10.147727
-65	 0.971831	 1.000000	 1.000000	 10.278675
-59	 0.969072	 1.000000	 1.000000	 10.399356
-64	 0.962963	 1.000000	 1.000000	 10.498168
-59	 0.977099	 1.000000	 1.000000	 10.659379
-69	 0.969808	 1.000000	 1.000000	 11.997085
-74	 0.939394	 1.000000	 1.000000	 12.079222
-77	 0.969543	 1.000000	 1.000000	 12.200028
-74	 0.971564	 1.000000	 1.000000	 12.328836
-77	 0.953125	 1.000000	 1.000000	 12.407347
-76	 0.943396	 1.000000	 1.000000	 12.473155
-74	 0.913043	 1.000000	 1.000000	 12.515634
-75	 0.975510	 1.000000	 1.000000	 12.711626
-72	 0.960526	 1.000000	 1.000000	 12.808267
-67	 0.847826	 1.000000	 1.000000	 12.839498
-71	 0.938144	 1.000000	 1.000000	 12.900383
-76	 0.952000	 1.000000	 1.000000	 12.979676
-72	 0.950413	 1.000000	 1.000000	 13.054590
-72	 0.959732	 1.000000	 1.000000	 13.148819
-69	 0.974684	 1.000000	 1.000000	 13.292630
-72	 0.949580	 1.000000	 1.000000	 13.367336
-74	 0.945946	 1.000000	 1.000000	 13.437637
-73	 0.869565	 1.000000	 1.000000	 13.469291
-72	 0.982507	 1.000000	 1.000000	 13.679866
-74	 0.940594	 1.000000	 1.000000	 13.742713
-73	 0.950000	 1.000000	 1.000000	 13.818125
-76	 0.973799	 1.000000	 1.000000	 13.956396
-78	 0.943396	 1.000000	 1.000000	 14.029881
-80	 0.944954	 1.000000	 1.000000	 14.113920
-76	 0.954198	 1.000000	 1.000000	 14.193311
-80	 0.942308	 1.000000	 1.000000	 14.283279
-80	 0.872340	 1.000000	 1.000000	 14.315291
-78	 0.966292	 1.000000	 1.000000	 14.439858
-77	 0.923077	 1.000000	 1.000000	 14.507641
-76	 0.948718	 1.000000	 1.000000	 14.584642
-75	 0.925926	 1.000000	 1.000000	 14.645268
-79	 0.901639	 1.000000	 1.000000	 14.711243
-76	 0.812500	 1.000000	 1.000000	 14.737350
-71	 0.909091	 1.000000	 1.000000	 14.782973
-75	 0.886792	 1.000000	 1.000000	 14.823979
-79	 0.931035	 1.000000	 1.000000	 14.889868
-74	 0.953488	 1.000000	 1.000000	 14.971580
-75	 0.971429	 1.000000	 1.000000	 15.099468
-75	 0.949580	 1.000000	 1.000000	 15.180404
-72	 0.942149	 1.000000	 1.000000	 15.263402
-74	 0.955556	 1.000000	 1.000000	 15.346792
-75	 0.964286	 1.000000	 1.000000	 15.449626
-79	 0.968586	 1.000000	 1.000000	 15.567507
-78	 0.500000	 1.000000	 1.000000	 15.591620
-73	 0.925000	 1.000000	 1.000000	 15.643170
-78	 0.971292	 1.000000	 1.000000	 15.771941
-74	 0.947368	 1.000000	 1.000000	 15.847958
-79	 0.911765	 1.000000	 1.000000	 15.898681
-76	 0.969072	 1.000000	 1.000000	 16.031298
-77	 0.965909	 1.000000	 1.000000	 16.139168
-76	 0.925532	 1.000000	 1.000000	 16.198732
-77	 0.872340	 1.000000	 1.000000	 16.231567
-79	 0.877551	 1.000000	 1.000000	 16.275740
-79	 0.968085	 1.000000	 1.000000	 16.390894
-80	 0.936842	 1.000000	 1.000000	 16.460697
-79	 0.913043	 1.000000	 1.000000	 16.511089
-76	 0.938776	 1.000000	 1.000000	 16.574783
-76	 0.964286	 1.000000	 1.000000	 16.679056
-79	 0.947826	 1.000000	 1.000000	 16.754671
-77	 0.950413	 1.000000	 1.000000	 16.830118
-76	 0.936842	 1.000000	 1.000000	 16.902878
-75	 0.872340	 1.000000	 1.000000	 16.937477
-75	 0.862745	 1.000000	 1.000000	 17.005381
-78	 0.935484	 1.000000	 1.000000	 17.064232
-73	 0.944954	 1.000000	 1.000000	 17.134998
-77	 0.936170	 1.000000	 1.000000	 17.195232
-76	 0.958042	 1.000000	 1.000000	 17.283205
-76	 0.941748	 1.000000	 1.000000	 17.347418
-77	 0.950820	 1.000000	 1.000000	 17.423635
-74	 0.958580	 1.000000	 1.000000	 17.527521
-78	 0.979661	 1.000000	 1.000000	 17.705528
-69	 0.952756	 1.000000	 1.000000	 19.076700
-73	 0.967391	 1.000000	 1.000000	 19.192532
-72	 0.968085	 1.000000	 1.000000	 19.308340
-72	 0.972603	 1.000000	 1.000000	 19.441660
-70	 0.952756	 1.000000	 1.000000	 19.519527
-69	 0.974468	 1.000000	 1.000000	 19.661545
-68	 0.962500	 1.000000	 1.000000	 19.759140
-70	 0.979452	 1.000000	 1.000000	 19.937037
-71	 0.979522	 1.000000	 1.000000	 20.112982
-69	 0.946903	 1.000000	 1.000000	 20.182409
-69	 0.961039	 1.000000	 1.000000	 20.275229
-74	 0.968421	 1.000000	 1.000000	 20.395508
-66	 0.972222	 1.000000	 1.000000	 20.526827
-67	 0.976285	 1.000000	 1.000000	 20.681526
-61	 0.978873	 1.000000	 1.000000	 20.849709
-68	 0.975000	 1.000000	 1.000000	 20.995586
-70	 0.926829	 1.000000	 1.000000	 21.047119
-67	 0.961538	 1.000000	 1.000000	 21.140314
-61	 0.969697	 1.000000	 1.000000	 21.259007
-60	 0.960526	 1.000000	 1.000000	 21.349628
-60	 0.969543	 1.000000	 1.000000	 21.468737
-65	 0.976000	 1.000000	 1.000000	 21.620453
-56	 0.975510	 1.000000	 1.000000	 21.773867
-59	 0.970297	 1.000000	 1.000000	 21.894545
-62	 0.958042	 1.000000	 1.000000	 21.981794
-58	 0.964706	 1.000000	 1.000000	 22.086596
-54	 0.917808	 1.000000	 1.000000	 22.133736
-56	 0.978723	 1.000000	 1.000000	 22.303202
-50	 0.931035	 1.000000	 1.000000	 22.361103
-59	 0.969388	 1.000000	 1.000000	 22.480686
-55	 0.962264	 1.000000	 1.000000	 22.578667
-54	 0.984772	 1.000000	 1.000000	 22.814991
-56	 0.975309	 1.000000	 1.000000	 22.959148
-55	 0.979310	 1.000000	 1.000000	 23.131582
-52	 0.969697	 1.000000	 1.000000	 23.250023
-54	 0.961783	 1.000000	 1.000000	 23.344694
-49	 0.968254	 1.000000	 1.000000	 23.459545
-52	 0.904110	 1.000000	 1.000000	 23.507374
-48	 0.960526	 1.000000	 1.000000	 23.599663
-50	 0.884615	 1.000000	 1.000000	 23.633619
-50	 0.980132	 1.000000	 1.000000	 23.816738
-55	 0.925926	 1.000000	 1.000000	 23.868517
-46	 0.969072	 1.000000	 1.000000	 23.986904
-48	 0.946970	 1.000000	 1.000000	 24.071218
-50	 0.952381	 1.000000	 1.000000	 24.150023
-47	 0.837838	 1.000000	 1.000000	 24.175064
-42	 0.973094	 1.000000	 1.000000	 24.308121
-54	 0.961290	 1.000000	 1.000000	 24.403290
-48	 0.970443	 1.000000	 1.000000	 24.530439
-53	 0.982036	 1.000000	 1.000000	 24.734514
-56	 0.946903	 1.000000	 1.000000	 24.805271
-55	 0.967033	 1.000000	 1.000000	 24.917639
-54	 0.960784	 1.000000	 1.000000	 25.014685
-55	 0.976471	 1.000000	 1.000000	 25.167955
-58	 0.931035	 1.000000	 1.000000	 25.222038
-62	 0.954545	 1.000000	 1.000000	 25.301327
-63	 0.937500	 1.000000	 1.000000	 25.362171
-61	 0.888889	 1.000000	 1.000000	 25.399384
-60	 0.934783	 1.000000	 1.000000	 25.457596
-59	 0.970732	 1.000000	 1.000000	 25.582747
-63	 0.958042	 1.000000	 1.000000	 25.678600
-65	 0.966102	 1.000000	 1.000000	 25.785086
-67	 0.981651	 1.000000	 1.000000	 25.982759
-68	 0.960000	 1.000000	 1.000000	 26.075258
-69	 0.898305	 1.000000	 1.000000	 26.112978
-74	 0.972603	 1.000000	 1.000000	 26.244381
-68	 0.953846	 1.000000	 1.000000	 26.326599
-69	 0.970732	 1.000000	 1.000000	 26.450571
-73	 0.954545	 1.000000	 1.000000	 26.532398
-71	 0.964286	 1.000000	 1.000000	 26.639214
-68	 0.974895	 1.000000	 1.000000	 26.783222
-67	 0.965517	 1.000000	 1.000000	 26.888386
-66	 0.966292	 1.000000	 1.000000	 26.994310
-70	 0.960784	 1.000000	 1.000000	 27.090788
-73	 0.954198	 1.000000	 1.000000	 27.174706
-72	 0.980519	 1.000000	 1.000000	 27.363035
-71	 0.960526	 1.000000	 1.000000	 27.457350
-76	 0.965116	 1.000000	 1.000000	 27.562881
-72	 0.966102	 1.000000	 1.000000	 27.707941
-78	 0.962037	 1.000000	 1.000000	 29.083134
-79	 0.933333	 1.000000	 1.000000	 29.167011
-74	 0.936170	 1.000000	 1.000000	 29.226437
-74	 0.967213	 1.000000	 1.000000	 29.339041
-74	 0.974138	 1.000000	 1.000000	 29.479551
-76	 0.927711	 1.000000	 1.000000	 29.531713
-74	 0.940594	 1.000000	 1.000000	 29.594637
-75	 0.953846	 1.000000	 1.000000	 29.677164
-76	 0.971963	 1.000000	 1.000000	 29.807571
-74	 0.963415	 1.000000	 1.000000	 29.909233
-77	 0.956835	 1.000000	 1.000000	 29.996849
-78	 0.917808	 1.000000	 1.000000	 30.044971
-77	 0.966102	 1.000000	 1.000000	 30.153786
-77	 0.901639	 1.000000	 1.000000	 30.194366
-77	 0.957143	 1.000000	 1.000000	 30.281492
-78	 0.866667	 1.000000	 1.000000	 30.311483
-78	 0.684211	 1.000000	 1.000000	 30.346794
-77	 0.333333	 1.000000	 1.000000	 30.382257
-75	 0.963636	 1.000000	 1.000000	 30.485453
-73	 0.946903	 1.000000	 1.000000	 30.555895
-76	 0.973451	 1.000000	 1.000000	 30.693497
-79	 0.837838	 1.000000	 1.000000	 30.747890
-78	 0.863636	 1.000000	 1.000000	 30.783318
-75	 0.847826	 1.000000	 1.000000	 30.815535
-76	 0.932584	 1.000000	 1.000000	 30.878910
-77	 0.931818	 1.000000	 1.000000	 30.935125
-78	 0.972350	 1.000000	 1.000000	 31.079233
-79	 0.917808	 1.000000	 1.000000	 31.129831
-80	 0.863636	 1.000000	 1.000000	 31.160192
-80	 0.500000	 1.000000	 1.000000	 31.177832
-80	 0.600000	 1.000000	 1.000000	 31.192837
-76	 0.945455	 1.000000	 1.000000	 31.272196
-75	 0.000000	 1.000000	 1.000000	 31.316833
-76	 0.142857	 1.000000	 1.000000	 31.341593
-75	 0.454545	 1.000000	 1.000000	 31.362108
-76	 0.714286	 1.000000	 1.000000	 31.403767
-78	 0.967914	 1.000000	 1.000000	 31.520561
-76	 0.962733	 1.000000	 1.000000	 31.619997
-78	 0.968750	 1.000000	 1.000000	 31.738256
-76	 0.948718	 1.000000	 1.000000	 31.813309
-77	 0.943396	 1.000000	 1.000000	 31.889507
-75	 0.978417	 1.000000	 1.000000	 32.059048
-75	 0.921348	 1.000000	 1.000000	 32.115784
-77	 0.890909	 1.000000	 1.000000	 32.165710
-75	 0.846154	 1.000000	 1.000000	 32.219139
-79	 0.941748	 1.000000	 1.000000	 32.283272
-77	 0.882353	 1.000000	 1.000000	 32.318604
-75	 0.961111	 1.000000	 1.000000	 32.428223
-75	 0.964706	 1.000000	 1.000000	 32.554169
-77	 0.925000	 1.000000	 1.000000	 32.604248
-76	 0.777778	 1.000000	 1.000000	 32.635490
-74	 0.947368	 1.000000	 1.000000	 32.707756
-78	 0.954887	 1.000000	 1.000000	 32.791172
-79	 0.934783	 1.000000	 1.000000	 32.855251
-81	 0.828571	 1.000000	 1.000000	 32.897575
-79	 0.888889	 1.000000	 1.000000	 32.937241
-82	 0.142857	 1.000000	 1.000000	 32.954784
-76	 0.865385	 1.000000	 1.000000	 32.994862
-76	 0.916667	 1.000000	 1.000000	 33.041214
-77	 0.966102	 1.000000	 1.000000	 33.149822
-75	 0.934783	 1.000000	 1.000000	 33.221249
-80	 0.842105	 1.000000	 1.000000	 33.258038
-75	 0.929412	 1.000000	 1.000000	 33.318722
-78	 0.400000	 1.000000	 1.000000	 33.362122
-73	 0.927711	 1.000000	 1.000000	 33.421158
-77	 0.666667	 1.000000	 1.000000	 33.450809
-76	 0.538462	 1.000000	 1.000000	 33.467304
-77	 0.562500	 1.000000	 1.000000	 33.515408
-78	 0.934066	 1.000000	 1.000000	 33.573349
-78	 0.890909	 1.000000	 1.000000	 33.612083
-78	 0.956204	 1.000000	 1.000000	 33.697861
-77	 0.909091	 1.000000	 1.000000	 33.744656
-81	 0.948276	 1.000000	 1.000000	 33.817524
-79	 0.958904	 1.000000	 1.000000	 33.910137
-80	 0.750000	 1.000000	 1.000000	 33.950123
-79	 0.833333	 1.000000	 1.000000	 33.975544
-79	 0.454545	 1.000000	 1.000000	 34.008957
-79	 0.000000	 1.000000	 1.000000	 34.042820
-79	 0.892857	 1.000000	 1.000000	 34.080021
-80	 0.522275	 1.000000	 1.000000	 35.328423
-81	 0.000000	 1.000000	 1.000000	 35.341393
-82	 0.000000	 1.000000	 1.000000	 35.353783
-82	 0.000000	 1.000000	 1.000000	 35.361416
-82	 0.125000	 1.000000	 1.000000	 35.371727
-80	 0.898305	 1.000000	 1.000000	 35.411438
-79	 0.949153	 1.000000	 1.000000	 35.486698
-80	 0.857143	 1.000000	 1.000000	 35.527222
-81	 0.000000	 1.000000	 1.000000	 35.535976
-81	 0.000000	 1.000000	 1.000000	 35.546272
-81	 0.000000	 1.000000	 1.000000	 35.560741
-80	 0.000000	 1.000000	 1.000000	 35.574806
-81	 0.000000	 1.000000	 1.000000	 35.584282
-82	 0.000000	 1.000000	 1.000000	 35.608391
-82	 0.000000	 1.000000	 1.000000	 35.619137
-81	 0.000000	 1.000000	 1.000000	 35.630390
-81	 0.000000	 1.000000	 1.000000	 35.638138
-80	 0.000000	 1.000000	 1.000000	 35.652248
-80	 0.000000	 1.000000	 1.000000	 35.659981
-79	 0.000000	 1.000000	 1.000000	 35.668636
-79	 0.000000	 1.000000	 1.000000	 35.676636
-81	 0.000000	 1.000000	 1.000000	 35.684429
-80	 0.000000	 1.000000	 1.000000	 35.692116
-80	 0.000000	 1.000000	 1.000000	 35.702435
-80	 0.000000	 1.000000	 1.000000	 35.709961
-80	 0.000000	 1.000000	 1.000000	 35.727150
-80	 0.000000	 1.000000	 1.000000	 35.743111
-80	 0.000000	 1.000000	 1.000000	 35.751087
-79	 0.000000	 1.000000	 1.000000	 35.763153
-79	 0.000000	 1.000000	 1.000000	 35.774078
-81	 0.000000	 1.000000	 1.000000	 35.812859
-81	 0.000000	 1.000000	 1.000000	 35.858002
-82	 0.000000	 1.000000	 1.000000	 35.899220
-82	 0.000000	 1.000000	 1.000000	 35.922646
-83	 0.000000	 1.000000	 1.000000	 35.964447
-82	 0.000000	 1.000000	 1.000000	 36.011581
-80	 0.000000	 1.000000	 1.000000	 36.056507
-80	 0.000000	 1.000000	 1.000000	 36.070889
-80	 0.000000	 1.000000	 1.000000	 36.079224
-77	 0.000000	 1.000000	 -nan	 36.087383
-80	 0.000000	 1.000000	 1.000000	 36.096867
-82	 0.000000	 1.000000	 1.000000	 36.110401
-82	 0.000000	 1.000000	 1.000000	 36.161232
-83	 0.000000	 1.000000	 1.000000	 36.194992
-83	 0.000000	 1.000000	 -nan	 36.211678
-83	 0.000000	 1.000000	 1.000000	 36.231503
-83	 0.000000	 1.000000	 1.000000	 36.246098
-83	 0.000000	 1.000000	 1.000000	 36.267208
-82	 0.000000	 1.000000	 1.000000	 36.295216
-82	 0.000000	 1.000000	 1.000000	 36.335079
-82	 0.000000	 1.000000	 1.000000	 36.363758
-81	 0.000000	 1.000000	 1.000000	 36.380939
-81	 0.000000	 1.000000	 1.000000	 36.397030
-80	 0.000000	 1.000000	 1.000000	 36.413509
-79	 0.538462	 1.000000	 1.000000	 36.435242
-80	 0.785714	 1.000000	 1.000000	 36.465668
-81	 0.000000	 1.000000	 1.000000	 36.482994
-81	 0.000000	 1.000000	 1.000000	 36.500977
-79	 0.142857	 1.000000	 1.000000	 36.516735
-80	 0.666667	 1.000000	 1.000000	 36.543270
-80	 0.000000	 1.000000	 1.000000	 36.562199
-80	 0.000000	 1.000000	 1.000000	 36.579178
-78	 0.000000	 1.000000	 1.000000	 36.609253
-80	 0.000000	 1.000000	 1.000000	 36.652481
-75	 0.000000	 1.000000	 1.000000	 36.699089
-79	 0.000000	 1.000000	 1.000000	 36.739655
-80	 0.000000	 1.000000	 1.000000	 36.784348
-80	 0.000000	 1.000000	 1.000000	 36.829609
-81	 0.000000	 1.000000	 1.000000	 36.872929
-81	 0.000000	 1.000000	 1.000000	 36.918648
-80	 0.000000	 1.000000	 1.000000	 36.942673
-80	 0.000000	 1.000000	 1.000000	 36.959167
-80	 0.000000	 1.000000	 1.000000	 36.974033
-81	 0.000000	 1.000000	 1.000000	 36.997765
-82	 0.000000	 1.000000	 1.000000	 37.015629
-81	 0.000000	 1.000000	 1.000000	 37.034519
-81	 0.000000	 1.000000	 1.000000	 37.051334
-81	 0.000000	 1.000000	 1.000000	 37.068138
-81	 0.000000	 1.000000	 1.000000	 37.084896
-82	 0.000000	 1.000000	 1.000000	 37.111256
-81	 0.000000	 1.000000	 1.000000	 37.130615
-81	 0.000000	 1.000000	 1.000000	 37.147102
-82	 0.000000	 1.000000	 1.000000	 37.162010
-81	 0.000000	 1.000000	 1.000000	 37.182648
-81	 0.000000	 1.000000	 1.000000	 37.202751
-81	 0.000000	 1.000000	 1.000000	 37.219860
-81	 0.000000	 1.000000	 1.000000	 37.242615
-81	 0.000000	 1.000000	 1.000000	 37.257740
-82	 0.000000	 1.000000	 1.000000	 37.274426
-82	 0.000000	 1.000000	 1.000000	 37.290939
-82	 0.000000	 1.000000	 1.000000	 37.315235
-81	 0.000000	 1.000000	 1.000000	 37.330036
-81	 0.000000	 1.000000	 1.000000	 37.347031
-82	 0.000000	 1.000000	 1.000000	 37.363255
-81	 0.000000	 1.000000	 1.000000	 37.382671
-82	 0.000000	 1.000000	 1.000000	 37.407265
-81	 0.000000	 1.000000	 1.000000	 37.424988
-80	 0.000000	 1.000000	 1.000000	 37.443672
-81	 0.000000	 1.000000	 1.000000	 37.458496
-80	 0.000000	 1.000000	 1.000000	 37.483242
-80	 0.111111	 1.000000	 1.000000	 37.507214
-80	 0.000000	 1.000000	 1.000000	 37.581310
-81	 0.000000	 1.000000	 1.000000	 37.614021
-81	 0.000000	 1.000000	 1.000000	 37.639236
-81	 0.000000	 1.000000	 1.000000	 37.683163
-82	 0.000000	 1.000000	 1.000000	 37.718384
-83	 0.000000	 1.000000	 1.000000	 38.244545
-83	 0.000000	 1.000000	 1.000000	 38.495373
-82	 0.000000	 1.000000	 1.000000	 38.574818
-83	 0.000000	 1.000000	 1.000000	 39.060303
-83	 0.000000	 1.000000	 1.000000	 39.102257
-81	 0.000000	 1.000000	 1.000000	 39.389591
-80	 0.000000	 1.000000	 1.000000	 39.605927
-79	 0.000000	 1.000000	 1.000000	 39.634403
-81	 0.000000	 1.000000	 1.000000	 40.009926
-82	 0.000000	 1.000000	 1.000000	 40.045563
-82	 0.000000	 1.000000	 1.000000	 41.746155
-81	 0.000000	 1.000000	 1.000000	 41.776474
-83	 0.000000	 1.000000	 1.000000	 41.803455
-80	 0.000000	 1.000000	 1.000000	 42.002258
-82	 0.000000	 1.000000	 1.000000	 42.596382
-85	 0.000000	 1.000000	 1.000000	 42.899689
-83	 0.000000	 1.000000	 1.000000	 43.043201
-80	 0.000000	 1.000000	 1.000000	 43.162403
-83	 0.000000	 1.000000	 1.000000	 43.259323
-82	 0.000000	 1.000000	 1.000000	 43.417088
-82	 0.000000	 1.000000	 1.000000	 43.776356
-82	 0.000000	 1.000000	 1.000000	 43.811333
-83	 0.000000	 1.000000	 1.000000	 44.041386
-82	 0.000000	 1.000000	 1.000000	 44.083763
-81	 0.000000	 1.000000	 1.000000	 44.124550
-83	 0.000000	 1.000000	 1.000000	 44.251286
-83	 0.000000	 1.000000	 1.000000	 44.422020
-82	 0.000000	 1.000000	 1.000000	 44.515331
-83	 0.039604	 1.000000	 1.000000	 44.806618
