HT20/LGI	 T	 MCS14	 50.6	97.2	 97.9	 146(149)	| 0.968085	 1.000000	 1.000000 |	-28	 0.147494
HT20/LGI	 T	 MCS14	 51.0	98.0	 96.4	 137(142)	| 0.985782	 1.000000	 1.000000 |	-32	 1.554649
HT20/LGI	 T	 MCS14	 51.0	98.0	 97.9	 146(149)	| 0.981763	 1.000000	 1.000000 |	-36	 2.227907
HT20/LGI	 T	 MCS14	 51.4	98.7	 99.1	 123(124)	| 0.986928	 1.000000	 1.000000 |	-43	 4.189456
HT20/LGI	 T	 MCS14	 50.4	96.8	 95.7	 136(142)	| 0.969697	 1.000000	 1.000000 |	-53	 6.977011
HT20/LGI	 MCS14	 0.0	 6.1	0.0	 0(	 44)	| 0.793237	 1.000000	 1.000000 |	-65	 11.682629
HT20/LGI	 MCS14	 0.0	 0.3	0.0	 0(	 20)	| 0.000000	 1.000000	 1.000000 |	-74	 12.167443
HT20/LGI	 MCS14	 0.0	 0.1	0.0	 0(	 20)	| 0.000000	 1.000000	 1.000000 |	-73	 12.324769
HT20/LGI	 MCS14	 0.0	 0.0	0.0	 0(	 21)	| 0.000000	 1.000000	 1.000000 |	-71	 12.897207
HT20/LGI	 MCS14	 0.0	 0.0	0.0	 0(	 19)	| 0.000000	 1.000000	 1.000000 |	-72	 12.948076
HT20/LGI	 MCS14	 0.0	 0.0	0.0	 0(	 21)	| 0.000000	 1.000000	 1.000000 |	-73	 13.574567
HT20/LGI	 MCS14	 0.0	 0.0	0.0	 0(	 21)	| 0.000000	 1.000000	 1.000000 |	-73	 13.937989
HT20/LGI	 MCS14	 0.0	 0.0	0.0	 0(	 20)	| 0.000000	 1.000000	 1.000000 |	-75	 14.195878
HT20/LGI	 MCS14	 0.0	 0.0	0.0	 0(	 21)	| 0.000000	 1.000000	 1.000000 |	-66	 14.977203
HT20/LGI	 MCS14	 0.0	 0.0	0.0	 0(	 20)	| 0.000000	 1.000000	 1.000000 |	-71	 15.132544
HT20/LGI	 MCS14	 0.0	 0.0	0.0	 0(	 19)	| 0.000000	 1.000000	 1.000000 |	-71	 15.443785
HT20/LGI	 MCS14	 0.0	 0.0	0.0	 0(	 21)	| 0.000000	 1.000000	 1.000000 |	-71	 18.893736
HT20/LGI	 MCS14	 0.0	 0.0	0.0	 0(	 21)	| 0.000000	 1.000000	 1.000000 |	-74	 19.164164
HT20/LGI	 MCS14	 0.0	 0.0	0.0	 0(	 20)	| 0.000000	 1.000000	 1.000000 |	-69	 19.620811
HT20/LGI	 MCS14	 0.0	 0.0	0.0	 0(	 20)	| 0.000000	 1.000000	 1.000000 |	-68	 20.557121
HT20/LGI	 MCS14	 0.0	 0.0	0.0	 0(	 21)	| 0.000000	 1.000000	 1.000000 |	-69	 20.817923
HT20/LGI	 MCS14	 0.0	 0.0	0.0	 0(	 20)	| 0.000000	 1.000000	 1.000000 |	-69	 21.233681
HT20/LGI	 MCS14	 0.0	 0.0	0.0	 0(	 20)	| 0.000000	 1.000000	 1.000000 |	-64	 21.647799
HT20/LGI	 MCS14	 0.0	 0.0	0.0	 0(	 20)	| 0.000000	 1.000000	 1.000000 |	-56	 22.064846
HT20/LGI	 T	 MCS14	 30.1	57.9	 48.6	 54(111)	| 0.550000	 1.000000	 1.000000 |	-56	 22.429657
HT20/LGI	 T	 MCS14	 45.8	87.9	 97.2	 142(146)	| 0.896552	 1.000000	 1.000000 |	-57	 22.800295
HT20/LGI	 T	 MCS14	 48.5	93.1	 91.9	 125(136)	| 0.812500	 1.000000	 1.000000 |	-48	 24.732620
HT20/LGI	 T	 MCS14	 44.5	85.4	 63.9	 32(	| 0.853659	 1.000000	 1.000000 |	-53	 24.835665
HT20/LGI	 T	 MCS14	 46.3	88.9	 84.5	 120(142)	| 0.857143	 1.000000	 1.000000 |	-48	 26.306988
HT20/LGI	 T	 MCS14	 46.0	88.5	 72.3	 97(134)	| 0.760000	 1.000000	 1.000000 |	-63	 27.308178
HT20/LGI	 T	 MCS14	 42.3	81.2	 83.6	 82(	| 0.842857	 1.000000	 1.000000 |	-66	 27.409475
HT20/LGI	 MCS14	 0.0	 1.5	0.0	 0(	 20)	| 0.000000	 1.000000	 1.000000 |	-68	 28.160431
HT20/LGI	 MCS14	 0.0	 0.2	0.0	 0(	 19)	| 0.000000	 1.000000	 1.000000 |	-69	 28.471958
HT20/LGI	 MCS14	 0.0	 0.0	0.0	 0(	 20)	| 0.000000	 1.000000	 1.000000 |	-72	 28.890352
HT20/LGI	 MCS14	 0.0	 0.0	0.0	 0(	 20)	| 0.000000	 1.000000	 1.000000 |	-70	 29.231337
HT20/LGI	 MCS14	 0.0	 0.0	0.0	 0(	 21)	| 0.000000	 1.000000	 1.000000 |	-74	 30.293926
HT20/LGI	 MCS14	 0.0	 0.0	0.0	 0(	 18)	| 0.000000	 1.000000	 1.000000 |	-73	 30.344641
HT20/LGI	 MCS14	 0.0	 0.0	0.0	 0(	 20)	| 0.000000	 1.000000	 1.000000 |	-78	 30.760103
HT20/LGI	 MCS14	 0.0	 0.0	0.0	 0(	 20)	| 0.000000	 1.000000	 1.000000 |	-73	 30.916733
HT20/LGI	 MCS14	 0.0	 0.0	0.0	 0(	 19)	| 0.000000	 1.000000	 1.000000 |	-71	 31.020039
HT20/LGI	 MCS14	 0.0	 0.0	0.0	 0(	 20)	| 0.000000	 1.000000	 1.000000 |	-74	 31.904156
HT20/LGI	 MCS14	 0.0	 0.0	0.0	 0(	 20)	| 0.000000	 1.000000	 1.000000 |	-77	 32.684071
HT20/LGI	 MCS14	 0.0	 0.0	0.0	 0(	 20)	| 0.000000	 1.000000	 1.000000 |	-75	 33.152122
HT20/LGI	 MCS14	 0.0	 0.0	0.0	 0(	 19)	| 0.000000	 1.000000	 1.000000 |	-77	 33.467770
HT20/LGI	 MCS14	 0.0	 0.0	0.0	 0(	 20)	| 0.000000	 1.000000	 1.000000 |	-75	 34.197346
HT20/LGI	 MCS14	 0.0	 0.0	0.0	 0(	 21)	| 0.000000	 1.000000	 1.000000 |	-74	 34.510063
HT20/LGI	 MCS14	 0.0	 0.0	0.0	 0(	 20)	| 0.000000	 1.000000	 1.000000 |	-84	 35.272232
HT20/LGI	 MCS14	 0.0	 0.0	0.0	 0(	 20)	| 0.000000	 1.000000	 1.000000 |	-83	 37.003731
HT20/LGI	 MCS14	 0.0	 0.0	0.0	 0(	 20)	| 0.000000	 1.000000	 1.000000 |	-83	 37.581608
HT20/LGI	 MCS14	 0.0	 0.0	0.0	 0(	 17)	| 0.000000	 1.000000	 1.000000 |	-79	 38.154495
HT20/LGI	 MCS14	 0.0	 0.0	0.0	 0(	 19)	| 0.000000	 1.000000	 1.000000 |	-83	 38.577118
HT20/LGI	 MCS14	 0.0	 0.0	0.0	 0(	 20)	| 0.000000	 1.000000	 1.000000 |	-83	 38.674622
HT20/LGI	 MCS14	 0.0	 0.0	0.0	 0(	 17)	| 0.000000	 1.000000	 1.000000 |	-83	 38.728203
HT20/LGI	 MCS14	 0.0	 0.0	0.0	 0(	 19)	| 0.000000	 1.000000	 1.000000 |	-81	 39.353271
HT20/LGI	 MCS14	 0.0	 0.0	0.0	 0(	 15)	| 0.000000	 1.000000	 1.000000 |	-84	 39.612617
HT20/LGI	 MCS14	 0.0	 0.0	0.0	 0(	 18)	| 0.000000	 1.000000	 1.000000 |	-84	 39.927776
HT20/LGI	 MCS14	 0.0	 0.0	0.0	 0(	 20)	| 0.000000	 1.000000	 1.000000 |	-79	 40.028599
HT20/LGI	 MCS14	 0.0	 0.0	0.0	 0(	 16)	| 0.000000	 1.000000	 1.000000 |	-80	 40.824974
HT20/LGI	 MCS14	 0.0	 0.0	0.0	 0(	 19)	| 0.000000	 1.000000	 1.000000 |	-82	 40.928333
HT20/LGI	 MCS14	 0.0	 0.0	0.0	 0(	 19)	| 0.000000	 1.000000	 1.000000 |	-86	 42.736416
