-26	 0.955556	 1.000000	 1.000000	 0.051079
-28	 0.954545	 1.000000	 1.000000	 0.101673
-31	 0.975207	 1.000000	 1.000000	 0.191516
-30	 0.954198	 1.000000	 1.000000	 0.239210
-28	 0.976190	 1.000000	 1.000000	 0.329172
-27	 0.957447	 1.000000	 1.000000	 0.381719
-28	 0.958333	 1.000000	 1.000000	 0.434496
-26	 0.973913	 1.000000	 1.000000	 0.516097
-26	 0.971292	 1.000000	 1.000000	 0.594811
-27	 0.986871	 1.000000	 1.000000	 0.752474
-26	 0.979021	 1.000000	 1.000000	 0.856103
-28	 0.989474	 1.000000	 1.000000	 1.048616
-30	 0.983827	 1.000000	 1.000000	 1.174646
-29	 0.986486	 1.000000	 1.000000	 1.353495
-33	 0.978495	 1.000000	 1.000000	 1.452883
-34	 0.978648	 1.000000	 1.000000	 1.556909
-30	 0.953488	 1.000000	 1.000000	 1.605202
-35	 0.956522	 1.000000	 1.000000	 1.657540
-32	 0.982709	 1.000000	 1.000000	 1.778387
-32	 0.981917	 1.000000	 1.000000	 1.971093
-35	 0.984127	 1.000000	 1.000000	 2.286068
-33	 0.971831	 1.000000	 1.000000	 2.361022
-39	 0.982883	 1.000000	 1.000000	 3.440098
-38	 0.988258	 1.000000	 1.000000	 3.628777
-39	 0.971014	 1.000000	 1.000000	 3.705400
-41	 0.950413	 1.000000	 1.000000	 3.751613
-40	 0.971963	 1.000000	 1.000000	 3.830228
-41	 0.972222	 1.000000	 1.000000	 3.906384
-42	 0.964286	 1.000000	 1.000000	 3.967644
-40	 0.960000	 1.000000	 1.000000	 4.023918
-43	 0.982857	 1.000000	 1.000000	 4.142026
-44	 0.972973	 1.000000	 1.000000	 4.221373
-44	 0.989583	 1.000000	 1.000000	 4.492469
-47	 0.988722	 1.000000	 1.000000	 4.726339
-46	 0.980556	 1.000000	 1.000000	 4.856842
-46	 0.142857	 1.000000	 1.000000	 4.874252
-51	 0.890909	 1.000000	 1.000000	 4.896026
-47	 0.977941	 1.000000	 1.000000	 4.996658
-39	 0.983516	 1.000000	 1.000000	 5.128934
-48	 0.966480	 1.000000	 1.000000	 5.196398
-49	 0.984416	 1.000000	 1.000000	 5.339717
-45	 0.986486	 1.000000	 1.000000	 5.504430
-45	 0.963636	 1.000000	 1.000000	 5.564875
-49	 0.979933	 1.000000	 1.000000	 5.673005
-49	 0.970339	 1.000000	 1.000000	 5.760410
-50	 0.963855	 1.000000	 1.000000	 5.820867
-49	 0.982507	 1.000000	 1.000000	 5.944815
-48	 0.984456	 1.000000	 1.000000	 6.089127
-45	 0.970732	 1.000000	 1.000000	 6.163381
-45	 0.969388	 1.000000	 1.000000	 6.234600
-46	 0.968586	 1.000000	 1.000000	 6.305051
-49	 0.984848	 1.000000	 1.000000	 6.451433
-46	 0.978873	 1.000000	 1.000000	 6.557795
-46	 0.987705	 1.000000	 1.000000	 6.728820
-45	 0.978102	 1.000000	 1.000000	 6.829379
-47	 0.977444	 1.000000	 1.000000	 6.927344
-46	 0.964824	 1.000000	 1.000000	 7.001174
-47	 0.989455	 1.000000	 1.000000	 7.202034
-47	 0.964706	 1.000000	 1.000000	 7.264574
-45	 0.965517	 1.000000	 1.000000	 7.329145
-47	 0.978723	 1.000000	 1.000000	 7.433431
-46	 0.982906	 1.000000	 1.000000	 7.558536
-47	 0.954198	 1.000000	 1.000000	 7.608288
-47	 0.970149	 1.000000	 1.000000	 7.684322
-47	 0.982759	 1.000000	 1.000000	 7.834115
-51	 0.975104	 1.000000	 1.000000	 7.923315
-49	 0.972603	 1.000000	 1.000000	 8.004116
-51	 0.985222	 1.000000	 1.000000	 8.149137
-51	 0.968912	 1.000000	 1.000000	 8.221686
-51	 0.971014	 1.000000	 1.000000	 8.296940
-51	 0.977612	 1.000000	 1.000000	 8.395433
-60	 0.976683	 1.000000	 1.000000	 9.785165
-57	 0.977186	 1.000000	 1.000000	 9.884426
-56	 0.979094	 1.000000	 1.000000	 9.990995
-55	 0.142857	 1.000000	 1.000000	 10.026859
-55	 0.571429	 1.000000	 1.000000	 10.040354
-56	 0.964072	 1.000000	 1.000000	 10.102692
-60	 0.983607	 1.000000	 1.000000	 10.234131
-58	 0.955556	 1.000000	 1.000000	 10.284439
-59	 0.982405	 1.000000	 1.000000	 10.409464
-58	 0.981763	 1.000000	 1.000000	 10.525289
-57	 0.934783	 1.000000	 1.000000	 10.564589
-58	 0.500000	 1.000000	 1.000000	 10.572029
-57	 0.882353	 1.000000	 1.000000	 10.592716
-63	 0.980519	 1.000000	 1.000000	 10.702639
-59	 0.961538	 1.000000	 1.000000	 10.757459
-56	 0.963731	 1.000000	 1.000000	 10.833075
-57	 0.971545	 1.000000	 1.000000	 10.924098
-55	 0.976096	 1.000000	 1.000000	 11.015785
-64	 0.954887	 1.000000	 1.000000	 11.064342
-63	 0.766667	 1.000000	 1.000000	 11.076856
-63	 0.982558	 1.000000	 1.000000	 11.200089
-62	 0.950413	 1.000000	 1.000000	 11.242662
-59	 0.142857	 1.000000	 1.000000	 11.273256
-58	 0.787879	 1.000000	 1.000000	 11.305093
-57	 0.935484	 1.000000	 1.000000	 11.340377
-61	 0.964706	 1.000000	 1.000000	 11.404927
-63	 0.976285	 1.000000	 1.000000	 11.497791
-62	 0.965909	 1.000000	 1.000000	 11.562609
-60	 0.956204	 1.000000	 1.000000	 11.613924
-60	 0.952756	 1.000000	 1.000000	 11.664398
-60	 0.949153	 1.000000	 1.000000	 11.709452
-63	 0.936170	 1.000000	 1.000000	 11.744842
-63	 0.886792	 1.000000	 1.000000	 11.766295
-57	 0.964912	 1.000000	 1.000000	 11.870012
-59	 0.844444	 1.000000	 1.000000	 11.889044
-59	 0.625000	 1.000000	 1.000000	 11.897685
-60	 0.470588	 1.000000	 1.000000	 11.910459
-59	 0.760000	 1.000000	 1.000000	 11.925178
-59	 0.684211	 1.000000	 1.000000	 11.934842
-59	 0.684211	 1.000000	 1.000000	 11.946578
-60	 0.333333	 1.000000	 1.000000	 11.954264
-64	 0.000000	 1.000000	 1.000000	 11.998712
-67	 0.000000	 1.000000	 1.000000	 12.056953
-66	 0.000000	 1.000000	 1.000000	 12.102944
-61	 0.083333	 1.000000	 1.000000	 12.137555
-62	 0.333333	 1.000000	 1.000000	 12.157056
-63	 0.285714	 1.000000	 1.000000	 12.184658
-62	 0.400000	 1.000000	 1.000000	 12.195080
-63	 0.571429	 1.000000	 1.000000	 12.211282
-65	 0.000000	 1.000000	 1.000000	 12.243037
-65	 0.363636	 1.000000	 1.000000	 12.281021
-65	 0.333333	 1.000000	 1.000000	 12.302330
-66	 0.142857	 1.000000	 1.000000	 12.327905
-66	 0.000000	 1.000000	 1.000000	 12.350928
-65	 0.125000	 1.000000	 1.000000	 12.361368
-67	 0.000000	 1.000000	 1.000000	 12.413334
-68	 0.000000	 1.000000	 1.000000	 12.465430
-63	 0.000000	 1.000000	 1.000000	 12.517075
-69	 0.000000	 1.000000	 1.000000	 12.561171
-72	 0.000000	 1.000000	 1.000000	 12.616942
-72	 0.000000	 1.000000	 1.000000	 12.660984
-72	 0.000000	 1.000000	 1.000000	 12.712949
-72	 0.000000	 1.000000	 1.000000	 12.757063
-70	 0.000000	 1.000000	 1.000000	 12.798958
-71	 0.000000	 1.000000	 1.000000	 12.817854
-72	 0.000000	 1.000000	 1.000000	 12.842039
-73	 0.000000	 1.000000	 1.000000	 12.855080
-75	 0.000000	 1.000000	 1.000000	 12.870279
-74	 0.000000	 1.000000	 1.000000	 12.886561
-72	 0.000000	 1.000000	 1.000000	 12.901728
-74	 0.000000	 1.000000	 1.000000	 12.917693
-74	 0.000000	 1.000000	 1.000000	 12.933068
-74	 0.000000	 1.000000	 1.000000	 12.948049
-74	 0.000000	 1.000000	 1.000000	 12.964467
-73	 0.000000	 1.000000	 1.000000	 12.978397
-71	 0.000000	 1.000000	 1.000000	 12.996643
-69	 0.000000	 1.000000	 1.000000	 13.012565
-71	 0.000000	 1.000000	 1.000000	 13.028148
-71	 0.000000	 1.000000	 1.000000	 13.042211
-72	 0.000000	 1.000000	 1.000000	 13.057168
-71	 0.000000	 1.000000	 1.000000	 13.074085
-71	 0.000000	 1.000000	 1.000000	 13.087703
-71	 0.000000	 1.000000	 1.000000	 13.109001
-72	 0.000000	 1.000000	 1.000000	 13.123523
-72	 0.000000	 1.000000	 1.000000	 13.138276
-74	 0.000000	 1.000000	 1.000000	 13.160609
-73	 0.000000	 1.000000	 1.000000	 13.177342
-74	 0.000000	 1.000000	 1.000000	 13.192410
-72	 0.000000	 1.000000	 1.000000	 13.207744
-71	 0.000000	 1.000000	 1.000000	 13.223318
-71	 0.000000	 1.000000	 1.000000	 13.245180
-71	 0.000000	 1.000000	 1.000000	 13.260918
-72	 0.000000	 1.000000	 1.000000	 13.277466
-71	 0.000000	 1.000000	 1.000000	 13.296498
-71	 0.000000	 1.000000	 1.000000	 13.312263
-74	 0.000000	 1.000000	 1.000000	 13.327976
-74	 0.000000	 1.000000	 1.000000	 13.343809
-75	 0.000000	 1.000000	 1.000000	 13.358767
-74	 0.000000	 1.000000	 1.000000	 13.374211
-74	 0.000000	 1.000000	 1.000000	 13.389443
-74	 0.000000	 1.000000	 1.000000	 13.412549
-73	 0.000000	 1.000000	 1.000000	 13.427886
-73	 0.000000	 1.000000	 1.000000	 13.443045
-73	 0.000000	 1.000000	 1.000000	 13.460107
-73	 0.000000	 1.000000	 1.000000	 13.475206
-73	 0.000000	 1.000000	 1.000000	 13.490419
-73	 0.000000	 1.000000	 1.000000	 13.505676
-73	 0.000000	 1.000000	 1.000000	 13.520290
-72	 0.000000	 1.000000	 1.000000	 13.536342
-73	 0.000000	 1.000000	 1.000000	 13.555442
-76	 0.000000	 1.000000	 1.000000	 13.571275
-76	 0.000000	 1.000000	 1.000000	 13.589708
-74	 0.000000	 1.000000	 1.000000	 13.613311
-72	 0.000000	 1.000000	 1.000000	 13.628926
-76	 0.000000	 1.000000	 1.000000	 13.645716
-76	 0.000000	 1.000000	 1.000000	 13.664965
-75	 0.000000	 1.000000	 1.000000	 13.683860
-74	 0.000000	 1.000000	 1.000000	 13.700456
-76	 0.000000	 1.000000	 1.000000	 13.714229
-76	 0.000000	 1.000000	 1.000000	 13.730851
-77	 0.000000	 1.000000	 1.000000	 13.748762
-76	 0.000000	 1.000000	 1.000000	 13.765345
-76	 0.000000	 1.000000	 1.000000	 13.781687
-76	 0.000000	 1.000000	 1.000000	 13.797252
-77	 0.000000	 1.000000	 1.000000	 13.819242
-78	 0.000000	 1.000000	 1.000000	 13.840097
-79	 0.000000	 1.000000	 1.000000	 13.854926
-78	 0.000000	 1.000000	 1.000000	 13.870468
-74	 0.000000	 1.000000	 1.000000	 13.889711
-74	 0.000000	 1.000000	 1.000000	 13.911064
-75	 0.000000	 1.000000	 1.000000	 13.929139
-76	 0.000000	 1.000000	 1.000000	 13.944426
-78	 0.000000	 1.000000	 1.000000	 13.961369
-78	 0.000000	 1.000000	 1.000000	 13.975787
-78	 0.000000	 1.000000	 1.000000	 13.990928
-77	 0.000000	 1.000000	 1.000000	 14.005988
-76	 0.000000	 1.000000	 1.000000	 14.021983
-77	 0.000000	 1.000000	 1.000000	 14.048505
-78	 0.000000	 1.000000	 1.000000	 14.063733
-78	 0.000000	 1.000000	 1.000000	 14.079208
-78	 0.000000	 1.000000	 1.000000	 14.096441
-78	 0.000000	 1.000000	 1.000000	 14.109487
-79	 0.000000	 1.000000	 1.000000	 14.129085
-77	 0.000000	 1.000000	 1.000000	 14.153055
-76	 0.000000	 1.000000	 1.000000	 14.169339
-78	 0.000000	 1.000000	 1.000000	 14.184516
-77	 0.000000	 1.000000	 1.000000	 14.200976
-75	 0.000000	 1.000000	 1.000000	 14.224460
-78	 0.000000	 1.000000	 1.000000	 14.239839
-76	 0.000000	 1.000000	 1.000000	 14.261057
-77	 0.000000	 1.000000	 1.000000	 14.285093
-77	 0.000000	 1.000000	 1.000000	 14.301251
-77	 0.000000	 1.000000	 1.000000	 14.316780
-77	 0.000000	 1.000000	 1.000000	 14.336569
-74	 0.000000	 1.000000	 1.000000	 14.352244
-72	 0.000000	 1.000000	 1.000000	 14.372731
-73	 0.000000	 1.000000	 1.000000	 14.395504
-72	 0.000000	 1.000000	 1.000000	 14.417034
-72	 0.000000	 1.000000	 1.000000	 14.431663
-73	 0.000000	 1.000000	 1.000000	 14.446393
-72	 0.000000	 1.000000	 1.000000	 14.462116
-71	 0.000000	 1.000000	 1.000000	 14.477192
-71	 0.000000	 1.000000	 1.000000	 14.493061
-72	 0.000000	 1.000000	 1.000000	 14.507992
-72	 0.000000	 1.000000	 1.000000	 14.523277
-72	 0.000000	 1.000000	 1.000000	 14.539552
-68	 0.000000	 1.000000	 1.000000	 14.555048
-72	 0.000000	 1.000000	 1.000000	 14.571472
-73	 0.000000	 1.000000	 1.000000	 14.585614
-72	 0.000000	 1.000000	 1.000000	 14.600974
-72	 0.000000	 1.000000	 1.000000	 14.617394
-71	 0.000000	 1.000000	 1.000000	 14.631272
-69	 0.000000	 1.000000	 1.000000	 14.646447
-71	 0.000000	 1.000000	 1.000000	 14.662728
-72	 0.000000	 1.000000	 1.000000	 14.679987
-72	 0.000000	 1.000000	 1.000000	 14.695731
-70	 0.000000	 1.000000	 1.000000	 14.713029
-69	 0.000000	 1.000000	 1.000000	 14.726235
-70	 0.000000	 1.000000	 1.000000	 14.741498
-70	 0.000000	 1.000000	 1.000000	 14.762827
-69	 0.000000	 1.000000	 1.000000	 14.777134
-71	 0.000000	 1.000000	 1.000000	 16.237837
-71	 0.000000	 1.000000	 1.000000	 16.251726
-70	 0.000000	 1.000000	 1.000000	 16.266951
-68	 0.000000	 1.000000	 -nan	 16.288994
-71	 0.000000	 1.000000	 1.000000	 16.302809
-70	 0.000000	 1.000000	 1.000000	 16.320978
-69	 0.000000	 1.000000	 1.000000	 16.337208
-68	 0.000000	 1.000000	 1.000000	 16.351315
-71	 0.000000	 1.000000	 1.000000	 16.374739
-70	 0.000000	 1.000000	 1.000000	 16.397045
-72	 0.000000	 1.000000	 1.000000	 16.416491
-71	 0.000000	 1.000000	 1.000000	 16.430487
-68	 0.000000	 1.000000	 1.000000	 16.451914
-72	 0.000000	 1.000000	 1.000000	 16.470436
-72	 0.000000	 1.000000	 1.000000	 16.489202
-75	 0.000000	 1.000000	 1.000000	 16.503056
-74	 0.000000	 1.000000	 1.000000	 16.518810
-72	 0.000000	 1.000000	 1.000000	 16.540806
-72	 0.000000	 1.000000	 1.000000	 16.557327
-72	 0.000000	 1.000000	 1.000000	 16.571852
-72	 0.000000	 1.000000	 1.000000	 16.587488
-68	 0.000000	 1.000000	 1.000000	 16.605118
-72	 0.000000	 1.000000	 1.000000	 16.622770
-71	 0.000000	 1.000000	 1.000000	 16.635612
-72	 0.000000	 1.000000	 1.000000	 16.651262
-72	 0.000000	 1.000000	 1.000000	 16.672482
-73	 0.000000	 1.000000	 1.000000	 16.687471
-74	 0.000000	 1.000000	 1.000000	 16.708944
-75	 0.000000	 1.000000	 1.000000	 16.733032
-71	 0.000000	 1.000000	 1.000000	 16.748732
-72	 0.000000	 1.000000	 1.000000	 16.765015
-74	 0.000000	 1.000000	 1.000000	 16.779915
-78	 0.000000	 1.000000	 1.000000	 16.800482
-74	 0.000000	 1.000000	 1.000000	 16.820768
-74	 0.000000	 1.000000	 1.000000	 16.835402
-74	 0.000000	 1.000000	 1.000000	 16.855680
-77	 0.000000	 1.000000	 1.000000	 16.871567
-80	 0.000000	 1.000000	 1.000000	 16.887465
-76	 0.000000	 1.000000	 1.000000	 16.901411
-75	 0.000000	 1.000000	 1.000000	 16.917084
-76	 0.000000	 1.000000	 1.000000	 16.931538
-78	 0.000000	 1.000000	 1.000000	 16.947212
-76	 0.000000	 1.000000	 1.000000	 16.962452
-75	 0.000000	 1.000000	 1.000000	 16.977411
-77	 0.000000	 1.000000	 1.000000	 16.993298
-77	 0.000000	 1.000000	 1.000000	 17.007839
-75	 0.000000	 1.000000	 1.000000	 17.023632
-77	 0.000000	 1.000000	 1.000000	 17.038782
-79	 0.000000	 1.000000	 1.000000	 17.055164
-78	 0.000000	 1.000000	 1.000000	 17.070171
-78	 0.000000	 1.000000	 1.000000	 17.085009
-78	 0.000000	 1.000000	 1.000000	 17.100466
-76	 0.000000	 1.000000	 1.000000	 17.115976
-76	 0.000000	 1.000000	 1.000000	 17.131702
-78	 0.000000	 1.000000	 1.000000	 17.146942
-79	 0.000000	 1.000000	 1.000000	 17.163630
-76	 0.000000	 1.000000	 1.000000	 17.180460
-77	 0.000000	 1.000000	 1.000000	 17.195520
-79	 0.000000	 1.000000	 1.000000	 17.210239
-79	 0.000000	 1.000000	 1.000000	 17.228794
-76	 0.000000	 1.000000	 1.000000	 17.244072
-77	 0.000000	 1.000000	 1.000000	 17.260386
-77	 0.000000	 1.000000	 1.000000	 17.275846
-77	 0.000000	 1.000000	 1.000000	 17.290588
-79	 0.000000	 1.000000	 1.000000	 17.305658
-78	 0.000000	 1.000000	 1.000000	 17.324467
-77	 0.000000	 1.000000	 1.000000	 17.338133
-78	 0.000000	 1.000000	 1.000000	 17.353149
-80	 0.000000	 1.000000	 1.000000	 17.368753
-78	 0.000000	 1.000000	 1.000000	 17.387262
-76	 0.000000	 1.000000	 1.000000	 17.402802
-75	 0.000000	 1.000000	 1.000000	 17.418964
-76	 0.000000	 1.000000	 1.000000	 17.437260
-77	 0.000000	 1.000000	 1.000000	 17.451939
-77	 0.000000	 1.000000	 1.000000	 17.467142
-79	 0.000000	 1.000000	 1.000000	 17.482887
-81	 0.000000	 1.000000	 1.000000	 17.501051
-77	 0.000000	 1.000000	 1.000000	 17.516371
-77	 0.000000	 1.000000	 1.000000	 17.530149
-77	 0.000000	 1.000000	 1.000000	 17.546041
-74	 0.000000	 1.000000	 1.000000	 17.561827
-77	 0.000000	 1.000000	 1.000000	 17.577366
-76	 0.000000	 1.000000	 1.000000	 17.597368
-77	 0.000000	 1.000000	 1.000000	 17.616432
-79	 0.000000	 1.000000	 1.000000	 17.630449
-76	 0.000000	 1.000000	 1.000000	 17.647785
-77	 0.000000	 1.000000	 1.000000	 17.662996
-76	 0.000000	 1.000000	 1.000000	 17.678629
-77	 0.000000	 1.000000	 1.000000	 17.699993
-77	 0.000000	 1.000000	 1.000000	 17.714203
-76	 0.000000	 1.000000	 1.000000	 17.729061
-76	 0.000000	 1.000000	 1.000000	 17.744646
-74	 0.000000	 1.000000	 1.000000	 17.759504
-73	 0.000000	 1.000000	 1.000000	 17.774218
-74	 0.000000	 1.000000	 1.000000	 17.789865
-75	 0.000000	 1.000000	 1.000000	 17.804478
-77	 0.000000	 1.000000	 1.000000	 17.819820
-77	 0.000000	 1.000000	 1.000000	 17.835190
-79	 0.000000	 1.000000	 1.000000	 17.852421
-78	 0.000000	 1.000000	 1.000000	 17.866638
-78	 0.000000	 1.000000	 -nan	 17.881128
-78	 0.000000	 1.000000	 -nan	 17.896957
-76	 0.000000	 1.000000	 1.000000	 17.911325
-75	 0.000000	 1.000000	 1.000000	 17.927160
-74	 0.000000	 1.000000	 1.000000	 17.942833
-74	 0.000000	 1.000000	 1.000000	 17.958021
-74	 0.000000	 1.000000	 1.000000	 17.973398
-73	 0.000000	 1.000000	 1.000000	 17.989077
-73	 0.000000	 1.000000	 1.000000	 18.004253
-74	 0.000000	 1.000000	 1.000000	 18.018667
-72	 0.000000	 1.000000	 1.000000	 18.034336
-72	 0.000000	 1.000000	 1.000000	 18.049532
-73	 0.000000	 1.000000	 1.000000	 18.065031
-73	 0.000000	 1.000000	 1.000000	 18.079697
-73	 0.000000	 1.000000	 1.000000	 18.095722
-74	 0.000000	 1.000000	 1.000000	 18.114836
-72	 0.000000	 1.000000	 1.000000	 18.129763
-71	 0.000000	 1.000000	 1.000000	 18.145256
-72	 0.000000	 1.000000	 1.000000	 18.160059
-73	 0.000000	 1.000000	 1.000000	 18.178131
-72	 0.000000	 1.000000	 1.000000	 18.192860
-74	 0.000000	 1.000000	 1.000000	 18.212477
-72	 0.111111	 1.000000	 1.000000	 18.232983
-73	 0.000000	 1.000000	 1.000000	 18.281572
-73	 0.000000	 1.000000	 1.000000	 18.375624
-74	 0.051282	 1.000000	 1.000000	 18.476286
-73	 0.002564	 1.000000	 1.000000	 19.479822
-63	 0.373211	 1.000000	 1.000000	 22.484238
-63	 0.611111	 1.000000	 1.000000	 22.493242
-63	 0.538462	 1.000000	 1.000000	 22.501144
-63	 0.625000	 1.000000	 -nan	 22.509226
-64	 0.750000	 1.000000	 1.000000	 22.525196
-65	 0.842105	 1.000000	 1.000000	 22.541597
-64	 0.903226	 1.000000	 1.000000	 22.566908
-65	 0.942857	 1.000000	 1.000000	 22.607864
-64	 0.964497	 1.000000	 1.000000	 22.675676
-64	 0.571429	 1.000000	 1.000000	 22.699787
-60	 0.000000	 1.000000	 -nan	 22.743687
-63	 0.125000	 1.000000	 -nan	 22.774212
-63	 0.666667	 1.000000	 -nan	 22.784723
-63	 0.666667	 1.000000	 1.000000	 22.799248
-64	 0.454545	 1.000000	 1.000000	 22.807131
-64	 0.533333	 1.000000	 1.000000	 22.818024
-63	 0.863636	 1.000000	 1.000000	 22.836445
-64	 0.887324	 1.000000	 1.000000	 22.864864
-64	 0.787879	 1.000000	 1.000000	 22.880716
-65	 0.625000	 1.000000	 -nan	 22.892923
-62	 0.914286	 1.000000	 1.000000	 22.920891
-62	 0.958333	 1.000000	 1.000000	 22.977020
-57	 0.930233	 1.000000	 1.000000	 23.010723
-59	 0.853659	 1.000000	 1.000000	 23.027693
-61	 0.968254	 1.000000	 1.000000	 23.105015
-61	 0.977099	 1.000000	 1.000000	 23.202774
-60	 0.846154	 1.000000	 1.000000	 23.248695
-58	 0.917808	 1.000000	 1.000000	 23.278259
-56	 0.955882	 1.000000	 1.000000	 23.328472
-58	 0.975265	 1.000000	 1.000000	 23.432076
-57	 0.965909	 1.000000	 1.000000	 23.498775
-58	 0.969849	 1.000000	 1.000000	 23.571302
-55	 0.973913	 1.000000	 1.000000	 23.656532
-58	 0.971429	 1.000000	 1.000000	 23.735929
-55	 0.952381	 1.000000	 1.000000	 23.783642
-56	 0.955696	 1.000000	 1.000000	 23.844769
-59	 0.969543	 1.000000	 1.000000	 23.918257
-57	 0.973684	 1.000000	 1.000000	 24.001780
-58	 0.984810	 1.000000	 1.000000	 24.144764
-57	 0.828571	 1.000000	 1.000000	 24.160753
-57	 0.733333	 1.000000	 1.000000	 24.174679
-55	 0.953488	 1.000000	 1.000000	 24.222631
-57	 0.981873	 1.000000	 1.000000	 24.343424
-55	 0.982036	 1.000000	 1.000000	 24.464125
-55	 0.949640	 1.000000	 1.000000	 24.516838
-56	 0.973422	 1.000000	 1.000000	 24.637157
-54	 0.976378	 1.000000	 1.000000	 24.728485
-57	 0.977564	 1.000000	 1.000000	 24.840996
-53	 0.967213	 1.000000	 1.000000	 24.908978
-50	 0.971831	 1.000000	 1.000000	 24.987255
-53	 0.972350	 1.000000	 1.000000	 25.065191
-52	 0.962733	 1.000000	 1.000000	 25.129076
-46	 0.975309	 1.000000	 1.000000	 25.217800
-53	 0.969072	 1.000000	 1.000000	 25.290852
-52	 0.979452	 1.000000	 1.000000	 25.399405
-48	 0.937500	 1.000000	 1.000000	 25.442631
-50	 0.600000	 1.000000	 1.000000	 25.455051
-51	 0.946429	 1.000000	 1.000000	 25.497412
-48	 0.500000	 1.000000	 1.000000	 25.515257
-45	 0.647059	 1.000000	 1.000000	 25.540327
-47	 0.961290	 1.000000	 1.000000	 25.599718
-45	 0.898876	 1.000000	 1.000000	 25.634361
-50	 0.985611	 1.000000	 1.000000	 25.786776
-51	 0.823529	 1.000000	 1.000000	 25.801516
-50	 0.741935	 1.000000	 1.000000	 25.817236
-53	 0.984615	 1.000000	 1.000000	 25.960968
-53	 0.961538	 1.000000	 1.000000	 26.018925
-51	 0.978723	 1.000000	 1.000000	 26.124481
-51	 0.969388	 1.000000	 1.000000	 26.196585
-50	 0.920000	 1.000000	 1.000000	 26.226614
-50	 0.906977	 1.000000	 1.000000	 26.260983
-49	 0.882353	 1.000000	 1.000000	 26.305029
-48	 0.936170	 1.000000	 1.000000	 26.341127
-47	 0.955556	 1.000000	 1.000000	 26.394470
-46	 0.774194	 1.000000	 1.000000	 26.409002
-47	 0.500000	 1.000000	 1.000000	 26.416437
-46	 0.727273	 1.000000	 1.000000	 26.430073
-47	 0.692308	 1.000000	 1.000000	 26.442484
-47	 0.600000	 1.000000	 1.000000	 26.451187
-46	 0.760000	 1.000000	 1.000000	 26.467194
-47	 0.818182	 1.000000	 1.000000	 26.482311
-47	 0.946903	 1.000000	 1.000000	 26.526243
-51	 0.937500	 1.000000	 1.000000	 26.562805
-51	 0.958333	 1.000000	 1.000000	 26.616835
-53	 0.967568	 1.000000	 1.000000	 26.685047
-54	 0.977695	 1.000000	 1.000000	 26.784336
-56	 0.984252	 1.000000	 1.000000	 26.921120
-57	 0.980392	 1.000000	 1.000000	 27.030767
-57	 0.947368	 1.000000	 1.000000	 27.075666
-60	 0.957447	 1.000000	 1.000000	 27.129335
-59	 0.125000	 1.000000	 1.000000	 27.185387
-61	 0.272727	 1.000000	 1.000000	 27.220980
-66	 0.012987	 1.000000	 1.000000	 27.854445
-65	 0.000000	 1.000000	 1.000000	 27.963310
-67	 0.125000	 1.000000	 1.000000	 28.006969
-67	 0.769231	 1.000000	 1.000000	 28.018608
-67	 0.769231	 1.000000	 -nan	 28.035397
-67	 0.454545	 1.000000	 -nan	 28.047819
-67	 0.142857	 1.000000	 1.000000	 28.061821
-68	 0.000000	 1.000000	 1.000000	 28.077356
-67	 0.000000	 1.000000	 -nan	 28.092260
-68	 0.000000	 1.000000	 1.000000	 28.112888
-67	 0.000000	 1.000000	 1.000000	 28.135067
-67	 0.000000	 1.000000	 1.000000	 28.156038
-66	 0.000000	 1.000000	 1.000000	 28.173241
-66	 0.000000	 1.000000	 1.000000	 28.186825
-66	 0.333333	 1.000000	 1.000000	 28.202839
-66	 0.142857	 1.000000	 1.000000	 28.217779
-65	 0.000000	 1.000000	 1.000000	 28.252192
-65	 0.000000	 1.000000	 1.000000	 28.277161
-66	 0.000000	 1.000000	 1.000000	 28.294430
-67	 0.000000	 1.000000	 1.000000	 28.316994
-67	 0.000000	 1.000000	 1.000000	 28.336815
-67	 0.000000	 1.000000	 1.000000	 28.355885
-65	 0.000000	 1.000000	 1.000000	 28.375492
-67	 0.000000	 1.000000	 1.000000	 28.392792
-68	 0.000000	 1.000000	 1.000000	 28.408440
-67	 0.000000	 1.000000	 1.000000	 28.429447
-66	 0.000000	 1.000000	 1.000000	 28.444984
-65	 0.000000	 1.000000	 1.000000	 28.462349
-67	 0.000000	 1.000000	 1.000000	 28.480532
-65	 0.000000	 1.000000	 1.000000	 28.496954
-65	 0.000000	 1.000000	 1.000000	 28.510637
-68	 0.000000	 1.000000	 1.000000	 28.525520
-64	 0.000000	 1.000000	 1.000000	 28.543070
-65	 0.636364	 1.000000	 1.000000	 28.568760
-65	 0.250000	 1.000000	 1.000000	 28.586136
-65	 0.000000	 1.000000	 1.000000	 28.600460
-66	 0.000000	 1.000000	 1.000000	 28.615507
-66	 0.142857	 1.000000	 1.000000	 28.631016
-66	 0.142857	 1.000000	 1.000000	 28.646877
-66	 0.000000	 1.000000	 1.000000	 28.662561
-67	 0.000000	 1.000000	 1.000000	 28.685333
-68	 0.000000	 1.000000	 1.000000	 28.708796
-67	 0.000000	 1.000000	 1.000000	 28.726562
-66	 0.000000	 1.000000	 1.000000	 28.745201
-68	 0.000000	 1.000000	 1.000000	 28.768972
-71	 0.000000	 1.000000	 1.000000	 28.788551
-70	 0.000000	 1.000000	 1.000000	 28.815933
-72	 0.000000	 1.000000	 1.000000	 28.840654
-72	 0.000000	 1.000000	 1.000000	 28.854219
-71	 0.000000	 1.000000	 1.000000	 28.873035
-71	 0.000000	 1.000000	 1.000000	 28.887144
-73	 0.000000	 1.000000	 1.000000	 28.902489
-73	 0.000000	 1.000000	 1.000000	 28.917604
-73	 0.000000	 1.000000	 1.000000	 28.932594
-68	 0.000000	 1.000000	 1.000000	 28.952841
-69	 0.000000	 1.000000	 1.000000	 28.968397
-73	 0.000000	 1.000000	 1.000000	 28.986296
-70	 0.000000	 1.000000	 1.000000	 29.002522
-68	 0.000000	 1.000000	 1.000000	 29.016882
-68	 0.000000	 1.000000	 1.000000	 29.032122
-70	 0.000000	 1.000000	 1.000000	 29.047863
-70	 0.000000	 1.000000	 1.000000	 29.063246
-70	 0.000000	 1.000000	 1.000000	 29.078831
-70	 0.000000	 1.000000	 1.000000	 29.094179
-68	 0.000000	 1.000000	 1.000000	 29.112917
-69	 0.000000	 1.000000	 1.000000	 29.129559
-70	 0.000000	 1.000000	 1.000000	 29.153385
-68	 0.000000	 1.000000	 1.000000	 29.177265
-67	 0.000000	 1.000000	 1.000000	 29.199102
-67	 0.000000	 1.000000	 1.000000	 29.217043
-67	 0.000000	 1.000000	 1.000000	 29.231766
-68	 0.000000	 1.000000	 1.000000	 29.246542
-70	 0.000000	 1.000000	 1.000000	 29.261765
-71	 0.000000	 1.000000	 1.000000	 29.288950
-71	 0.000000	 1.000000	 1.000000	 29.312654
-72	 0.000000	 1.000000	 1.000000	 29.327868
-74	 0.000000	 1.000000	 1.000000	 29.348864
-74	 0.000000	 1.000000	 -nan	 29.364944
-73	 0.000000	 1.000000	 1.000000	 29.379148
-74	 0.000000	 1.000000	 1.000000	 29.395741
-73	 0.000000	 1.000000	 1.000000	 29.412432
-74	 0.000000	 1.000000	 1.000000	 29.427135
-74	 0.000000	 1.000000	 1.000000	 29.442556
-74	 0.000000	 1.000000	 1.000000	 29.465014
-74	 0.000000	 1.000000	 1.000000	 29.484562
-74	 0.000000	 1.000000	 1.000000	 29.498438
-74	 0.000000	 1.000000	 1.000000	 29.513990
-75	 0.000000	 1.000000	 1.000000	 29.528994
-74	 0.000000	 1.000000	 1.000000	 29.544424
-74	 0.000000	 1.000000	 1.000000	 29.560017
-74	 0.000000	 1.000000	 1.000000	 29.581039
-72	 0.000000	 1.000000	 1.000000	 29.595715
-72	 0.000000	 1.000000	 1.000000	 29.612909
-75	 0.000000	 1.000000	 1.000000	 29.627401
-75	 0.000000	 1.000000	 1.000000	 29.645016
-76	 0.000000	 1.000000	 1.000000	 29.660192
-77	 0.000000	 1.000000	 1.000000	 29.676704
-76	 0.000000	 1.000000	 1.000000	 29.689922
-76	 0.000000	 1.000000	 1.000000	 29.708862
-76	 0.000000	 1.000000	 1.000000	 29.724710
-75	 0.000000	 1.000000	 1.000000	 29.739094
-73	 0.000000	 1.000000	 1.000000	 29.761543
-74	 0.000000	 1.000000	 1.000000	 29.777435
-74	 0.000000	 1.000000	 1.000000	 29.804514
-73	 0.000000	 1.000000	 1.000000	 29.818380
-72	 0.000000	 1.000000	 1.000000	 29.834341
-74	 0.000000	 1.000000	 1.000000	 29.852716
-74	 0.000000	 1.000000	 1.000000	 29.873018
-73	 0.000000	 1.000000	 1.000000	 29.892982
-73	 0.000000	 1.000000	 1.000000	 29.906887
-72	 0.000000	 1.000000	 1.000000	 29.924887
-74	 0.000000	 1.000000	 1.000000	 29.940756
-72	 0.000000	 1.000000	 1.000000	 29.955107
-75	 0.000000	 1.000000	 1.000000	 29.971865
-76	 0.000000	 1.000000	 1.000000	 29.997042
-75	 0.000000	 1.000000	 1.000000	 30.020475
-75	 0.000000	 1.000000	 1.000000	 30.044348
-74	 0.000000	 1.000000	 1.000000	 30.050749
-75	 0.000000	 1.000000	 1.000000	 30.069504
-74	 0.000000	 1.000000	 1.000000	 30.084396
-75	 0.000000	 1.000000	 1.000000	 30.098541
-74	 0.000000	 1.000000	 1.000000	 30.121189
-75	 0.000000	 1.000000	 1.000000	 30.134842
-77	 0.000000	 1.000000	 1.000000	 30.153288
-77	 0.000000	 1.000000	 1.000000	 30.170755
-76	 0.000000	 1.000000	 1.000000	 30.185770
-75	 0.000000	 1.000000	 1.000000	 30.200438
-74	 0.000000	 1.000000	 1.000000	 30.216187
-73	 0.000000	 1.000000	 1.000000	 30.231554
-73	 0.000000	 1.000000	 1.000000	 30.247355
-76	 0.000000	 1.000000	 1.000000	 30.262777
-75	 0.000000	 1.000000	 1.000000	 30.278185
-74	 0.000000	 1.000000	 1.000000	 30.294025
-74	 0.000000	 1.000000	 1.000000	 30.308756
-75	 0.000000	 1.000000	 1.000000	 30.324444
-75	 0.000000	 1.000000	 1.000000	 30.341076
-75	 0.000000	 1.000000	 1.000000	 30.359991
-74	 0.000000	 1.000000	 1.000000	 30.374876
-75	 0.000000	 1.000000	 1.000000	 30.389957
-76	 0.000000	 1.000000	 1.000000	 30.404930
-76	 0.000000	 1.000000	 1.000000	 30.420250
-76	 0.000000	 1.000000	 1.000000	 30.436226
-76	 0.000000	 1.000000	 1.000000	 30.451075
-75	 0.000000	 1.000000	 1.000000	 30.466331
-75	 0.000000	 1.000000	 1.000000	 30.482141
-75	 0.000000	 1.000000	 1.000000	 30.497044
-76	 0.000000	 1.000000	 1.000000	 30.512447
-71	 0.000000	 1.000000	 1.000000	 30.527369
-75	 0.000000	 1.000000	 1.000000	 30.542339
-76	 0.000000	 1.000000	 1.000000	 30.558044
-75	 0.000000	 1.000000	 1.000000	 30.574158
-75	 0.000000	 1.000000	 1.000000	 30.589071
-74	 0.000000	 1.000000	 1.000000	 30.604851
-74	 0.000000	 1.000000	 1.000000	 30.620003
-74	 0.000000	 1.000000	 1.000000	 30.635727
-73	 0.000000	 1.000000	 1.000000	 30.650642
-75	 0.000000	 1.000000	 1.000000	 30.666121
-73	 0.000000	 1.000000	 1.000000	 30.681139
-73	 0.000000	 1.000000	 -nan	 30.697884
-74	 0.000000	 1.000000	 1.000000	 30.713470
-76	 0.000000	 1.000000	 1.000000	 30.729479
-75	 0.000000	 1.000000	 1.000000	 30.744989
-76	 0.000000	 1.000000	 1.000000	 30.768450
-75	 0.000000	 1.000000	 1.000000	 30.783232
-76	 0.000000	 1.000000	 1.000000	 30.798183
-76	 0.000000	 1.000000	 1.000000	 30.821098
-75	 0.000000	 1.000000	 1.000000	 30.845127
-74	 0.000000	 1.000000	 1.000000	 30.859097
-74	 0.000000	 1.000000	 1.000000	 30.881138
-74	 0.000000	 1.000000	 1.000000	 30.894978
-74	 0.000000	 1.000000	 1.000000	 30.917011
-75	 0.000000	 1.000000	 1.000000	 30.932894
-75	 0.000000	 1.000000	 1.000000	 30.948771
-73	 0.000000	 1.000000	 1.000000	 30.962627
-75	 0.000000	 1.000000	 1.000000	 30.985037
-75	 0.000000	 1.000000	 1.000000	 31.000013
-76	 0.000000	 1.000000	 1.000000	 31.014591
-69	 0.000000	 1.000000	 1.000000	 31.036991
-74	 0.142857	 1.000000	 1.000000	 31.050957
-74	 0.000000	 1.000000	 1.000000	 31.071781
-74	 0.000000	 1.000000	 1.000000	 31.089291
-74	 0.000000	 1.000000	 1.000000	 31.102903
-74	 0.000000	 1.000000	 1.000000	 31.118443
-73	 0.000000	 1.000000	 1.000000	 31.133434
-73	 0.000000	 1.000000	 1.000000	 31.157518
-73	 0.000000	 1.000000	 1.000000	 31.171120
-74	 0.000000	 1.000000	 1.000000	 31.187181
-74	 0.000000	 1.000000	 1.000000	 31.201912
-74	 0.000000	 1.000000	 1.000000	 31.216860
-74	 0.000000	 1.000000	 1.000000	 31.232883
-74	 0.000000	 1.000000	 1.000000	 31.248053
-75	 0.000000	 1.000000	 1.000000	 31.263416
-76	 0.000000	 1.000000	 1.000000	 31.278612
-74	 0.000000	 1.000000	 1.000000	 31.297949
-74	 0.000000	 1.000000	 1.000000	 31.312962
-76	 0.000000	 -5.142857	 -7.600000	 32.599045
-74	 0.000000	 1.000000	 1.000000	 33.497730
-73	 0.000000	 1.000000	 1.000000	 33.515182
-75	 0.000000	 1.000000	 1.000000	 33.532066
-77	 0.000000	 1.000000	 1.000000	 33.548939
-78	 0.000000	 1.000000	 1.000000	 33.564896
-77	 0.000000	 1.000000	 1.000000	 33.580936
-76	 0.000000	 1.000000	 1.000000	 33.596844
-76	 0.000000	 1.000000	 1.000000	 33.741528
-71	 0.000000	 1.000000	 1.000000	 33.854652
-72	 0.000000	 1.000000	 1.000000	 33.870750
-71	 0.000000	 1.000000	 1.000000	 33.888954
-72	 0.000000	 1.000000	 1.000000	 33.903820
-73	 0.000000	 1.000000	 1.000000	 33.919514
-76	 0.000000	 1.000000	 1.000000	 33.935181
-75	 0.000000	 1.000000	 1.000000	 34.079994
-74	 0.000000	 1.000000	 1.000000	 34.094967
-75	 0.000000	 1.000000	 1.000000	 34.120968
-75	 0.000000	 1.000000	 1.000000	 34.136395
-75	 0.000000	 1.000000	 1.000000	 34.152981
-73	 0.000000	 1.000000	 1.000000	 34.166191
-74	 0.000000	 1.000000	 1.000000	 34.185398
-74	 0.000000	 1.000000	 1.000000	 34.201763
-75	 0.000000	 1.000000	 1.000000	 34.217735
-77	 0.000000	 1.000000	 1.000000	 34.240505
-75	 0.000000	 1.000000	 1.000000	 34.264664
-78	 0.000000	 1.000000	 -nan	 34.280727
-78	 0.000000	 1.000000	 1.000000	 34.422531
-78	 0.000000	 1.000000	 -nan	 34.437496
-73	 0.000000	 1.000000	 1.000000	 34.540421
-72	 0.000000	 1.000000	 1.000000	 34.556271
-72	 0.000000	 1.000000	 1.000000	 34.572552
-72	 0.000000	 1.000000	 1.000000	 34.586437
-76	 0.000000	 1.000000	 1.000000	 34.603794
-77	 0.000000	 1.000000	 1.000000	 34.624840
-79	 0.000000	 1.000000	 -nan	 34.641983
-79	 0.000000	 1.000000	 1.000000	 34.787968
-79	 0.000000	 1.000000	 -nan	 34.802956
-73	 0.000000	 1.000000	 1.000000	 34.897575
-75	 0.000000	 1.000000	 1.000000	 34.912689
-75	 0.000000	 1.000000	 1.000000	 34.928326
-74	 0.000000	 1.000000	 1.000000	 34.944126
-75	 0.000000	 1.000000	 1.000000	 34.959412
-76	 0.000000	 1.000000	 1.000000	 34.974342
-76	 0.000000	 1.000000	 1.000000	 34.990177
-77	 0.000000	 1.000000	 -nan	 35.006035
-77	 0.000000	 1.000000	 1.000000	 35.152054
-77	 0.000000	 1.000000	 -nan	 35.166958
-77	 0.000000	 1.000000	 -nan	 35.182835
-73	 0.000000	 1.000000	 1.000000	 35.268303
-74	 0.000000	 1.000000	 1.000000	 35.284306
-76	 0.000000	 1.000000	 1.000000	 35.299835
-76	 0.000000	 1.000000	 1.000000	 35.314987
-77	 0.000000	 1.000000	 1.000000	 35.330925
-79	 0.000000	 1.000000	 1.000000	 35.346092
-75	 0.000000	 1.000000	 -nan	 35.361591
-76	 0.000000	 1.000000	 -nan	 35.376774
-76	 0.000000	 1.000000	 1.000000	 35.521435
-76	 0.000000	 1.000000	 -nan	 35.536690
-72	 0.000000	 1.000000	 -nan	 35.557392
-75	 0.000000	 1.000000	 1.000000	 35.630268
-78	 0.000000	 1.000000	 1.000000	 35.649055
-75	 0.000000	 1.000000	 1.000000	 35.684414
-75	 0.000000	 1.000000	 1.000000	 35.704933
-76	 0.000000	 1.000000	 1.000000	 35.726261
-77	 0.000000	 1.000000	 -nan	 35.741772
-77	 0.000000	 1.000000	 -nan	 35.758114
-77	 0.000000	 1.000000	 1.000000	 35.902893
-77	 0.000000	 1.000000	 1.000000	 35.918125
-75	 0.000000	 1.000000	 1.000000	 35.948784
-71	 0.000000	 1.000000	 1.000000	 35.964924
-74	 0.000000	 1.000000	 1.000000	 35.980797
-79	 0.000000	 1.000000	 1.000000	 35.997551
-75	 0.000000	 1.000000	 1.000000	 36.013950
-72	 0.000000	 1.000000	 1.000000	 36.028790
-72	 0.000000	 1.000000	 1.000000	 36.043697
-77	 0.000000	 1.000000	 1.000000	 36.059517
-80	 0.000000	 1.000000	 1.000000	 36.076740
-74	 0.000000	 1.000000	 1.000000	 36.091660
-72	 0.000000	 1.000000	 1.000000	 36.106571
-74	 0.000000	 1.000000	 -nan	 36.121964
-78	 0.000000	 1.000000	 -nan	 36.137672
-78	 0.000000	 1.000000	 -nan	 36.153564
-77	 0.000000	 1.000000	 -nan	 36.168720
-77	 0.000000	 1.000000	 1.000000	 36.312405
-77	 0.000000	 1.000000	 -nan	 36.328350
-77	 0.000000	 1.000000	 -nan	 36.344353
-77	 0.000000	 1.000000	 -nan	 36.359558
-77	 0.000000	 1.000000	 1.000000	 36.411079
-82	 0.000000	 1.000000	 1.000000	 36.427242
-83	 0.000000	 1.000000	 1.000000	 36.443192
-83	 0.000000	 1.000000	 1.000000	 36.464161
-79	 0.000000	 1.000000	 1.000000	 36.484776
-77	 0.000000	 1.000000	 1.000000	 36.499748
-77	 0.000000	 1.000000	 -nan	 36.515076
-76	 0.000000	 1.000000	 -nan	 36.536545
-78	 0.000000	 1.000000	 -nan	 36.553600
-80	 0.000000	 1.000000	 -nan	 36.574272
-74	 0.000000	 1.000000	 1.000000	 36.718021
-79	 0.000000	 -14.666667	 -0.220779	 37.462254
-79	 0.000000	 1.000000	 1.000000	 37.478214
-79	 0.000000	 1.000000	 1.000000	 37.494637
-78	 0.000000	 1.000000	 1.000000	 37.510590
-78	 0.000000	 1.000000	 1.000000	 37.526806
-79	 0.000000	 1.000000	 1.000000	 37.556759
-80	 0.000000	 1.000000	 1.000000	 37.576141
-81	 0.000000	 1.000000	 1.000000	 37.605106
-81	 0.014493	 1.000000	 1.000000	 38.672337
-81	 0.000000	 1.000000	 1.000000	 38.685749
-82	 0.000000	 1.000000	 1.000000	 38.701324
-80	 0.000000	 1.000000	 1.000000	 38.719982
-80	 0.000000	 1.000000	 1.000000	 38.736816
-79	 0.000000	 1.000000	 1.000000	 38.757858
-79	 0.000000	 1.000000	 1.000000	 38.775036
-79	 0.000000	 1.000000	 1.000000	 38.790096
-79	 0.000000	 1.000000	 1.000000	 38.807026
-80	 0.000000	 1.000000	 1.000000	 38.821812
-79	 0.000000	 1.000000	 1.000000	 38.840412
-79	 0.000000	 1.000000	 1.000000	 38.854851
-80	 0.000000	 1.000000	 1.000000	 38.870579
-80	 0.000000	 1.000000	 1.000000	 38.890984
-80	 0.000000	 1.000000	 1.000000	 38.913723
-83	 0.000000	 1.000000	 1.000000	 38.937008
-81	 0.000000	 1.000000	 1.000000	 38.950706
-82	 0.000000	 1.000000	 1.000000	 38.969341
-82	 0.000000	 1.000000	 1.000000	 38.992699
-82	 0.000000	 1.000000	 1.000000	 39.021107
-81	 0.000000	 1.000000	 -nan	 39.036762
-83	 0.000000	 1.000000	 1.000000	 39.058800
-83	 0.000000	 1.000000	 1.000000	 39.077717
-82	 0.000000	 1.000000	 1.000000	 39.096966
-82	 0.000000	 1.000000	 1.000000	 39.112484
-82	 0.000000	 1.000000	 1.000000	 39.136280
-81	 0.000000	 1.000000	 1.000000	 39.155922
-79	 0.000000	 1.000000	 1.000000	 39.180595
-81	 0.000000	 1.000000	 1.000000	 39.201038
-81	 0.000000	 1.000000	 1.000000	 39.216595
-82	 0.000000	 1.000000	 1.000000	 39.244640
-81	 0.000000	 1.000000	 1.000000	 39.262180
-83	 0.000000	 1.000000	 1.000000	 39.285278
-81	 0.000000	 1.000000	 1.000000	 39.300980
-82	 0.000000	 1.000000	 1.000000	 39.315411
-81	 0.000000	 1.000000	 1.000000	 39.331009
-81	 0.000000	 1.000000	 1.000000	 39.352467
-81	 0.000000	 1.000000	 1.000000	 39.380779
-82	 0.000000	 1.000000	 1.000000	 39.397095
-82	 0.000000	 1.000000	 1.000000	 39.417114
-78	 0.000000	 1.000000	 1.000000	 39.437004
-83	 0.000000	 1.000000	 1.000000	 39.453945
-83	 0.000000	 1.000000	 1.000000	 39.468445
-83	 0.000000	 1.000000	 1.000000	 39.487438
-83	 0.000000	 1.000000	 1.000000	 39.501457
-83	 0.000000	 1.000000	 1.000000	 39.516685
-82	 0.000000	 1.000000	 1.000000	 39.531712
-84	 0.000000	 1.000000	 1.000000	 39.548771
-83	 0.000000	 1.000000	 1.000000	 39.564068
-83	 0.000000	 1.000000	 1.000000	 39.581387
-82	 0.000000	 1.000000	 1.000000	 39.598232
-83	 0.000000	 1.000000	 1.000000	 39.616314
-82	 0.000000	 1.000000	 1.000000	 39.631847
-82	 0.000000	 1.000000	 1.000000	 39.650116
-83	 0.000000	 1.000000	 1.000000	 39.664597
-83	 0.000000	 1.000000	 1.000000	 39.679855
-83	 0.000000	 1.000000	 1.000000	 39.695496
-83	 0.000000	 1.000000	 1.000000	 39.712658
-82	 0.000000	 1.000000	 1.000000	 39.727997
-82	 0.000000	 1.000000	 1.000000	 39.746521
-82	 0.000000	 1.000000	 1.000000	 39.763496
-82	 0.000000	 1.000000	 1.000000	 39.780869
-82	 0.000000	 1.000000	 1.000000	 39.795589
-81	 0.000000	 1.000000	 1.000000	 39.810417
-82	 0.000000	 1.000000	 1.000000	 39.825603
-81	 0.000000	 1.000000	 1.000000	 39.840626
-81	 0.000000	 1.000000	 1.000000	 39.856590
-81	 0.000000	 1.000000	 1.000000	 39.872810
-82	 0.000000	 1.000000	 1.000000	 39.887470
-83	 0.000000	 1.000000	 1.000000	 39.902809
-82	 0.000000	 1.000000	 1.000000	 39.918217
-82	 0.000000	 1.000000	 1.000000	 39.933655
-80	 0.000000	 1.000000	 1.000000	 39.949368
-83	 0.000000	 1.000000	 1.000000	 39.964573
-83	 0.000000	 1.000000	 1.000000	 39.981655
-83	 0.000000	 1.000000	 1.000000	 39.997093
-83	 0.000000	 1.000000	 1.000000	 40.012985
-82	 0.000000	 1.000000	 1.000000	 40.032848
-79	 0.000000	 1.000000	 1.000000	 40.048321
-82	 0.000000	 1.000000	 1.000000	 40.062847
-82	 0.000000	 1.000000	 1.000000	 40.080975
-81	 0.000000	 1.000000	 1.000000	 40.096371
-81	 0.000000	 1.000000	 1.000000	 40.116348
-80	 0.000000	 1.000000	 1.000000	 40.131718
-81	 0.000000	 1.000000	 1.000000	 40.147533
-81	 0.000000	 1.000000	 1.000000	 40.164997
-83	 0.000000	 1.000000	 1.000000	 40.185001
-82	 0.000000	 1.000000	 1.000000	 40.203186
-82	 0.000000	 1.000000	 -nan	 40.217934
-82	 0.000000	 1.000000	 1.000000	 40.240898
-79	 0.000000	 1.000000	 1.000000	 40.268845
-80	 0.000000	 1.000000	 1.000000	 40.287148
-80	 0.000000	 1.000000	 1.000000	 40.302223
-81	 0.000000	 1.000000	 1.000000	 40.318359
-81	 0.000000	 1.000000	 1.000000	 40.333488
-81	 0.000000	 1.000000	 1.000000	 40.353912
-81	 0.000000	 1.000000	 1.000000	 40.371964
-81	 0.000000	 1.000000	 1.000000	 40.390759
-82	 0.000000	 1.000000	 1.000000	 40.407883
-80	 0.000000	 1.000000	 1.000000	 40.423508
-79	 0.000000	 1.000000	 1.000000	 40.439503
-82	 0.000000	 1.000000	 1.000000	 40.455360
-82	 0.000000	 1.000000	 1.000000	 40.473049
-82	 0.000000	 1.000000	 1.000000	 40.486217
-83	 0.000000	 1.000000	 1.000000	 40.502117
-80	 0.000000	 1.000000	 1.000000	 40.563568
-80	 0.000000	 1.000000	 -nan	 40.577953
-80	 0.000000	 1.000000	 -nan	 40.593086
-80	 0.000000	 1.000000	 -nan	 40.607265
-80	 0.000000	 1.000000	 -nan	 40.622227
-80	 0.000000	 1.000000	 -nan	 40.636833
-80	 0.000000	 1.000000	 -nan	 40.651485
-80	 0.000000	 1.000000	 1.000000	 40.674545
-82	 0.000000	 1.000000	 1.000000	 40.691143
-82	 0.000000	 1.000000	 1.000000	 40.708332
-81	 0.000000	 1.000000	 1.000000	 40.726330
-81	 0.000000	 1.000000	 1.000000	 40.742641
-80	 0.000000	 1.000000	 1.000000	 40.759563
-79	 0.000000	 1.000000	 1.000000	 40.775562
-80	 0.000000	 1.000000	 1.000000	 40.791458
-82	 0.000000	 1.000000	 1.000000	 40.806667
-82	 0.000000	 1.000000	 1.000000	 40.821945
-83	 0.000000	 1.000000	 1.000000	 40.840626
-82	 0.000000	 1.000000	 1.000000	 40.854771
-83	 0.000000	 1.000000	 1.000000	 40.871151
-84	 0.000000	 1.000000	 1.000000	 40.888550
-84	 0.000000	 1.000000	 1.000000	 40.907536
-83	 0.000000	 1.000000	 1.000000	 40.926762
-84	 0.000000	 1.000000	 1.000000	 40.948883
-82	 0.000000	 1.000000	 1.000000	 40.965626
-82	 0.000000	 1.000000	 1.000000	 40.982231
-83	 0.000000	 1.000000	 1.000000	 40.997032
-82	 0.000000	 1.000000	 1.000000	 41.014671
-82	 0.000000	 1.000000	 1.000000	 41.032944
-83	 0.000000	 1.000000	 1.000000	 41.048870
-84	 0.000000	 1.000000	 1.000000	 41.066006
-83	 0.000000	 1.000000	 1.000000	 41.091915
-83	 0.000000	 1.000000	 -nan	 41.107738
-81	 0.000000	 1.000000	 1.000000	 41.138004
-80	 0.000000	 1.000000	 1.000000	 41.154133
-81	 0.000000	 1.000000	 1.000000	 41.169746
-83	 0.000000	 1.000000	 1.000000	 41.193195
-84	 0.000000	 1.000000	 1.000000	 41.209572
-84	 0.000000	 1.000000	 1.000000	 41.226524
-85	 0.000000	 1.000000	 1.000000	 41.243523
-84	 0.000000	 1.000000	 1.000000	 41.300186
-84	 0.000000	 1.000000	 -nan	 41.315662
-84	 0.125000	 1.000000	 -nan	 41.336582
-83	 0.000000	 1.000000	 1.000000	 41.436775
-80	 0.080000	 1.000000	 1.000000	 41.512581
-83	 0.008130	 1.000000	 1.000000	 41.828358
