HT20/SGI	 T	 MCS10	 29.3	97.5	 94.9	 94(	| 0.980609	 1.000000	 1.000000 |	-35	 2.012538
HT20/SGI	 T	 MCS10	 29.3	97.5	 97.8	 92(	| 0.974895	 1.000000	 1.000000 |	-45	 5.912122
HT20/SGI	 T	 MCS10	 29.5	98.1	 97.8	 91(	| 0.983133	 1.000000	 1.000000 |	-51	 7.056967
HT20/SGI	 T	 MCS10	 29.1	96.8	 96.8	 93(	| 0.969543	 1.000000	 1.000000 |	-53	 7.415212
HT20/SGI	 T	 MCS10	 28.9	95.9	 93.3	 84(	| 0.941176	 1.000000	 1.000000 |	-66	 10.549094
HT20/SGI	 T	 MCS10	 29.4	97.8	 97.8	 91(	| 0.983193	 1.000000	 1.000000 |	-64	 11.638484
HT20/SGI	 T	 MCS10	 29.4	97.8	 97.8	 91(	| 0.979933	 1.000000	 1.000000 |	-73	 12.054126
HT20/SGI	 T	 MCS10	 28.2	93.6	 84.6	 77(	| 0.956835	 1.000000	 1.000000 |	-74	 13.197079
HT20/SGI	 T	 MCS10	 25.1	83.4	 48.2	 28(	| 0.932584	 1.000000	 1.000000 |	-70	 13.704202
HT20/SGI	 T	 MCS10	 28.6	95.2	 92.2	 83(	| 0.922078	 1.000000	 1.000000 |	-72	 14.233064
HT20/SGI	 T	 MCS10	 29.0	96.4	 97.8	 90(	| 0.971292	 1.000000	 1.000000 |	-74	 14.542627
HT20/SGI	 T	 MCS10	 28.1	93.6	 86.5	 71(	| 0.970874	 1.000000	 1.000000 |	-78	 14.920532
HT20/SGI	 T	 MCS10	 25.4	84.6	 64.2	 45(	| 0.888889	 1.000000	 1.000000 |	-80	 16.421190
HT20/SGI	 T	 MCS10	 24.9	82.6	 84.4	 76(	| 0.909091	 1.000000	 1.000000 |	-80	 16.636446
HT20/SGI	 T	 MCS10	 28.1	93.3	 95.6	 88(	| 0.960265	 1.000000	 1.000000 |	-73	 17.566479
HT20/SGI	 T	 MCS10	 29.2	97.2	 97.8	 90(	| 0.973451	 1.000000	 1.000000 |	-71	 18.872938
HT20/SGI	 T	 MCS10	 29.1	96.9	 96.7	 89(	| 0.973451	 1.000000	 1.000000 |	-66	 19.652212
HT20/SGI	 T	 MCS10	 29.5	97.9	 97.8	 90(	| 0.981132	 1.000000	 1.000000 |	-58	 21.164448
HT20/SGI	 T	 MCS10	 29.3	97.5	 96.7	 89(	| 0.977049	 1.000000	 1.000000 |	-52	 23.147268
HT20/SGI	 T	 MCS10	 29.2	97.0	 95.7	 90(	| 0.973333	 1.000000	 1.000000 |	-64	 24.852104
HT20/SGI	 T	 MCS10	 28.9	96.2	 95.6	 89(	| 0.954198	 1.000000	 1.000000 |	-74	 28.077810
HT20/SGI	 T	 MCS10	 29.0	96.5	 95.6	 89(	| 0.954887	 1.000000	 1.000000 |	-75	 28.868238
HT20/SGI	 T	 MCS10	 29.1	96.9	 98.8	 90(	| 0.967136	 1.000000	 1.000000 |	-75	 29.092611
HT20/SGI	 T	 MCS10	 28.2	93.7	 93.4	 86(	| 0.958904	 1.000000	 1.000000 |	-76	 29.950529
HT20/SGI	 T	 MCS10	 26.5	88.3	 88.3	 76(	| 0.924051	 1.000000	 1.000000 |	-79	 30.370255
HT20/SGI	 T	 MCS10	 24.6	81.8	 91.3	 84(	| 0.918605	 1.000000	 1.000000 |	-76	 30.488848
HT20/SGI	 T	 MCS10	 23.6	78.6	 64.1	 43(	| 0.769231	 1.000000	 1.000000 |	-76	 31.321028
HT20/SGI	 MCS10	 20.8	 69.2	87.8	 72(	 82)	| 0.250000	 1.000000	 1.000000 |	-78	 31.577049
HT20/SGI	 MCS10	 11.0	 36.7	82.8	 63(	 76)	| 0.909091	 1.000000	 1.000000 |	-76	 32.049328
HT20/SGI	 MCS10	 8.2	 27.5	0.0	 0(	 41)	| 0.000000	 1.000000	 1.000000 |	-79	 32.101627
HT20/SGI	 MCS10	 0.0	 8.7	0.0	 0(	 31)	| 0.000000	 1.000000	 1.000000 |	-81	 32.324104
HT20/SGI	 MCS10	 0.0	 6.5	0.0	 0(	 6)	| 0.000000	 1.000000	 1.000000 |	-81	 32.372955
HT20/SGI	 MCS10	 10.0	 33.2	67.6	 44(	 65)	| 0.000000	 1.000000	 1.000000 |	-79	 32.534252
HT20/SGI	 MCS10	 4.7	 15.7	6.9	 3(	 43)	| 0.142857	 1.000000	 1.000000 |	-80	 32.693123
HT20/SGI	 MCS10	 0.0	 2.1	0.0	 0(	 16)	| 0.000000	 1.000000	 1.000000 |	-81	 33.062195
HT20/SGI	 MCS10	 0.0	 0.8	0.0	 0(	 10)	| 0.000000	 1.000000	 1.000000 |	-82	 33.229660
HT20/SGI	 MCS10	 0.0	 0.1	0.0	 0(	 19)	| 0.000000	 1.000000	 1.000000 |	-81	 33.546345
HT20/SGI	 MCS10	 0.0	 0.0	0.0	 0(	 19)	| 0.000000	 1.000000	 1.000000 |	-80	 33.701736
HT20/SGI	 MCS10	 0.0	 0.0	0.0	 0(	 19)	| 0.000000	 1.000000	 1.000000 |	-79	 33.753544
HT20/SGI	 MCS10	 0.0	 0.0	0.0	 0(	 18)	| 0.000000	 1.000000	 1.000000 |	-81	 33.860432
HT20/SGI	 MCS10	 0.0	 0.0	0.0	 0(	 19)	| 0.000000	 1.000000	 1.000000 |	-80	 33.963955
HT20/SGI	 MCS10	 0.0	 0.0	0.0	 0(	 18)	| 0.000000	 1.000000	 1.000000 |	-82	 34.331211
HT20/SGI	 MCS10	 0.0	 0.0	0.0	 0(	 19)	| 0.000000	 1.000000	 1.000000 |	-82	 34.436745
HT20/SGI	 MCS10	 0.0	 0.0	0.0	 0(	 19)	| 0.000000	 1.000000	 1.000000 |	-80	 34.542828
HT20/SGI	 MCS10	 0.0	 0.7	0.0	 0(	 19)	| 0.000000	 1.000000	 1.000000 |	-80	 34.692989
HT20/SGI	 MCS10	 0.0	 0.0	0.0	 0(	 18)	| 0.000000	 1.000000	 1.000000 |	-83	 35.108631
HT20/SGI	 MCS10	 0.0	 0.0	0.0	 0(	 18)	| 0.000000	 1.000000	 1.000000 |	-81	 35.157646
HT20/SGI	 MCS10	 0.0	 0.0	0.0	 0(	 19)	| 0.000000	 1.000000	 1.000000 |	-84	 35.264874
HT20/SGI	 MCS10	 0.0	 0.0	0.0	 0(	 16)	| 0.000000	 1.000000	 1.000000 |	-85	 35.989918
HT20/SGI	 MCS10	 0.0	 0.0	0.0	 0(	 17)	| 0.000000	 1.000000	 1.000000 |	-83	 36.311024
HT20/SGI	 MCS10	 0.0	 0.0	0.0	 0(	 17)	| 0.000000	 1.000000	 1.000000 |	-82	 36.409077
HT20/SGI	 MCS10	 0.0	 0.0	0.0	 0(	 17)	| 0.000000	 1.000000	 1.000000 |	-82	 36.560764
HT20/SGI	 MCS10	 0.0	 0.0	0.0	 0(	 17)	| 0.000000	 1.000000	 1.000000 |	-83	 37.133057
HT20/SGI	 MCS10	 0.0	 0.0	0.0	 0(	 19)	| 0.000000	 1.000000	 1.000000 |	-81	 37.604816
HT20/SGI	 MCS10	 0.0	 0.0	0.0	 0(	 18)	| 0.000000	 1.000000	 1.000000 |	-83	 37.877007
HT20/SGI	 MCS10	 0.0	 0.0	0.0	 0(	 17)	| 0.000000	 1.000000	 1.000000 |	-82	 37.917690
HT20/SGI	 MCS10	 0.0	 0.0	0.0	 0(	 15)	| 0.000000	 1.000000	 1.000000 |	-84	 38.076691
HT20/SGI	 MCS10	 0.0	 0.0	0.0	 0(	 18)	| 0.000000	 1.000000	 1.000000 |	-82	 38.231224
HT20/SGI	 MCS10	 0.0	 0.0	0.0	 0(	 18)	| 0.000000	 1.000000	 1.000000 |	-81	 38.292278
HT20/SGI	 MCS10	 0.0	 0.0	0.0	 0(	 17)	| 0.000000	 1.000000	 1.000000 |	-84	 38.602982
HT20/SGI	 MCS10	 0.0	 0.0	0.0	 0(	 16)	| 0.000000	 1.000000	 1.000000 |	-83	 38.857201
