HT20/SGI	 T	 MCS12	 44.4	97.8	 97.8	 135(138)	| 0.981191	 1.000000	 1.000000 |	-40	 2.890394
HT20/SGI	 T	 MCS12	 44.7	98.5	 98.5	 133(135)	| 0.983471	 1.000000	 1.000000 |	-35	 3.723701
HT20/SGI	 T	 MCS12	 44.2	97.2	 97.7	 130(133)	| 0.966346	 1.000000	 1.000000 |	-45	 3.806421
HT20/SGI	 T	 MCS12	 44.0	96.9	 96.2	 127(132)	| 0.961111	 1.000000	 1.000000 |	-39	 5.146819
HT20/SGI	 T	 MCS12	 44.4	97.8	 98.4	 130(132)	| 0.980707	 1.000000	 1.000000 |	-56	 9.063352
HT20/SGI	 T	 MCS12	 44.1	97.1	 96.8	 122(126)	| 0.969565	 1.000000	 1.000000 |	-57	 9.160519
HT20/SGI	 T	 MCS12	 44.7	98.4	 98.5	 135(137)	| 0.986456	 1.000000	 1.000000 |	-60	 9.842371
HT20/SGI	 T	 MCS12	 40.8	89.8	 94.5	 121(128)	| 0.964322	 1.000000	 1.000000 |	-69	 11.348402
HT20/SGI	 MCS12	 27.4	 60.4	74.6	 62(	 83)	| 0.900000	 1.000000	 1.000000 |	-73	 11.587905
HT20/SGI	 MCS12	 24.0	 52.9	30.3	 17(	 56)	| 0.500000	 1.000000	 1.000000 |	-74	 11.635475
HT20/SGI	 MCS12	 18.8	 41.4	6.8	 4(	 58)	| 0.000000	 1.000000	 1.000000 |	-74	 11.680086
HT20/SGI	 MCS12	 18.4	 40.6	38.1	 29(	 76)	| 0.750000	 1.000000	 1.000000 |	-73	 11.730970
HT20/SGI	 MCS12	 20.9	 46.0	62.5	 55(	 88)	| 0.000000	 1.000000	 1.000000 |	-74	 11.787380
HT20/SGI	 MCS12	 13.8	 30.4	3.3	 2(	 59)	| 0.000000	 1.000000	 1.000000 |	-74	 11.888369
HT20/SGI	 MCS12	 16.1	 35.5	51.1	 43(	 84)	| 0.000000	 1.000000	 -nan |	-75	 11.938594
HT20/SGI	 MCS12	 12.1	 26.6	0.0	 0(	 60)	| 0.142857	 1.000000	 -nan |	-74	 11.989931
HT20/SGI	 MCS12	 14.1	 31.1	64.4	 58(	 90)	| 0.761905	 1.000000	 1.000000 |	-77	 12.099241
HT20/SGI	 MCS12	 21.3	 46.8	70.2	 66(	 94)	| 0.816327	 1.000000	 1.000000 |	-75	 12.839927
HT20/SGI	 MCS12	 17.8	 39.1	32.8	 22(	 67)	| 0.656250	 1.000000	 1.000000 |	-76	 12.998779
HT20/SGI	 MCS12	 12.5	 27.5	12.5	 8(	 64)	| 0.000000	 1.000000	 1.000000 |	-75	 13.151380
HT20/SGI	 MCS12	 0.0	 3.6	0.0	 0(	 25)	| 0.000000	 1.000000	 1.000000 |	-76	 13.528035
HT20/SGI	 MCS12	 0.0	 2.0	0.0	 0(	 48)	| 0.000000	 1.000000	 1.000000 |	-76	 13.624284
HT20/SGI	 MCS12	 0.0	 1.5	0.0	 0(	 35)	| 0.000000	 1.000000	 1.000000 |	-71	 13.675758
HT20/SGI	 MCS12	 0.0	 0.8	0.0	 0(	 56)	| 0.600000	 1.000000	 1.000000 |	-76	 13.779299
HT20/SGI	 MCS12	 4.8	 10.6	39.9	 30(	 75)	| 0.250000	 1.000000	 1.000000 |	-76	 13.828169
HT20/SGI	 MCS12	 0.0	 1.6	0.0	 0(	 20)	| 0.000000	 1.000000	 1.000000 |	-70	 15.649623
HT20/SGI	 MCS12	 6.9	 15.2	56.2	 45(	 80)	| 0.000000	 1.000000	 -nan |	-77	 15.703827
HT20/SGI	 MCS12	 5.2	 11.4	0.0	 0(	 60)	| 0.000000	 1.000000	 -nan |	-76	 15.759792
HT20/SGI	 MCS12	 15.7	 34.5	8.4	 5(	 59)	| 0.400000	 1.000000	 1.000000 |	-72	 15.958096
HT20/SGI	 MCS12	 8.4	 18.6	0.0	 0(	 28)	| 0.000000	 1.000000	 1.000000 |	-74	 16.115986
HT20/SGI	 MCS12	 6.3	 13.9	0.0	 0(	 43)	| 0.000000	 1.000000	 1.000000 |	-74	 16.170528
HT20/SGI	 MCS12	 7.8	 17.2	27.1	 19(	 70)	| 0.000000	 1.000000	 1.000000 |	-76	 16.223778
HT20/SGI	 MCS12	 9.1	 20.1	28.5	 14(	 49)	| 0.758621	 1.000000	 1.000000 |	-76	 16.278734
HT20/SGI	 T	 MCS12	 37.8	83.1	 79.8	 87(109)	| 0.969849	 1.000000	 1.000000 |	-72	 16.363678
HT20/SGI	 T	 MCS12	 43.8	96.5	 97.6	 123(126)	| 0.964706	 1.000000	 1.000000 |	-72	 18.251476
HT20/SGI	 T	 MCS12	 44.7	98.5	 98.4	 125(127)	| 0.986696	 1.000000	 1.000000 |	-63	 20.008692
HT20/SGI	 T	 MCS12	 44.7	98.4	 98.4	 127(129)	| 0.980952	 1.000000	 1.000000 |	-55	 20.183809
HT20/SGI	 T	 MCS12	 44.4	97.7	 96.2	 128(133)	| 0.954545	 1.000000	 1.000000 |	-57	 20.777534
HT20/SGI	 T	 MCS12	 44.0	96.8	 96.1	 126(131)	| 0.980822	 1.000000	 1.000000 |	-47	 22.619442
HT20/SGI	 T	 MCS12	 42.1	92.8	 96.9	 128(132)	| 0.963190	 1.000000	 1.000000 |	-54	 24.266590
HT20/SGI	 T	 MCS12	 43.2	95.1	 98.4	 127(129)	| 0.977941	 1.000000	 1.000000 |	-51	 24.378813
HT20/SGI	 T	 MCS12	 44.7	98.4	 100.0	 145(145)	| 0.988417	 1.000000	 1.000000 |	-64	 25.883493
HT20/SGI	 T	 MCS12	 41.8	92.1	 96.9	 128(132)	| 0.967213	 1.000000	 1.000000 |	-70	 26.090336
HT20/SGI	 MCS12	 15.0	 33.1	62.7	 54(	 86)	| 0.200000	 1.000000	 1.000000 |	-74	 27.104046
HT20/SGI	 MCS12	 29.6	 65.1	72.9	 62(	 85)	| 0.000000	 1.000000	 -nan |	-75	 27.365957
HT20/SGI	 T	 MCS12	 29.7	65.3	 54.9	 28(	| 0.000000	 1.000000	 -nan |	-74	 27.574570
HT20/SGI	 MCS12	 23.5	 51.7	0.0	 0(	 55)	| 0.000000	 1.000000	 1.000000 |	-75	 27.722603
HT20/SGI	 MCS12	 20.7	 45.6	27.2	 18(	 66)	| 0.333333	 1.000000	 1.000000 |	-76	 27.783781
HT20/SGI	 MCS12	 26.1	 57.6	62.2	 56(	 90)	| 0.000000	 1.000000	 1.000000 |	-74	 27.887468
HT20/SGI	 MCS12	 22.9	 50.5	29.1	 21(	 72)	| 0.000000	 1.000000	 1.000000 |	-76	 27.933687
HT20/SGI	 MCS12	 21.1	 46.5	34.6	 26(	 75)	| 0.000000	 1.000000	 -nan |	-74	 27.985868
HT20/SGI	 MCS12	 15.8	 34.9	0.0	 0(	 16)	| 0.000000	 1.000000	 -nan |	-73	 28.043867
HT20/SGI	 MCS12	 18.5	 40.8	0.0	 0(	 12)	| 0.000000	 1.000000	 1.000000 |	-74	 28.360430
HT20/SGI	 MCS12	 8.0	 17.7	13.3	 6(	 45)	| 0.060606	 1.000000	 1.000000 |	-74	 28.568310
HT20/SGI	 MCS12	 0.0	 5.4	0.0	 0(	 11)	| 0.958042	 1.000000	 1.000000 |	-73	 28.712589
HT20/SGI	 MCS12	 0.0	 3.0	0.0	 0(	 53)	| 0.000000	 1.000000	 1.000000 |	-77	 30.043056
HT20/SGI	 MCS12	 0.0	 2.3	0.0	 0(	 57)	| 0.000000	 1.000000	 1.000000 |	-78	 30.099293
HT20/SGI	 MCS12	 0.0	 1.3	0.0	 0(	 8)	| 0.000000	 1.000000	 1.000000 |	-76	 30.207317
HT20/SGI	 MCS12	 0.0	 0.9	0.0	 0(	 25)	| 0.000000	 1.000000	 1.000000 |	-76	 30.259865
HT20/SGI	 MCS12	 0.0	 0.7	0.0	 0(	 48)	| 0.000000	 1.000000	 1.000000 |	-76	 30.307148
HT20/SGI	 MCS12	 0.0	 0.5	0.0	 0(	 58)	| 0.000000	 1.000000	 1.000000 |	-77	 30.363869
HT20/SGI	 MCS12	 0.0	 0.4	0.0	 0(	 60)	| 0.000000	 1.000000	 1.000000 |	-77	 30.410545
HT20/SGI	 MCS12	 0.0	 1.8	0.0	 0(	 53)	| 0.000000	 1.000000	 1.000000 |	-78	 30.735924
HT20/SGI	 MCS12	 0.0	 6.3	21.2	 14(	 66)	| 0.000000	 1.000000	 1.000000 |	-76	 30.839340
HT20/SGI	 MCS12	 0.0	 0.8	0.0	 0(	 8)	| 0.000000	 1.000000	 1.000000 |	-75	 31.215534
HT20/SGI	 MCS12	 0.0	 0.3	0.0	 0(	 8)	| 0.000000	 1.000000	 1.000000 |	-78	 31.375799
HT20/SGI	 MCS12	 0.0	 2.4	9.5	 2(	 21)	| 0.250000	 1.000000	 1.000000 |	-69	 31.692436
HT20/SGI	 MCS12	 0.0	 1.8	0.0	 0(	 20)	| 0.000000	 1.000000	 1.000000 |	-76	 31.747597
HT20/SGI	 MCS12	 0.0	 1.0	0.0	 0(	 21)	| 0.000000	 1.000000	 1.000000 |	-74	 31.851942
HT20/SGI	 MCS12	 0.0	 0.7	0.0	 0(	 20)	| 0.000000	 1.000000	 1.000000 |	-75	 31.901325
HT20/SGI	 MCS12	 0.0	 0.1	0.0	 0(	 20)	| 0.000000	 1.000000	 1.000000 |	-79	 32.216015
