-31	 0.950000	 1.000000	 1.000000	 0.089889
-29	 0.967742	 1.000000	 1.000000	 0.227085
-30	 0.962500	 1.000000	 1.000000	 0.344207
-28	 0.950000	 1.000000	 1.000000	 0.432117
-25	 0.963855	 1.000000	 1.000000	 0.554723
-26	 0.971831	 1.000000	 1.000000	 0.710470
-22	 0.954198	 1.000000	 1.000000	 0.807689
-28	 0.983827	 1.000000	 1.000000	 1.076461
-29	 0.964286	 1.000000	 1.000000	 1.198022
-32	 0.969849	 1.000000	 1.000000	 1.342716
-34	 0.909091	 1.000000	 1.000000	 1.393180
-30	 0.971292	 1.000000	 1.000000	 1.540495
-32	 0.967914	 1.000000	 1.000000	 1.676022
-32	 0.967742	 1.000000	 1.000000	 1.809843
-32	 0.939394	 1.000000	 1.000000	 1.883587
-32	 0.952756	 1.000000	 1.000000	 1.978097
-32	 0.973799	 1.000000	 1.000000	 2.143944
-37	 0.982405	 1.000000	 1.000000	 2.391065
-39	 0.962025	 1.000000	 1.000000	 2.506909
-42	 0.967213	 1.000000	 1.000000	 2.639442
-40	 0.969849	 1.000000	 1.000000	 2.782914
-42	 0.977186	 1.000000	 1.000000	 2.972503
-39	 0.971564	 1.000000	 1.000000	 3.127973
-44	 0.948718	 1.000000	 1.000000	 3.212128
-41	 0.982709	 1.000000	 1.000000	 3.459445
-43	 0.915493	 1.000000	 1.000000	 3.512677
-45	 0.986607	 1.000000	 1.000000	 3.830655
-42	 0.956835	 1.000000	 1.000000	 3.931221
-43	 0.989744	 1.000000	 1.000000	 4.356200
-49	 0.973684	 1.000000	 1.000000	 4.521472
-48	 0.934783	 1.000000	 1.000000	 4.590327
-46	 0.959732	 1.000000	 1.000000	 4.699113
-45	 0.961039	 1.000000	 1.000000	 4.810779
-45	 0.969231	 1.000000	 1.000000	 4.954239
-46	 0.979661	 1.000000	 1.000000	 5.166719
-49	 0.957747	 1.000000	 1.000000	 5.270671
-47	 0.963636	 1.000000	 1.000000	 5.390641
-48	 0.982857	 1.000000	 1.000000	 5.633890
-49	 0.961538	 1.000000	 1.000000	 5.746142
-47	 0.959184	 1.000000	 1.000000	 5.850758
-48	 0.976285	 1.000000	 1.000000	 6.031686
-46	 0.970297	 1.000000	 1.000000	 6.178764
-48	 0.962500	 1.000000	 1.000000	 6.294643
-53	 0.963636	 1.000000	 1.000000	 6.414411
-52	 0.980263	 1.000000	 1.000000	 6.634504
-52	 0.968254	 1.000000	 1.000000	 6.772717
-45	 0.979239	 1.000000	 1.000000	 6.982971
-54	 0.974026	 1.000000	 1.000000	 7.150766
-56	 0.972222	 1.000000	 1.000000	 7.307121
-57	 0.930000	 1.000000	 1.000000	 7.382790
-54	 0.944444	 1.000000	 1.000000	 7.476472
-54	 0.974026	 1.000000	 1.000000	 7.643495
-55	 0.958333	 1.000000	 1.000000	 7.750498
-59	 0.979310	 1.000000	 1.000000	 7.958849
-55	 0.924051	 1.000000	 1.000000	 8.019362
-58	 0.969072	 1.000000	 1.000000	 8.160489
-57	 0.954545	 1.000000	 1.000000	 8.257461
-57	 0.965517	 1.000000	 1.000000	 8.384310
-56	 0.975104	 1.000000	 1.000000	 8.557286
-60	 0.970000	 1.000000	 1.000000	 8.702705
-59	 0.981595	 1.000000	 1.000000	 8.939039
-57	 0.946903	 1.000000	 1.000000	 9.024573
-58	 0.971429	 1.000000	 1.000000	 9.176667
-60	 0.968085	 1.000000	 1.000000	 9.317016
-54	 0.957143	 1.000000	 1.000000	 9.422352
-64	 0.969849	 1.000000	 1.000000	 9.567005
-61	 0.934066	 1.000000	 1.000000	 9.638463
-60	 0.974468	 1.000000	 1.000000	 9.809896
-70	 0.971154	 0.725962	 0.724638	 12.498722
-74	 0.976000	 1.000000	 1.000000	 12.815975
-77	 0.963855	 1.000000	 1.000000	 13.302789
-74	 0.972350	 1.000000	 1.000000	 13.839208
-76	 0.952756	 1.000000	 1.000000	 14.159525
-77	 0.969697	 1.000000	 1.000000	 14.769626
-78	 0.975309	 1.000000	 1.000000	 15.084806
-79	 0.949153	 1.000000	 1.000000	 15.176343
-79	 0.984000	 1.000000	 1.000000	 15.802723
-82	 0.966292	 1.000000	 1.000000	 15.939405
-80	 0.781250	 1.000000	 1.000000	 15.970955
-82	 0.913043	 1.000000	 1.000000	 16.026367
-79	 0.938144	 1.000000	 1.000000	 16.099119
-79	 0.957447	 1.000000	 1.000000	 16.228489
-78	 0.976923	 1.000000	 1.000000	 16.443331
-79	 0.870370	 1.000000	 1.000000	 16.494413
-78	 0.944954	 1.000000	 1.000000	 16.575968
-77	 0.972477	 1.000000	 1.000000	 16.740261
-73	 0.949153	 1.000000	 1.000000	 16.828609
-76	 0.967033	 1.000000	 1.000000	 16.974686
-81	 0.942149	 1.000000	 1.000000	 17.068645
-78	 0.951219	 1.000000	 1.000000	 17.162903
-80	 0.914286	 1.000000	 1.000000	 17.218054
-78	 0.954887	 1.000000	 1.000000	 17.316525
-75	 0.982036	 1.000000	 1.000000	 17.570124
-74	 0.961039	 1.000000	 1.000000	 17.683912
-77	 0.968421	 1.000000	 1.000000	 17.826681
-73	 0.974468	 1.000000	 1.000000	 18.000607
-74	 0.983784	 1.000000	 1.000000	 18.269760
-68	 0.968421	 1.000000	 1.000000	 18.410639
-69	 0.971429	 1.000000	 1.000000	 18.567175
-72	 0.967568	 1.000000	 1.000000	 18.701624
-69	 0.961290	 1.000000	 1.000000	 18.815830
-73	 0.961783	 1.000000	 1.000000	 18.932791
-71	 0.969849	 1.000000	 1.000000	 19.081408
-69	 0.975904	 1.000000	 1.000000	 19.263493
-68	 0.970149	 1.000000	 1.000000	 19.411217
-71	 0.972851	 1.000000	 1.000000	 19.574482
-72	 0.963415	 1.000000	 1.000000	 19.698212
-71	 0.952756	 1.000000	 1.000000	 19.791052
-66	 0.963855	 1.000000	 1.000000	 19.913591
-69	 0.976378	 1.000000	 1.000000	 20.099602
-64	 0.979094	 1.000000	 1.000000	 20.310650
-66	 0.981424	 1.000000	 1.000000	 20.544827
-65	 0.969697	 1.000000	 1.000000	 20.690130
-66	 0.981191	 1.000000	 1.000000	 20.920614
-66	 0.944954	 1.000000	 1.000000	 21.001427
-65	 0.978102	 1.000000	 1.000000	 21.199183
-59	 0.979866	 1.000000	 1.000000	 21.417288
-60	 0.980328	 1.000000	 1.000000	 21.639444
-59	 0.968912	 1.000000	 1.000000	 21.782307
-57	 0.934066	 1.000000	 1.000000	 21.850943
-56	 0.965000	 1.000000	 1.000000	 21.999269
-53	 0.952381	 1.000000	 1.000000	 22.109320
-59	 0.980583	 1.000000	 1.000000	 22.332262
-55	 0.957747	 1.000000	 1.000000	 22.438400
-59	 0.976654	 1.000000	 1.000000	 22.629930
-57	 0.972350	 1.000000	 1.000000	 22.782362
-56	 0.953846	 1.000000	 1.000000	 22.879211
-57	 0.935484	 1.000000	 1.000000	 22.949366
-51	 0.970085	 1.000000	 1.000000	 23.118313
-52	 0.975309	 1.000000	 1.000000	 23.295692
-49	 0.950000	 1.000000	 1.000000	 23.387304
-48	 0.972603	 1.000000	 1.000000	 23.545979
-48	 0.981073	 1.000000	 1.000000	 23.771343
-51	 0.976378	 1.000000	 1.000000	 23.955727
-52	 0.955882	 1.000000	 1.000000	 24.058649
-53	 0.944882	 1.000000	 1.000000	 24.152170
-52	 0.961039	 1.000000	 1.000000	 24.267494
-53	 0.973568	 1.000000	 1.000000	 24.430702
-52	 0.964912	 1.000000	 1.000000	 24.554317
-54	 0.961039	 1.000000	 1.000000	 24.681194
-56	 0.935484	 1.000000	 1.000000	 24.749523
-59	 0.982609	 1.000000	 1.000000	 24.997576
-57	 0.977186	 1.000000	 1.000000	 25.189175
-61	 0.968326	 1.000000	 1.000000	 25.350430
-63	 0.977012	 1.000000	 1.000000	 25.540865
-72	 0.976000	 1.000000	 1.000000	 25.727234
-73	 0.973568	 1.000000	 1.000000	 25.893818
-67	 0.980392	 1.000000	 1.000000	 26.116394
-69	 0.970443	 1.000000	 1.000000	 26.263384
-68	 0.984085	 1.000000	 1.000000	 26.535948
-72	 0.972851	 1.000000	 1.000000	 26.702747
-73	 0.981651	 1.000000	 1.000000	 26.943060
-76	 0.947368	 1.000000	 1.000000	 27.029572
-71	 0.977012	 1.000000	 1.000000	 27.219810
-71	 0.947368	 1.000000	 1.000000	 27.309092
-72	 0.882353	 1.000000	 1.000000	 27.348759
-76	 0.943396	 1.000000	 1.000000	 27.431030
-74	 0.974359	 1.000000	 1.000000	 27.601360
-72	 0.969543	 1.000000	 1.000000	 27.745047
-74	 0.985112	 1.000000	 1.000000	 28.037079
-77	 0.978495	 1.000000	 1.000000	 28.238951
-75	 0.981073	 1.000000	 1.000000	 28.467806
-79	 0.965517	 1.000000	 1.000000	 28.597275
-77	 0.973094	 1.000000	 1.000000	 28.762087
-75	 0.979933	 1.000000	 1.000000	 28.981979
-76	 0.937500	 1.000000	 1.000000	 29.055208
-75	 0.955556	 1.000000	 1.000000	 29.156633
-74	 0.968912	 1.000000	 1.000000	 29.297586
-78	 0.978417	 1.000000	 1.000000	 29.497219
-79	 0.950000	 1.000000	 1.000000	 29.591061
-73	 0.972973	 1.000000	 1.000000	 29.753674
-75	 0.975610	 1.000000	 1.000000	 29.931694
-73	 0.965318	 1.000000	 1.000000	 30.058731
-74	 0.967742	 1.000000	 1.000000	 30.196995
-79	 0.951613	 1.000000	 1.000000	 30.289009
-80	 0.903226	 1.000000	 1.000000	 30.339050
-73	 0.972727	 1.000000	 1.000000	 30.504822
-75	 0.934783	 1.000000	 1.000000	 30.575657
-81	 0.942308	 1.000000	 1.000000	 30.655710
-82	 0.823529	 1.000000	 1.000000	 30.687424
-80	 0.970588	 1.000000	 1.000000	 30.838795
-79	 0.940594	 1.000000	 1.000000	 30.918913
-81	 0.964497	 1.000000	 1.000000	 31.047815
-80	 0.976923	 1.000000	 1.000000	 31.237661
-73	 0.970443	 1.000000	 1.000000	 31.387102
-77	 0.977695	 1.000000	 1.000000	 31.584902
-80	 0.969543	 1.000000	 1.000000	 31.730766
-79	 0.901639	 1.000000	 1.000000	 31.799648
-81	 0.863636	 1.000000	 1.000000	 31.847893
-80	 0.852459	 1.000000	 1.000000	 31.903585
-80	 0.500000	 1.000000	 1.000000	 31.938704
-79	 0.907692	 1.000000	 1.000000	 31.992563
-79	 0.142857	 1.000000	 1.000000	 32.017876
-82	 0.925926	 1.000000	 1.000000	 32.079533
-79	 0.926829	 1.000000	 1.000000	 32.142426
-78	 0.950820	 1.000000	 1.000000	 32.234730
-78	 0.971831	 1.000000	 1.000000	 32.393166
-81	 0.938776	 1.000000	 1.000000	 32.470623
-80	 0.956204	 1.000000	 1.000000	 32.571911
-79	 0.934066	 1.000000	 1.000000	 32.642117
-79	 0.971698	 1.000000	 1.000000	 32.802753
-78	 0.954545	 1.000000	 1.000000	 32.902496
-81	 0.934783	 0.826087	 0.851852	 34.083565
-80	 0.000000	 1.000000	 1.000000	 34.131401
-84	 0.000000	 1.000000	 1.000000	 34.181782
-83	 0.000000	 1.000000	 1.000000	 34.234177
-85	 0.000000	 1.000000	 1.000000	 34.286621
-85	 0.000000	 1.000000	 1.000000	 34.333572
-85	 0.000000	 1.000000	 1.000000	 34.390297
-84	 0.000000	 1.000000	 1.000000	 34.446625
-83	 0.000000	 1.000000	 1.000000	 34.509312
-85	 0.000000	 1.000000	 1.000000	 34.549206
-86	 0.000000	 1.000000	 1.000000	 34.600109
-86	 0.000000	 1.000000	 1.000000	 34.628590
-85	 0.000000	 1.000000	 1.000000	 34.646786
-85	 0.000000	 1.000000	 1.000000	 34.658352
-84	 0.000000	 1.000000	 1.000000	 34.672871
-84	 0.000000	 1.000000	 1.000000	 34.686283
-83	 0.000000	 1.000000	 1.000000	 34.699501
-82	 0.000000	 1.000000	 1.000000	 34.714714
-84	 0.000000	 1.000000	 1.000000	 34.726009
-84	 0.000000	 1.000000	 1.000000	 34.737591
-84	 0.000000	 1.000000	 1.000000	 34.750587
-85	 0.000000	 1.000000	 1.000000	 34.765114
-84	 0.000000	 1.000000	 1.000000	 34.776367
-86	 0.000000	 1.000000	 1.000000	 34.789135
-84	 0.000000	 1.000000	 1.000000	 34.802738
-86	 0.000000	 1.000000	 1.000000	 34.826363
-85	 0.000000	 1.000000	 1.000000	 34.841644
-85	 0.000000	 1.000000	 1.000000	 34.852859
-85	 0.000000	 1.000000	 1.000000	 34.867641
-85	 0.000000	 1.000000	 1.000000	 34.897812
-85	 0.000000	 1.000000	 1.000000	 34.955860
-84	 0.000000	 1.000000	 1.000000	 35.003178
-84	 0.000000	 1.000000	 1.000000	 35.026672
-82	 0.000000	 1.000000	 1.000000	 35.042671
-83	 0.000000	 1.000000	 1.000000	 35.062225
-83	 0.000000	 1.000000	 1.000000	 35.074627
-83	 0.000000	 1.000000	 1.000000	 35.085835
-83	 0.000000	 1.000000	 1.000000	 35.100227
-82	 0.000000	 1.000000	 1.000000	 35.118202
-83	 0.000000	 1.000000	 1.000000	 35.134613
-83	 0.000000	 1.000000	 1.000000	 35.153614
-83	 0.000000	 1.000000	 1.000000	 35.170742
-83	 0.000000	 1.000000	 1.000000	 35.188648
-84	 0.000000	 1.000000	 1.000000	 35.221649
-82	 0.000000	 1.000000	 1.000000	 35.243095
-84	 0.000000	 1.000000	 1.000000	 35.256668
-85	 0.000000	 1.000000	 1.000000	 35.297638
-85	 0.000000	 1.000000	 1.000000	 35.320278
-84	 0.000000	 1.000000	 1.000000	 35.331768
-83	 0.000000	 1.000000	 1.000000	 35.347923
-84	 0.000000	 1.000000	 1.000000	 35.358517
-84	 0.000000	 1.000000	 1.000000	 35.372105
-84	 0.000000	 1.000000	 1.000000	 35.383705
-83	 0.000000	 1.000000	 1.000000	 35.394413
-83	 0.000000	 1.000000	 1.000000	 35.418732
-79	 0.384615	 1.000000	 1.000000	 35.438652
-82	 0.666667	 1.000000	 1.000000	 35.459061
-82	 0.901639	 1.000000	 1.000000	 35.508381
-81	 0.862745	 1.000000	 1.000000	 35.550697
-82	 0.142857	 1.000000	 1.000000	 35.565487
-81	 0.142857	 1.000000	 1.000000	 35.576080
-83	 0.000000	 1.000000	 1.000000	 35.590431
-82	 0.000000	 1.000000	 1.000000	 35.601242
-82	 0.000000	 1.000000	 1.000000	 35.618752
-82	 0.000000	 1.000000	 1.000000	 35.628803
-82	 0.000000	 1.000000	 1.000000	 35.639446
-83	 0.000000	 1.000000	 1.000000	 35.652195
-82	 0.000000	 1.000000	 1.000000	 35.664253
-83	 0.000000	 1.000000	 1.000000	 35.682606
-83	 0.000000	 1.000000	 1.000000	 35.694866
-84	 0.000000	 1.000000	 1.000000	 35.706264
-84	 0.000000	 1.000000	 1.000000	 35.717564
-84	 0.000000	 1.000000	 1.000000	 35.730164
-83	 0.000000	 1.000000	 1.000000	 35.742531
-84	 0.000000	 1.000000	 1.000000	 35.753555
-84	 0.000000	 1.000000	 1.000000	 35.764271
-83	 0.000000	 1.000000	 1.000000	 35.778416
-83	 0.142857	 1.000000	 1.000000	 35.791225
-83	 0.000000	 1.000000	 1.000000	 35.801445
-82	 0.890909	 1.000000	 1.000000	 35.849243
-83	 0.750000	 1.000000	 1.000000	 35.880089
-83	 0.000000	 1.000000	 1.000000	 35.891991
-84	 0.000000	 1.000000	 1.000000	 35.903965
-84	 0.000000	 1.000000	 1.000000	 35.917175
-84	 0.000000	 1.000000	 1.000000	 35.973377
-84	 0.000000	 1.000000	 -nan	 36.022449
-84	 0.000000	 1.000000	 -nan	 36.071526
-84	 0.000000	 1.000000	 -nan	 36.101776
-84	 0.000000	 1.000000	 -nan	 36.118698
-84	 0.000000	 1.000000	 -nan	 36.134556
-81	 0.000000	 1.000000	 1.000000	 36.144699
-83	 0.000000	 1.000000	 1.000000	 36.167011
-83	 0.000000	 1.000000	 1.000000	 36.192673
-85	 0.000000	 1.000000	 1.000000	 36.282948
-86	 0.000000	 1.000000	 -nan	 36.389145
-86	 0.000000	 1.000000	 -nan	 36.500984
-86	 0.000000	 1.000000	 -nan	 36.555862
-86	 0.000000	 1.000000	 -nan	 36.634171
-86	 0.000000	 1.000000	 -nan	 36.659775
-86	 0.250000	 1.000000	 -nan	 36.672745
-79	 0.000000	 1.000000	 -nan	 36.683277
-80	 0.000000	 1.000000	 1.000000	 36.698841
-84	 0.000000	 1.000000	 1.000000	 36.725540
-84	 0.000000	 1.000000	 1.000000	 36.761074
-83	 0.000000	 1.000000	 1.000000	 36.797050
-81	 0.000000	 1.000000	 1.000000	 36.820141
-82	 0.000000	 1.000000	 1.000000	 36.839142
-82	 0.000000	 1.000000	 1.000000	 36.859379
-81	 0.000000	 1.000000	 1.000000	 36.876274
-80	 0.000000	 1.000000	 1.000000	 36.894043
-81	 0.000000	 1.000000	 1.000000	 36.911789
-79	 0.000000	 1.000000	 1.000000	 36.929745
-82	 0.684211	 1.000000	 1.000000	 36.955784
-84	 0.923077	 1.000000	 1.000000	 37.027256
-85	 0.000000	 1.000000	 1.000000	 37.048782
-85	 0.000000	 1.000000	 1.000000	 37.080521
-83	 0.000000	 1.000000	 1.000000	 37.103207
-82	 0.000000	 1.000000	 1.000000	 37.126110
-82	 0.000000	 1.000000	 1.000000	 37.142735
-82	 0.000000	 1.000000	 1.000000	 37.160271
-81	 0.142857	 1.000000	 1.000000	 37.186871
-82	 0.250000	 1.000000	 1.000000	 37.213825
-81	 0.000000	 1.000000	 1.000000	 37.260597
-81	 0.400000	 1.000000	 1.000000	 37.283943
-84	 0.000000	 1.000000	 1.000000	 37.303631
-84	 0.000000	 1.000000	 1.000000	 37.320827
-83	 0.142857	 1.000000	 1.000000	 37.342800
-83	 0.700000	 1.000000	 1.000000	 37.373371
-83	 0.142857	 1.000000	 1.000000	 37.389549
-84	 0.000000	 1.000000	 1.000000	 37.414555
-82	 0.860465	 1.000000	 1.000000	 37.457760
-82	 0.000000	 1.000000	 1.000000	 37.489216
-85	 0.000000	 1.000000	 1.000000	 37.538303
-83	 0.727273	 1.000000	 1.000000	 37.562412
-80	 0.793103	 1.000000	 1.000000	 37.598431
-79	 0.907692	 1.000000	 1.000000	 37.670433
-80	 0.875000	 1.000000	 1.000000	 37.710705
-78	 0.940594	 1.000000	 1.000000	 37.798855
-85	 0.924051	 1.000000	 1.000000	 37.870697
-80	 0.893939	 1.000000	 1.000000	 37.922752
-82	 0.825000	 1.000000	 1.000000	 37.966389
-82	 0.875000	 1.000000	 1.000000	 38.023262
-80	 0.750000	 1.000000	 1.000000	 38.066757
-83	 0.500000	 1.000000	 1.000000	 38.106808
-83	 0.333333	 1.000000	 1.000000	 38.166348
-83	 0.000000	 1.000000	 1.000000	 38.206158
-80	 0.700000	 1.000000	 1.000000	 38.255211
-83	 0.684211	 1.000000	 1.000000	 38.305737
-81	 0.250000	 1.000000	 1.000000	 38.347687
-81	 0.647059	 1.000000	 1.000000	 38.392040
-83	 0.000000	 1.000000	 1.000000	 38.434723
-82	 0.846154	 1.000000	 1.000000	 38.478378
-83	 0.000000	 1.000000	 1.000000	 38.495354
-81	 0.666667	 1.000000	 1.000000	 38.522858
-85	 0.600000	 1.000000	 1.000000	 38.546463
-84	 0.806452	 1.000000	 1.000000	 38.594765
-84	 0.000000	 1.000000	 1.000000	 38.642273
-85	 0.500000	 1.000000	 1.000000	 38.689449
-83	 0.000000	 1.000000	 1.000000	 38.731232
-85	 0.000000	 1.000000	 1.000000	 38.784195
-84	 0.000000	 1.000000	 1.000000	 38.870350
-84	 0.000000	 1.000000	 -nan	 38.922798
-82	 0.000000	 1.000000	 -nan	 38.972794
-79	 0.000000	 1.000000	 -nan	 39.022789
-78	 0.000000	 1.000000	 -nan	 39.070034
-78	 0.000000	 1.000000	 -nan	 39.111965
-78	 0.000000	 1.000000	 -nan	 39.132336
-79	 0.000000	 1.000000	 -nan	 39.155582
-79	 0.000000	 1.000000	 1.000000	 39.192204
-82	 0.000000	 1.000000	 1.000000	 39.212048
-82	 0.000000	 1.000000	 1.000000	 39.229748
-83	 0.000000	 1.000000	 1.000000	 39.259529
-80	 0.125000	 1.000000	 1.000000	 39.286449
-82	 0.117647	 1.000000	 1.000000	 39.338032
-82	 0.040816	 1.000000	 1.000000	 39.467342
-82	 0.700000	 1.000000	 1.000000	 39.495476
-82	 0.000000	 1.000000	 1.000000	 39.514961
-83	 0.000000	 1.000000	 1.000000	 39.532471
-83	 0.000000	 1.000000	 1.000000	 39.550327
-85	 0.000000	 1.000000	 1.000000	 39.567097
-83	 0.000000	 1.000000	 1.000000	 39.584606
-83	 0.000000	 1.000000	 1.000000	 39.601498
-84	 0.000000	 1.000000	 1.000000	 39.618603
-84	 0.000000	 1.000000	 1.000000	 39.636189
-83	 0.000000	 1.000000	 1.000000	 39.655819
-84	 0.000000	 1.000000	 1.000000	 39.673756
-83	 0.000000	 1.000000	 1.000000	 39.690231
-84	 0.000000	 1.000000	 1.000000	 39.708000
-84	 0.000000	 1.000000	 1.000000	 39.724922
-83	 0.000000	 1.000000	 1.000000	 39.744148
-84	 0.000000	 1.000000	 1.000000	 39.761604
-84	 0.000000	 1.000000	 1.000000	 39.778774
-84	 0.000000	 1.000000	 1.000000	 39.798244
-84	 0.000000	 1.000000	 1.000000	 39.814495
-84	 0.000000	 1.000000	 1.000000	 39.835300
-84	 0.000000	 1.000000	 1.000000	 39.852207
-85	 0.000000	 1.000000	 1.000000	 39.876381
-84	 0.000000	 1.000000	 1.000000	 39.900177
-84	 0.000000	 1.000000	 1.000000	 39.915958
-84	 0.000000	 1.000000	 1.000000	 39.939800
-84	 0.000000	 1.000000	 1.000000	 39.962864
-84	 0.000000	 1.000000	 1.000000	 39.979675
-84	 0.000000	 1.000000	 1.000000	 39.998917
-83	 0.000000	 1.000000	 1.000000	 40.018574
-83	 0.000000	 1.000000	 1.000000	 40.037605
-82	 0.000000	 1.000000	 1.000000	 40.058891
-84	 0.000000	 1.000000	 1.000000	 40.086830
-85	 0.000000	 1.000000	 1.000000	 40.104038
-84	 0.000000	 1.000000	 1.000000	 40.134747
-85	 0.000000	 1.000000	 1.000000	 40.150810
-84	 0.000000	 1.000000	 1.000000	 40.168247
-85	 0.000000	 1.000000	 1.000000	 40.194340
-85	 0.000000	 1.000000	 1.000000	 40.214840
-85	 0.000000	 1.000000	 1.000000	 40.236168
-86	 0.000000	 1.000000	 1.000000	 40.252880
-84	 0.000000	 1.000000	 1.000000	 40.268864
-84	 0.000000	 1.000000	 1.000000	 40.287945
-86	 0.000000	 1.000000	 1.000000	 40.307793
-86	 0.000000	 1.000000	 1.000000	 40.328232
-85	 0.000000	 1.000000	 1.000000	 40.347397
-84	 0.000000	 1.000000	 1.000000	 40.370773
-85	 0.000000	 1.000000	 1.000000	 40.390087
-85	 0.000000	 1.000000	 1.000000	 40.408646
-84	 0.000000	 1.000000	 1.000000	 40.427544
-84	 0.000000	 1.000000	 1.000000	 40.445850
-85	 0.142857	 1.000000	 1.000000	 40.465637
-84	 0.000000	 1.000000	 1.000000	 40.745865
-82	 0.000000	 1.000000	 1.000000	 40.855415
