-28	 0.983914	 1.000000	 1.000000	 0.212076
-26	 0.946903	 1.000000	 1.000000	 0.277902
-29	 0.980198	 1.000000	 1.000000	 0.449436
-24	 0.971429	 1.000000	 1.000000	 0.569929
-25	 0.953846	 1.000000	 1.000000	 0.644582
-29	 0.969697	 1.000000	 1.000000	 0.755320
-32	 0.982405	 1.000000	 1.000000	 0.990491
-31	 0.975904	 1.000000	 1.000000	 1.275778
-33	 0.976923	 1.000000	 1.000000	 1.469906
-31	 0.967213	 1.000000	 1.000000	 1.571815
-31	 0.965517	 1.000000	 1.000000	 1.671713
-35	 0.976000	 1.000000	 1.000000	 1.813962
-35	 0.980609	 1.000000	 1.000000	 2.012538
-40	 0.949153	 1.000000	 1.000000	 2.081904
-42	 0.954198	 1.000000	 1.000000	 2.158193
-39	 0.986547	 1.000000	 1.000000	 2.412686
-45	 0.981707	 1.000000	 1.000000	 2.599119
-41	 0.981308	 1.000000	 1.000000	 2.783754
-46	 0.985981	 1.000000	 1.000000	 3.024425
-50	 0.980392	 1.000000	 1.000000	 3.198206
-43	 0.978495	 1.000000	 1.000000	 3.353557
-49	 0.977273	 1.000000	 1.000000	 3.500911
-47	 0.967033	 1.000000	 1.000000	 3.604129
-47	 0.977612	 1.000000	 1.000000	 3.753927
-44	 0.986813	 1.000000	 1.000000	 3.998882
-52	 0.978723	 1.000000	 1.000000	 4.155402
-51	 0.951219	 1.000000	 1.000000	 4.226217
-47	 0.979167	 1.000000	 1.000000	 4.389568
-47	 0.980892	 1.000000	 1.000000	 4.561838
-46	 0.980392	 1.000000	 1.000000	 4.731403
-51	 0.985185	 1.000000	 1.000000	 4.954395
-48	 0.936170	 1.000000	 1.000000	 5.008959
-47	 0.965714	 1.000000	 1.000000	 5.109079
-47	 0.965318	 1.000000	 1.000000	 5.207363
-48	 0.979167	 1.000000	 1.000000	 5.368993
-49	 0.968912	 1.000000	 1.000000	 5.475029
-48	 0.970732	 1.000000	 1.000000	 5.590458
-47	 0.982196	 1.000000	 1.000000	 5.777514
-45	 0.974895	 1.000000	 1.000000	 5.912122
-46	 0.957143	 1.000000	 1.000000	 5.992047
-49	 0.976190	 1.000000	 1.000000	 6.133680
-52	 0.991150	 1.000000	 1.000000	 6.507334
-52	 0.972350	 1.000000	 1.000000	 6.629557
-51	 0.982906	 1.000000	 1.000000	 6.825176
-51	 0.983133	 1.000000	 1.000000	 7.056967
-54	 0.977848	 1.000000	 1.000000	 7.234207
-52	 0.950820	 1.000000	 1.000000	 7.303148
-53	 0.969543	 1.000000	 1.000000	 7.415212
-52	 0.975510	 1.000000	 1.000000	 7.551710
-53	 0.980519	 1.000000	 1.000000	 7.727451
-49	 0.967742	 1.000000	 1.000000	 7.829522
-53	 0.982036	 1.000000	 1.000000	 8.014997
-54	 0.968254	 1.000000	 1.000000	 8.125141
-59	 0.981818	 1.000000	 1.000000	 8.310470
-55	 0.987368	 1.000000	 1.000000	 8.579856
-55	 0.977612	 1.000000	 1.000000	 8.734973
-56	 0.980263	 1.000000	 1.000000	 8.913094
-61	 0.965116	 1.000000	 1.000000	 9.012650
-60	 0.968421	 1.000000	 1.000000	 9.122657
-58	 0.982507	 1.000000	 1.000000	 9.312707
-59	 0.961538	 1.000000	 1.000000	 9.403137
-62	 0.957143	 1.000000	 1.000000	 9.485017
-61	 0.975708	 1.000000	 1.000000	 9.637047
-61	 0.977444	 1.000000	 1.000000	 9.789146
-62	 0.980132	 1.000000	 1.000000	 9.961149
-62	 0.978648	 1.000000	 1.000000	 10.120018
-62	 0.981651	 1.000000	 1.000000	 10.308968
-57	 0.942308	 1.000000	 1.000000	 10.369970
-63	 0.970443	 1.000000	 1.000000	 10.487275
-66	 0.941176	 1.000000	 1.000000	 10.549094
-63	 0.960526	 1.000000	 1.000000	 10.635746
-65	 0.965116	 1.000000	 1.000000	 10.734190
-61	 0.979239	 1.000000	 1.000000	 10.898583
-62	 0.960526	 1.000000	 1.000000	 10.987221
-58	 0.969231	 1.000000	 1.000000	 11.101766
-62	 0.986333	 1.000000	 1.000000	 11.355055
-62	 0.956204	 1.000000	 1.000000	 11.435435
-64	 0.983193	 1.000000	 1.000000	 11.638484
-67	 0.964497	 1.000000	 1.000000	 11.736687
-77	 0.975610	 1.000000	 1.000000	 11.881300
-73	 0.979933	 1.000000	 1.000000	 12.054126
-75	 0.963636	 0.672727	 0.747664	 12.974068
-71	 0.973568	 1.000000	 1.000000	 13.106387
-74	 0.956835	 1.000000	 1.000000	 13.197079
-71	 0.968912	 1.000000	 1.000000	 13.312087
-69	 0.959459	 1.000000	 1.000000	 13.409612
-72	 0.947826	 1.000000	 1.000000	 13.477491
-70	 0.936170	 1.000000	 1.000000	 13.533793
-72	 0.959459	 1.000000	 1.000000	 13.620597
-70	 0.932584	 1.000000	 1.000000	 13.704202
-72	 0.962025	 1.000000	 1.000000	 13.796804
-71	 0.952756	 1.000000	 1.000000	 13.871151
-71	 0.983379	 1.000000	 1.000000	 14.072508
-74	 0.968912	 1.000000	 1.000000	 14.185639
-72	 0.922078	 1.000000	 1.000000	 14.233064
-76	 0.959732	 1.000000	 1.000000	 14.316548
-75	 0.966292	 1.000000	 1.000000	 14.420771
-74	 0.971292	 1.000000	 1.000000	 14.542627
-76	 0.966851	 1.000000	 1.000000	 14.647046
-75	 0.975510	 1.000000	 1.000000	 14.788813
-78	 0.970874	 1.000000	 1.000000	 14.920532
-74	 0.964072	 1.000000	 1.000000	 15.019291
-72	 0.975904	 1.000000	 1.000000	 15.165493
-69	 0.978339	 1.000000	 1.000000	 15.321574
-74	 0.952381	 1.000000	 1.000000	 15.402923
-71	 0.970339	 1.000000	 1.000000	 15.538057
-73	 0.936842	 1.000000	 1.000000	 15.594251
-76	 0.956835	 1.000000	 1.000000	 15.683207
-78	 0.943925	 1.000000	 1.000000	 15.747136
-74	 0.929412	 1.000000	 1.000000	 15.797673
-80	 0.952000	 1.000000	 1.000000	 15.873088
-79	 0.333333	 1.000000	 1.000000	 15.903070
-78	 0.973684	 1.000000	 1.000000	 16.037920
-77	 0.940000	 1.000000	 1.000000	 16.099155
-76	 0.953488	 1.000000	 1.000000	 16.176115
-77	 0.946903	 1.000000	 1.000000	 16.244160
-77	 0.952381	 1.000000	 1.000000	 16.336134
-76	 0.872340	 1.000000	 1.000000	 16.365404
-80	 0.888889	 1.000000	 1.000000	 16.421190
-78	 0.937500	 1.000000	 1.000000	 16.477913
-78	 0.869565	 1.000000	 1.000000	 16.513075
-78	 0.829268	 1.000000	 1.000000	 16.551085
-78	 0.894737	 1.000000	 1.000000	 16.593426
-80	 0.909091	 1.000000	 1.000000	 16.636446
-81	 0.793103	 1.000000	 1.000000	 16.666094
-80	 0.967568	 1.000000	 1.000000	 16.776766
-79	 0.953846	 1.000000	 1.000000	 16.867983
-78	 0.882353	 1.000000	 1.000000	 16.901356
-78	 0.853659	 1.000000	 1.000000	 16.950125
-78	 0.950413	 1.000000	 1.000000	 17.032864
-78	 0.949580	 1.000000	 1.000000	 17.112907
-77	 0.967033	 1.000000	 1.000000	 17.215334
-72	 0.956835	 1.000000	 1.000000	 17.295151
-71	 0.963415	 1.000000	 1.000000	 17.392923
-73	 0.954198	 1.000000	 1.000000	 17.474909
-73	 0.960265	 1.000000	 1.000000	 17.566479
-74	 0.965347	 1.000000	 1.000000	 17.700468
-74	 0.952381	 1.000000	 1.000000	 17.792467
-73	 0.984810	 1.000000	 1.000000	 18.008644
-73	 0.916667	 1.000000	 1.000000	 18.052139
-71	 0.971564	 1.000000	 1.000000	 18.174379
-69	 0.962264	 1.000000	 1.000000	 18.267641
-73	 0.934066	 1.000000	 1.000000	 18.322514
-73	 0.942308	 1.000000	 1.000000	 18.385185
-72	 0.955224	 1.000000	 1.000000	 18.463125
-71	 0.974026	 1.000000	 1.000000	 18.597219
-74	 0.976190	 1.000000	 1.000000	 18.741678
-71	 0.973451	 1.000000	 1.000000	 18.872938
-72	 0.981481	 1.000000	 1.000000	 19.058519
-70	 0.976000	 1.000000	 1.000000	 19.201277
-66	 0.964072	 1.000000	 1.000000	 19.297516
-67	 0.977612	 1.000000	 1.000000	 19.449984
-71	 0.952381	 1.000000	 1.000000	 19.523232
-66	 0.973451	 1.000000	 1.000000	 19.652212
-65	 0.976000	 1.000000	 1.000000	 19.792519
-62	 0.975610	 1.000000	 1.000000	 19.932089
-64	 0.980645	 1.000000	 1.000000	 20.110228
-67	 0.961039	 1.000000	 1.000000	 20.200455
-66	 0.979021	 1.000000	 1.000000	 20.360682
-69	 0.976378	 1.000000	 1.000000	 20.504372
-63	 0.982709	 1.000000	 1.000000	 20.701838
-62	 0.974026	 1.000000	 1.000000	 20.833105
-58	 0.976562	 1.000000	 1.000000	 20.979959
-58	 0.981132	 1.000000	 1.000000	 21.164448
-54	 0.947368	 1.000000	 1.000000	 21.230942
-59	 0.973568	 1.000000	 1.000000	 21.360624
-59	 0.975610	 1.000000	 1.000000	 21.500832
-57	 0.979933	 1.000000	 1.000000	 21.668423
-53	 0.966480	 1.000000	 1.000000	 21.771696
-57	 0.961538	 1.000000	 1.000000	 21.860334
-54	 0.960227	 1.000000	 1.000000	 21.961554
-57	 0.984456	 1.000000	 1.000000	 22.178377
-55	 0.970297	 1.000000	 1.000000	 22.292988
-55	 0.967033	 1.000000	 1.000000	 22.399628
-51	 0.973094	 1.000000	 1.000000	 22.528828
-56	 0.949580	 1.000000	 1.000000	 22.600040
-51	 0.967568	 1.000000	 1.000000	 22.708748
-51	 0.968421	 1.000000	 1.000000	 22.816570
-51	 0.977941	 1.000000	 1.000000	 22.972525
-52	 0.977049	 1.000000	 1.000000	 23.147268
-56	 0.981366	 1.000000	 1.000000	 23.331131
-55	 0.952096	 1.000000	 1.000000	 23.429438
-52	 0.979167	 1.000000	 1.000000	 23.593605
-55	 0.965909	 1.000000	 1.000000	 23.694685
-54	 0.958904	 1.000000	 1.000000	 23.791464
-56	 0.962264	 1.000000	 1.000000	 23.882769
-58	 0.979933	 1.000000	 1.000000	 24.051373
-59	 0.967033	 1.000000	 1.000000	 24.156321
-66	 0.980392	 1.000000	 1.000000	 24.333986
-65	 0.974684	 1.000000	 1.000000	 24.471262
-67	 0.974684	 1.000000	 1.000000	 24.609764
-72	 0.969697	 1.000000	 1.000000	 24.724884
-64	 0.973333	 1.000000	 1.000000	 24.852104
-64	 0.940594	 1.000000	 1.000000	 24.911526
-67	 0.970874	 1.000000	 1.000000	 25.030109
-70	 0.975309	 1.000000	 1.000000	 25.169828
-73	 0.943396	 1.000000	 1.000000	 25.233988
-74	 0.962733	 1.000000	 1.000000	 25.328207
-71	 0.967213	 1.000000	 1.000000	 25.438814
-70	 0.969697	 1.000000	 1.000000	 25.550018
-66	 0.964072	 1.000000	 1.000000	 25.648739
-71	 0.975089	 1.000000	 1.000000	 25.808729
-70	 0.981308	 1.000000	 1.000000	 25.991522
-74	 0.979381	 1.000000	 1.000000	 26.161726
-74	 0.955882	 1.000000	 1.000000	 26.243925
-70	 0.966480	 1.000000	 1.000000	 26.345205
-74	 0.988827	 1.000000	 1.000000	 26.650505
-70	 0.938144	 1.000000	 1.000000	 26.708448
-76	 0.976834	 1.000000	 1.000000	 26.857716
-75	 0.981424	 1.000000	 1.000000	 27.039488
-71	 0.981595	 1.000000	 1.000000	 27.225561
-73	 0.948276	 1.000000	 1.000000	 27.299356
-71	 0.961039	 1.000000	 1.000000	 27.389175
-72	 0.975309	 1.000000	 1.000000	 27.528229
-73	 0.957447	 1.000000	 1.000000	 27.609674
-73	 0.946429	 1.000000	 1.000000	 27.675430
-68	 0.947368	 1.000000	 1.000000	 27.743906
-77	 0.977612	 1.000000	 1.000000	 27.896845
-75	 0.967033	 1.000000	 1.000000	 28.001293
-74	 0.954198	 1.000000	 1.000000	 28.077810
-73	 0.938144	 1.000000	 1.000000	 28.134911
-76	 0.973568	 1.000000	 1.000000	 28.264584
-73	 0.970000	 1.000000	 1.000000	 28.638382
-74	 0.976654	 1.000000	 1.000000	 28.790333
-75	 0.954887	 1.000000	 1.000000	 28.868238
-78	 0.959064	 1.000000	 1.000000	 28.969061
-75	 0.967136	 1.000000	 1.000000	 29.092611
-77	 0.962733	 1.000000	 1.000000	 29.185984
-78	 0.960265	 1.000000	 1.000000	 29.277355
-77	 0.870968	 1.000000	 1.000000	 29.321053
-76	 0.943925	 1.000000	 1.000000	 29.397749
-74	 0.932584	 1.000000	 1.000000	 29.472773
-79	 0.940594	 1.000000	 1.000000	 29.534534
-77	 0.966292	 1.000000	 1.000000	 29.645250
-78	 0.952381	 1.000000	 1.000000	 29.731876
-75	 0.960000	 1.000000	 1.000000	 29.820482
-75	 0.916667	 1.000000	 1.000000	 29.864557
-76	 0.958904	 1.000000	 1.000000	 29.950529
-78	 0.971326	 1.000000	 1.000000	 30.113113
-79	 0.769231	 1.000000	 1.000000	 30.145735
-77	 0.708333	 1.000000	 1.000000	 30.184341
-77	 0.972727	 1.000000	 1.000000	 30.316153
-79	 0.924051	 1.000000	 1.000000	 30.370255
-78	 0.827586	 1.000000	 1.000000	 30.435671
-76	 0.918605	 1.000000	 1.000000	 30.488848
-78	 0.914286	 1.000000	 1.000000	 30.533253
-76	 0.953125	 1.000000	 1.000000	 30.608442
-75	 0.901639	 1.000000	 1.000000	 30.667074
-79	 0.925926	 1.000000	 1.000000	 30.738861
-75	 0.600000	 1.000000	 -nan	 30.769855
-77	 0.892857	 1.000000	 1.000000	 30.803444
-74	 0.956835	 1.000000	 1.000000	 30.885502
-77	 0.850000	 1.000000	 1.000000	 30.937271
-75	 0.960000	 1.000000	 1.000000	 31.032919
-78	 0.936170	 1.000000	 1.000000	 31.091690
-75	 0.888889	 1.000000	 1.000000	 31.130356
-75	 0.250000	 1.000000	 1.000000	 31.165201
-77	 0.929412	 1.000000	 1.000000	 31.218456
-79	 0.942857	 1.000000	 1.000000	 31.282068
-76	 0.769231	 1.000000	 1.000000	 31.321028
-77	 0.907692	 1.000000	 1.000000	 31.360529
-80	 0.946903	 1.000000	 1.000000	 31.446140
-78	 0.000000	 1.000000	 -nan	 31.486435
-77	 0.930000	 1.000000	 1.000000	 31.569014
-78	 0.250000	 1.000000	 1.000000	 31.577049
-78	 0.898305	 1.000000	 1.000000	 31.613722
-77	 0.806452	 1.000000	 1.000000	 31.637062
-79	 0.955556	 1.000000	 1.000000	 31.717045
-80	 0.000000	 1.000000	 1.000000	 31.723766
-81	 0.000000	 1.000000	 1.000000	 31.765587
-77	 0.000000	 1.000000	 1.000000	 31.799442
-77	 0.000000	 1.000000	 1.000000	 31.813953
-77	 0.000000	 1.000000	 1.000000	 31.849953
-80	 0.166667	 1.000000	 1.000000	 31.887552
-80	 0.000000	 1.000000	 1.000000	 31.927526
-77	 0.000000	 1.000000	 1.000000	 31.970890
-80	 0.250000	 1.000000	 1.000000	 32.007023
-76	 0.909091	 1.000000	 1.000000	 32.049328
-78	 0.000000	 1.000000	 1.000000	 32.061359
-79	 0.000000	 1.000000	 1.000000	 32.068241
-79	 0.000000	 1.000000	 1.000000	 32.078732
-80	 0.000000	 1.000000	 1.000000	 32.085976
-79	 0.000000	 1.000000	 1.000000	 32.094254
-79	 0.000000	 1.000000	 1.000000	 32.101627
-80	 0.000000	 1.000000	 1.000000	 32.112190
-78	 0.000000	 1.000000	 1.000000	 32.140976
-77	 0.000000	 1.000000	 1.000000	 32.148987
-77	 0.000000	 1.000000	 1.000000	 32.156960
-78	 0.000000	 1.000000	 1.000000	 32.171196
-79	 0.000000	 1.000000	 1.000000	 32.180992
-82	 0.000000	 1.000000	 1.000000	 32.201267
-80	 0.000000	 1.000000	 1.000000	 32.234810
-81	 0.000000	 1.000000	 1.000000	 32.243221
-80	 0.000000	 1.000000	 1.000000	 32.254478
-79	 0.000000	 1.000000	 1.000000	 32.261738
-78	 0.000000	 1.000000	 1.000000	 32.276100
-79	 0.000000	 1.000000	 1.000000	 32.284092
-80	 0.000000	 1.000000	 1.000000	 32.300961
-81	 0.000000	 1.000000	 1.000000	 32.324104
-81	 0.000000	 1.000000	 1.000000	 32.372955
-79	 0.000000	 1.000000	 1.000000	 32.393475
-80	 0.000000	 1.000000	 1.000000	 32.402878
-78	 0.000000	 1.000000	 1.000000	 32.412388
-81	 0.000000	 1.000000	 1.000000	 32.434151
-79	 0.000000	 1.000000	 1.000000	 32.443867
-79	 0.739130	 1.000000	 1.000000	 32.460388
-80	 0.921053	 1.000000	 1.000000	 32.508034
-80	 0.222222	 1.000000	 1.000000	 32.516937
-80	 0.000000	 1.000000	 1.000000	 32.524685
-79	 0.000000	 1.000000	 1.000000	 32.534252
-80	 0.000000	 1.000000	 1.000000	 32.562847
-81	 0.000000	 1.000000	 1.000000	 32.593166
-80	 0.000000	 1.000000	 1.000000	 32.599998
-79	 0.000000	 1.000000	 1.000000	 32.616459
-80	 0.000000	 1.000000	 1.000000	 32.623219
-80	 0.000000	 1.000000	 1.000000	 32.632938
-80	 0.000000	 1.000000	 1.000000	 32.645172
-79	 0.000000	 1.000000	 1.000000	 32.652706
-80	 0.000000	 1.000000	 1.000000	 32.660690
-79	 0.000000	 1.000000	 1.000000	 32.668522
-79	 0.142857	 1.000000	 1.000000	 32.676552
-80	 0.125000	 1.000000	 1.000000	 32.684963
-80	 0.142857	 1.000000	 1.000000	 32.693123
-81	 0.000000	 1.000000	 1.000000	 32.704556
-81	 0.000000	 1.000000	 1.000000	 32.713203
-81	 0.000000	 1.000000	 1.000000	 32.724220
-81	 0.000000	 1.000000	 1.000000	 32.737133
-82	 0.000000	 1.000000	 1.000000	 32.744190
-81	 0.000000	 1.000000	 1.000000	 32.752121
-81	 0.000000	 1.000000	 1.000000	 32.786572
-82	 0.000000	 1.000000	 1.000000	 32.831249
-78	 0.000000	 1.000000	 1.000000	 32.872849
-80	 0.000000	 1.000000	 1.000000	 32.889477
-79	 0.000000	 1.000000	 1.000000	 32.908169
-80	 0.000000	 1.000000	 1.000000	 32.935352
-81	 0.000000	 1.000000	 1.000000	 32.979156
-81	 0.000000	 1.000000	 1.000000	 33.020069
-81	 0.000000	 1.000000	 1.000000	 33.041412
-81	 0.000000	 1.000000	 1.000000	 33.062195
-81	 0.000000	 1.000000	 1.000000	 33.109352
-83	 0.000000	 1.000000	 1.000000	 33.155987
-83	 0.000000	 1.000000	 1.000000	 33.204124
-82	 0.000000	 1.000000	 1.000000	 33.229660
-85	 0.000000	 1.000000	 1.000000	 33.281075
-84	 0.000000	 1.000000	 1.000000	 33.330887
-84	 0.000000	 1.000000	 1.000000	 33.382820
-82	 0.000000	 1.000000	 1.000000	 33.424774
-81	 0.000000	 1.000000	 1.000000	 33.445408
-81	 0.000000	 1.000000	 1.000000	 33.464890
-80	 0.000000	 1.000000	 1.000000	 33.480682
-82	 0.000000	 1.000000	 1.000000	 33.496929
-81	 0.000000	 1.000000	 1.000000	 33.513191
-81	 0.000000	 1.000000	 1.000000	 33.529911
-81	 0.000000	 1.000000	 1.000000	 33.546345
-81	 0.000000	 1.000000	 1.000000	 33.564800
-80	 0.000000	 1.000000	 1.000000	 33.585308
-81	 0.000000	 1.000000	 1.000000	 33.601673
-81	 0.000000	 1.000000	 1.000000	 33.620693
-81	 0.000000	 1.000000	 1.000000	 33.636379
-80	 0.000000	 1.000000	 1.000000	 33.653801
-81	 0.000000	 1.000000	 1.000000	 33.670643
-77	 0.000000	 1.000000	 1.000000	 33.685719
-80	 0.000000	 1.000000	 1.000000	 33.701736
-80	 0.000000	 1.000000	 1.000000	 33.717632
-79	 0.000000	 1.000000	 1.000000	 33.736603
-79	 0.000000	 1.000000	 1.000000	 33.753544
-80	 0.000000	 1.000000	 1.000000	 33.770935
-80	 0.000000	 1.000000	 1.000000	 33.787937
-80	 0.000000	 1.000000	 1.000000	 33.803799
-82	 0.000000	 1.000000	 1.000000	 33.820511
-81	 0.000000	 1.000000	 1.000000	 33.837124
-81	 0.000000	 1.000000	 1.000000	 33.860432
-81	 0.000000	 1.000000	 1.000000	 33.877068
-78	 0.000000	 1.000000	 1.000000	 33.903385
-78	 0.000000	 1.000000	 -nan	 33.917099
-81	 0.000000	 1.000000	 1.000000	 33.932796
-80	 0.000000	 1.000000	 1.000000	 33.963955
-80	 0.000000	 1.000000	 1.000000	 33.979649
-80	 0.000000	 1.000000	 1.000000	 33.996670
-80	 0.000000	 1.000000	 1.000000	 34.012386
-79	 0.000000	 1.000000	 1.000000	 34.028736
-79	 0.000000	 1.000000	 1.000000	 34.045399
-79	 0.000000	 1.000000	 1.000000	 34.061195
-80	 0.000000	 1.000000	 1.000000	 34.077957
-81	 0.000000	 1.000000	 1.000000	 34.104507
-80	 0.000000	 1.000000	 1.000000	 34.121025
-80	 0.000000	 1.000000	 1.000000	 34.137577
-81	 0.000000	 1.000000	 1.000000	 34.157146
-80	 0.000000	 1.000000	 1.000000	 34.178059
-79	 0.000000	 1.000000	 1.000000	 34.196087
-80	 0.000000	 1.000000	 1.000000	 34.211720
-80	 0.000000	 1.000000	 1.000000	 34.228931
-82	 0.000000	 1.000000	 1.000000	 34.248192
-81	 0.000000	 1.000000	 1.000000	 34.265213
-82	 0.000000	 1.000000	 1.000000	 34.281277
-83	 0.000000	 1.000000	 1.000000	 34.308414
-82	 0.000000	 1.000000	 1.000000	 34.331211
-84	 0.000000	 1.000000	 1.000000	 34.348804
-83	 0.000000	 1.000000	 1.000000	 34.365566
-83	 0.000000	 1.000000	 1.000000	 34.385635
-81	 0.000000	 1.000000	 1.000000	 34.400593
-83	 0.000000	 1.000000	 1.000000	 34.417843
-82	 0.000000	 1.000000	 1.000000	 34.436745
-81	 0.000000	 1.000000	 1.000000	 34.451889
-81	 0.000000	 1.000000	 1.000000	 34.468048
-81	 0.000000	 1.000000	 1.000000	 34.484188
-81	 0.000000	 1.000000	 1.000000	 34.500584
-81	 0.000000	 1.000000	 1.000000	 34.517296
-80	 0.000000	 1.000000	 1.000000	 34.542828
-80	 0.000000	 1.000000	 1.000000	 34.558971
-81	 0.142857	 1.000000	 1.000000	 34.575027
-80	 0.000000	 1.000000	 1.000000	 34.590931
-81	 0.000000	 1.000000	 1.000000	 34.609924
-82	 0.000000	 1.000000	 1.000000	 34.626198
-83	 0.000000	 1.000000	 1.000000	 34.643162
-83	 0.000000	 1.000000	 -nan	 34.658749
-83	 0.000000	 1.000000	 -nan	 34.676090
-80	 0.000000	 1.000000	 1.000000	 34.692989
-78	 0.000000	 1.000000	 1.000000	 34.712444
-78	 0.000000	 1.000000	 1.000000	 34.733387
-79	 0.000000	 1.000000	 1.000000	 34.748924
-80	 0.000000	 1.000000	 1.000000	 34.766121
-81	 0.000000	 1.000000	 1.000000	 34.784981
-82	 0.000000	 1.000000	 1.000000	 34.803574
-83	 0.000000	 1.000000	 1.000000	 34.825481
-83	 0.000000	 1.000000	 -nan	 34.841366
-83	 0.000000	 1.000000	 1.000000	 34.858345
-81	 0.000000	 1.000000	 1.000000	 34.875042
-82	 0.000000	 1.000000	 1.000000	 34.893475
-82	 0.000000	 1.000000	 1.000000	 34.913235
-82	 0.000000	 1.000000	 1.000000	 34.929985
-83	 0.000000	 1.000000	 1.000000	 34.948498
-83	 0.000000	 1.000000	 -nan	 34.964561
-83	 0.000000	 1.000000	 -nan	 34.983528
-84	 0.000000	 1.000000	 1.000000	 35.004971
-84	 0.000000	 1.000000	 1.000000	 35.027111
-82	 0.000000	 1.000000	 1.000000	 35.048946
-81	 0.000000	 1.000000	 1.000000	 35.065716
-83	 0.000000	 1.000000	 1.000000	 35.082092
-83	 0.000000	 1.000000	 1.000000	 35.108631
-83	 0.000000	 1.000000	 1.000000	 35.125473
-82	 0.000000	 1.000000	 1.000000	 35.141857
-81	 0.000000	 1.000000	 1.000000	 35.157646
-80	 0.000000	 1.000000	 1.000000	 35.173813
-81	 0.000000	 1.000000	 1.000000	 35.190411
-81	 0.000000	 1.000000	 1.000000	 35.208645
-81	 0.000000	 1.000000	 1.000000	 35.223850
-83	 0.000000	 1.000000	 1.000000	 35.241001
-84	 0.000000	 1.000000	 1.000000	 35.264874
-84	 0.000000	 1.000000	 1.000000	 35.279091
-84	 0.000000	 1.000000	 1.000000	 35.296799
-86	 0.000000	 1.000000	 1.000000	 35.316647
-85	 0.000000	 1.000000	 1.000000	 35.337135
-85	 0.000000	 1.000000	 1.000000	 35.356804
-85	 0.000000	 1.000000	 -nan	 35.373711
-85	 0.000000	 1.000000	 1.000000	 35.393490
-86	 0.000000	 1.000000	 1.000000	 35.408863
-85	 0.000000	 1.000000	 1.000000	 35.425884
-83	 0.000000	 1.000000	 1.000000	 35.447495
-84	 0.000000	 1.000000	 1.000000	 35.464169
-84	 0.000000	 1.000000	 1.000000	 35.480984
-83	 0.000000	 1.000000	 1.000000	 35.499680
-82	 0.000000	 1.000000	 1.000000	 35.516960
-82	 0.000000	 1.000000	 1.000000	 35.535130
-81	 0.000000	 1.000000	 1.000000	 35.553097
-82	 0.000000	 1.000000	 1.000000	 35.572670
-84	 0.000000	 1.000000	 1.000000	 35.596439
-84	 0.000000	 1.000000	 1.000000	 35.617020
-83	 0.000000	 1.000000	 1.000000	 35.634247
-82	 0.000000	 1.000000	 1.000000	 35.657078
-80	 0.000000	 1.000000	 1.000000	 35.672050
-81	 0.000000	 1.000000	 1.000000	 35.688095
-80	 0.000000	 1.000000	 1.000000	 35.704498
-81	 0.000000	 1.000000	 1.000000	 35.724743
-80	 0.000000	 1.000000	 1.000000	 35.739441
-80	 0.000000	 1.000000	 1.000000	 35.757050
-81	 0.000000	 1.000000	 1.000000	 35.773991
-80	 0.000000	 1.000000	 1.000000	 35.791233
-81	 0.000000	 1.000000	 1.000000	 35.807137
-83	 0.000000	 1.000000	 1.000000	 35.825089
-83	 0.000000	 1.000000	 1.000000	 35.844486
-83	 0.000000	 1.000000	 1.000000	 35.872501
-82	 0.000000	 1.000000	 1.000000	 35.893970
-83	 0.000000	 1.000000	 1.000000	 35.912678
-83	 0.000000	 1.000000	 1.000000	 35.930309
-80	 0.000000	 1.000000	 1.000000	 35.946457
-85	 0.000000	 1.000000	 1.000000	 35.972610
-85	 0.000000	 1.000000	 1.000000	 35.989918
-86	 0.000000	 1.000000	 1.000000	 36.015881
-82	 0.000000	 1.000000	 1.000000	 36.040329
-81	 0.000000	 1.000000	 1.000000	 36.059170
-82	 0.000000	 1.000000	 1.000000	 36.085022
-81	 0.000000	 1.000000	 1.000000	 36.104862
-82	 0.000000	 1.000000	 1.000000	 36.120621
-85	 0.000000	 1.000000	 1.000000	 36.140064
-82	 0.000000	 1.000000	 1.000000	 36.156113
-81	 0.000000	 1.000000	 1.000000	 36.175301
-83	 0.000000	 1.000000	 1.000000	 36.192020
-83	 0.000000	 1.000000	 1.000000	 36.209053
-83	 0.000000	 1.000000	 1.000000	 36.224648
-82	 0.000000	 1.000000	 1.000000	 36.241203
-82	 0.000000	 1.000000	 1.000000	 36.268772
-83	 0.000000	 1.000000	 1.000000	 36.291821
-83	 0.000000	 1.000000	 1.000000	 36.311024
-83	 0.000000	 1.000000	 1.000000	 36.327656
-83	 0.000000	 1.000000	 1.000000	 36.351868
-84	 0.000000	 1.000000	 1.000000	 36.372578
-82	 0.000000	 1.000000	 1.000000	 36.390923
-82	 0.000000	 1.000000	 1.000000	 36.409077
-81	 0.000000	 1.000000	 1.000000	 36.429028
-82	 0.000000	 1.000000	 1.000000	 36.444942
-83	 0.000000	 1.000000	 1.000000	 36.468079
-83	 0.000000	 1.000000	 1.000000	 36.484707
-82	 0.000000	 1.000000	 1.000000	 36.503521
-81	 0.000000	 1.000000	 1.000000	 36.519375
-83	 0.000000	 1.000000	 1.000000	 36.543335
-82	 0.000000	 1.000000	 1.000000	 36.560764
-86	 0.000000	 1.000000	 1.000000	 36.581093
-84	 0.000000	 1.000000	 1.000000	 36.604649
-84	 0.000000	 1.000000	 1.000000	 36.622505
-83	 0.000000	 1.000000	 -nan	 36.641006
-82	 0.000000	 1.000000	 1.000000	 36.663944
-83	 0.000000	 1.000000	 1.000000	 36.685993
-84	 0.000000	 1.000000	 1.000000	 36.704670
-84	 0.000000	 1.000000	 1.000000	 36.725822
-84	 0.000000	 1.000000	 1.000000	 36.743279
-82	 0.000000	 1.000000	 -nan	 36.765945
-84	 0.000000	 1.000000	 1.000000	 36.789753
-82	 0.000000	 1.000000	 1.000000	 36.809032
-82	 0.000000	 1.000000	 1.000000	 36.826206
-82	 0.000000	 1.000000	 1.000000	 36.841492
-84	 0.000000	 1.000000	 1.000000	 36.867352
-83	 0.000000	 1.000000	 1.000000	 36.883118
-84	 0.000000	 1.000000	 1.000000	 36.899731
-84	 0.000000	 1.000000	 1.000000	 36.921070
-84	 0.000000	 1.000000	 1.000000	 36.938202
-84	 0.000000	 1.000000	 1.000000	 36.957668
-84	 0.000000	 1.000000	 1.000000	 36.974426
-84	 0.000000	 1.000000	 1.000000	 36.997047
-85	 0.000000	 1.000000	 1.000000	 37.017113
-85	 0.000000	 1.000000	 1.000000	 37.038162
-82	 0.000000	 1.000000	 1.000000	 37.059536
-82	 0.000000	 1.000000	 1.000000	 37.079590
-83	 0.000000	 1.000000	 1.000000	 37.095745
-83	 0.000000	 1.000000	 1.000000	 37.118820
-83	 0.000000	 1.000000	 1.000000	 37.133057
-82	 0.000000	 1.000000	 1.000000	 37.157143
-82	 0.000000	 1.000000	 1.000000	 37.177162
-83	 0.000000	 1.000000	 1.000000	 37.195366
-83	 0.000000	 1.000000	 1.000000	 37.212669
-82	 0.000000	 1.000000	 1.000000	 37.241894
-82	 0.000000	 1.000000	 1.000000	 37.258717
-83	 0.000000	 1.000000	 1.000000	 37.277779
-81	 0.000000	 1.000000	 1.000000	 37.294880
-81	 0.000000	 1.000000	 1.000000	 37.311501
-81	 0.000000	 1.000000	 1.000000	 37.330009
-84	 0.000000	 1.000000	 1.000000	 37.352871
-80	 0.000000	 1.000000	 -nan	 37.373058
-80	 0.000000	 1.000000	 -nan	 37.390686
-82	 0.000000	 1.000000	 1.000000	 37.409328
-82	 0.000000	 1.000000	 1.000000	 37.434517
-83	 0.000000	 1.000000	 1.000000	 37.454128
-80	 0.000000	 1.000000	 1.000000	 37.471802
-82	 0.000000	 1.000000	 1.000000	 37.490143
-82	 0.000000	 1.000000	 1.000000	 37.507256
-82	 0.000000	 1.000000	 1.000000	 37.525696
-82	 0.000000	 1.000000	 1.000000	 37.545219
-81	 0.000000	 1.000000	 1.000000	 37.564892
-82	 0.000000	 1.000000	 1.000000	 37.581654
-81	 0.000000	 1.000000	 1.000000	 37.604816
-82	 0.000000	 1.000000	 1.000000	 37.624977
-82	 0.000000	 1.000000	 1.000000	 37.646255
-82	 0.000000	 1.000000	 1.000000	 37.665047
-82	 0.000000	 1.000000	 1.000000	 37.681938
-82	 0.000000	 1.000000	 1.000000	 37.698254
-82	 0.000000	 1.000000	 1.000000	 37.717159
-84	 0.000000	 1.000000	 1.000000	 37.733810
-83	 0.000000	 1.000000	 1.000000	 37.751862
-85	 0.000000	 1.000000	 1.000000	 37.770596
-84	 0.000000	 1.000000	 1.000000	 37.792843
-83	 0.000000	 1.000000	 1.000000	 37.815887
-82	 0.000000	 1.000000	 1.000000	 37.832542
-82	 0.000000	 1.000000	 1.000000	 37.856922
-83	 0.000000	 1.000000	 1.000000	 37.877007
-82	 0.000000	 1.000000	 1.000000	 37.894917
-82	 0.000000	 1.000000	 1.000000	 37.917690
-81	 0.000000	 1.000000	 1.000000	 37.933495
-81	 0.000000	 1.000000	 1.000000	 37.949280
-82	 0.000000	 1.000000	 1.000000	 37.969948
-83	 0.000000	 1.000000	 1.000000	 37.988602
-84	 0.000000	 1.000000	 1.000000	 38.008663
-84	 0.000000	 1.000000	 1.000000	 38.027542
-84	 0.000000	 1.000000	 1.000000	 38.052639
-84	 0.000000	 1.000000	 1.000000	 38.076691
-82	 0.000000	 1.000000	 1.000000	 38.093193
-83	 0.000000	 1.000000	 1.000000	 38.110794
-84	 0.000000	 1.000000	 1.000000	 38.129333
-83	 0.000000	 1.000000	 1.000000	 38.151085
-85	 0.000000	 1.000000	 1.000000	 38.177471
-83	 0.000000	 1.000000	 1.000000	 38.196522
-82	 0.000000	 1.000000	 1.000000	 38.212555
-82	 0.000000	 1.000000	 1.000000	 38.231224
-82	 0.000000	 1.000000	 1.000000	 38.250652
-83	 0.000000	 1.000000	 1.000000	 38.266457
-81	 0.000000	 1.000000	 1.000000	 38.292278
-83	 0.000000	 1.000000	 1.000000	 38.307102
-84	 0.000000	 1.000000	 1.000000	 38.324097
-84	 0.000000	 1.000000	 1.000000	 38.341957
-84	 0.000000	 1.000000	 1.000000	 38.360973
-85	 0.000000	 1.000000	 1.000000	 38.377232
-85	 0.000000	 1.000000	 1.000000	 38.394199
-85	 0.000000	 1.000000	 1.000000	 38.411800
-85	 0.000000	 1.000000	 1.000000	 38.430214
-85	 0.000000	 1.000000	 1.000000	 38.447193
-83	 0.000000	 1.000000	 1.000000	 38.468906
-84	 0.000000	 1.000000	 1.000000	 38.484512
-84	 0.000000	 1.000000	 1.000000	 38.501610
-81	 0.000000	 1.000000	 1.000000	 38.522266
-84	 0.000000	 1.000000	 1.000000	 38.541008
-84	 0.000000	 1.000000	 1.000000	 38.559315
-84	 0.000000	 1.000000	 1.000000	 38.575752
-84	 0.000000	 1.000000	 1.000000	 38.602982
-83	 0.000000	 1.000000	 1.000000	 38.619827
-83	 0.000000	 1.000000	 1.000000	 38.637119
-83	 0.000000	 1.000000	 1.000000	 38.654373
-83	 0.000000	 1.000000	 1.000000	 38.669926
-83	 0.000000	 1.000000	 1.000000	 38.689476
-84	 0.000000	 1.000000	 1.000000	 38.713814
-82	 0.000000	 1.000000	 1.000000	 38.732895
-82	 0.000000	 1.000000	 1.000000	 38.752644
-81	 0.000000	 1.000000	 1.000000	 38.777084
-82	 0.000000	 1.000000	 1.000000	 38.796200
-84	 0.000000	 1.000000	 1.000000	 38.816711
-84	 0.000000	 1.000000	 1.000000	 38.836967
-83	 0.000000	 1.000000	 1.000000	 38.857201
-84	 0.000000	 1.000000	 1.000000	 38.875744
-84	 0.000000	 1.000000	 -nan	 38.892605
-84	 0.000000	 1.000000	 1.000000	 38.977161
-84	 0.000000	 1.000000	 -nan	 39.083309
-84	 0.000000	 1.000000	 1.000000	 39.333496
-84	 0.000000	 1.000000	 -nan	 39.354622
-84	 0.000000	 1.000000	 -nan	 39.557102
-84	 0.000000	 1.000000	 -nan	 39.589066
-84	 0.000000	 1.000000	 -nan	 39.770329
-84	 0.142857	 1.000000	 1.000000	 39.801998
-84	 0.000000	 1.000000	 1.000000	 39.826389
-82	 0.000000	 1.000000	 1.000000	 39.849163
-83	 0.000000	 1.000000	 1.000000	 39.867352
-82	 0.000000	 1.000000	 1.000000	 39.884602
-82	 0.000000	 1.000000	 1.000000	 39.902676
-83	 0.000000	 1.000000	 1.000000	 39.920052
-83	 0.000000	 1.000000	 1.000000	 39.940731
-83	 0.000000	 1.000000	 1.000000	 39.960911
-83	 0.000000	 1.000000	 1.000000	 39.988979
-84	 0.000000	 1.000000	 1.000000	 40.035564
-84	 0.000000	 1.000000	 -nan	 40.104782
-84	 0.000000	 1.000000	 -nan	 40.134212
-84	 0.000000	 1.000000	 -nan	 40.161186
-84	 0.000000	 1.000000	 -nan	 40.179523
-82	 0.000000	 1.000000	 1.000000	 40.203674
-84	 0.000000	 1.000000	 1.000000	 40.259144
-84	 0.000000	 1.000000	 1.000000	 41.237110
-84	 0.000000	 -6.166667	 -16.333334	 44.668243
