HT20/SGI	 T	 MCS8	 12.3	95.5	 93.3	 42(	| 0.974895	 1.000000	 1.000000 |	-30	 0.950549
HT20/SGI	 T	 MCS8	 12.5	97.3	 97.8	 45(	| 0.971429	 1.000000	 1.000000 |	-66	 18.105692
HT20/SGI	 T	 MCS8	 12.6	97.6	 97.7	 43(	| 0.977444	 1.000000	 1.000000 |	-69	 18.726711
HT20/SGI	 T	 MCS8	 12.3	95.8	 97.7	 44(	| 0.967742	 1.000000	 1.000000 |	-63	 19.299931
HT20/SGI	 T	 MCS8	 12.4	96.7	 95.4	 42(	| 0.978102	 1.000000	 1.000000 |	-49	 20.599226
HT20/SGI	 T	 MCS8	 12.4	96.5	 95.4	 42(	| 0.958333	 1.000000	 1.000000 |	-51	 21.326674
HT20/SGI	 T	 MCS8	 12.4	96.4	 97.7	 44(	| 0.970732	 1.000000	 1.000000 |	-75	 28.976055
HT20/SGI	 T	 MCS8	 12.3	95.6	 95.4	 42(	| 0.964497	 1.000000	 1.000000 |	-80	 31.824640
HT20/SGI	 T	 MCS8	 12.4	96.3	 95.4	 42(	| 0.972350	 1.000000	 1.000000 |	-77	 34.737114
HT20/SGI	 T	 MCS8	 10.8	83.7	 45.9	 17(	| 0.700000	 1.000000	 1.000000 |	-78	 34.788982
HT20/SGI	 T	 MCS8	 9.4	72.9	 86.3	 38(	| 0.900000	 1.000000	 1.000000 |	-82	 35.315556
HT20/SGI	 T	 MCS8	 7.8	61.1	 53.6	 22(	| 0.793103	 1.000000	 1.000000 |	-81	 35.780067
HT20/SGI	 MCS8	 4.2	 32.8	37.5	 15(	 40)	| 0.400000	 1.000000	 1.000000 |	-80	 37.524269
HT20/SGI	 T	 MCS8	 8.8	68.5	 57.1	 24(	| 0.853659	 1.000000	 1.000000 |	-82	 39.461567
HT20/SGI	 MCS8	 1.5	 12.2	37.5	 6(	 16)	| 0.000000	 1.000000	 1.000000 |	-80	 42.212788
HT20/SGI	 MCS8	 0.0	 5.1	0.0	 0(	 14)	| 0.000000	 1.000000	 1.000000 |	-81	 42.371189
HT20/SGI	 MCS8	 0.0	 0.6	0.0	 0(	 14)	| 0.000000	 1.000000	 1.000000 |	-84	 42.739662
HT20/SGI	 MCS8	 0.0	 0.3	0.0	 0(	 15)	| 0.000000	 1.000000	 1.000000 |	-83	 42.841473
HT20/SGI	 MCS8	 0.0	 1.0	0.0	 0(	 13)	| 0.000000	 1.000000	 1.000000 |	-82	 43.156727
HT20/SGI	 T	 MCS8	 9.4	73.0	 79.9	 24(	| 0.000000	 1.000000	 1.000000 |	-85	 34.841644
HT20/SGI	 MCS8	 5.2	 40.6	43.7	 14(	 32)	| 0.000000	 1.000000	 1.000000 |	-82	 35.042671
HT20/SGI	 T	 MCS8	 6.9	53.7	 93.1	 27(	| 0.000000	 1.000000	 1.000000 |	-83	 35.100227
HT20/SGI	 T	 MCS8	 8.6	66.8	 71.4	 10(	| 0.000000	 1.000000	 1.000000 |	-84	 35.256668
HT20/SGI	 T	 MCS8	 9.0	69.7	 92.8	 26(	| 0.000000	 1.000000	 1.000000 |	-83	 35.418732
HT20/SGI	 T	 MCS8	 11.3	88.1	 89.6	 26(	| 0.000000	 1.000000	 1.000000 |	-83	 35.682606
HT20/SGI	 T	 MCS8	 6.4	49.7	 92.8	 26(	| 0.000000	 1.000000	 1.000000 |	-81	 36.144699
HT20/SGI	 MCS8	 4.5	 35.4	0.0	 0(	 20)	| 0.000000	 1.000000	 1.000000 |	-85	 36.282948
HT20/SGI	 MCS8	 1.2	 10.0	14.9	 3(	 20)	| 0.000000	 1.000000	 -nan |	-86	 36.659775
HT20/SGI	 MCS8	 3.4	 26.7	17.3	 4(	 23)	| 0.000000	 1.000000	 1.000000 |	-84	 36.761074
