HT20/SGI	 T	 MCS11	 35.2	98.0	 98.1	 104(106)	| 0.980132	 1.000000	 1.000000 |	-25	 1.585173
HT20/SGI	 T	 MCS11	 34.9	97.1	 95.5	 108(113)	| 0.962264	 1.000000	 1.000000 |	-42	 2.729458
HT20/SGI	 T	 MCS11	 34.9	97.2	 95.5	 107(112)	| 0.962963	 1.000000	 1.000000 |	-48	 5.273340
HT20/SGI	 T	 MCS11	 34.9	97.0	 97.1	 104(107)	| 0.969543	 1.000000	 1.000000 |	-51	 6.425094
HT20/SGI	 T	 MCS11	 34.5	95.9	 96.3	 107(111)	| 0.952756	 1.000000	 1.000000 |	-52	 6.886903
HT20/SGI	 T	 MCS11	 35.3	98.2	 99.0	 109(110)	| 0.980645	 1.000000	 1.000000 |	-56	 8.301281
HT20/SGI	 T	 MCS11	 34.8	96.9	 96.3	 107(111)	| 0.975207	 1.000000	 1.000000 |	-57	 9.593941
HT20/SGI	 T	 MCS11	 28.9	80.4	 80.8	 80(	| 0.900000	 1.000000	 1.000000 |	-75	 13.777276
HT20/SGI	 T	 MCS11	 26.1	72.6	 49.2	 35(	| 0.500000	 1.000000	 1.000000 |	-78	 13.814612
HT20/SGI	 T	 MCS11	 27.9	77.8	 93.4	 100(107)	| 0.939394	 1.000000	 1.000000 |	-76	 13.866642
HT20/SGI	 T	 MCS11	 31.6	87.9	 81.9	 77(	| 0.869565	 1.000000	 1.000000 |	-71	 14.708969
HT20/SGI	 T	 MCS11	 15.8	44.0	 33.3	 15(	| 0.571429	 1.000000	 -nan |	-74	 15.461112
HT20/SGI	 T	 MCS11	 23.8	66.2	 94.4	 103(109)	| 0.922078	 1.000000	 1.000000 |	-75	 15.565244
HT20/SGI	 T	 MCS11	 22.1	61.6	 47.8	 34(	| 0.785714	 1.000000	 1.000000 |	-77	 15.604339
HT20/SGI	 T	 MCS11	 6.6	18.4	 0.0	 0(	| 0.000000	 1.000000	 1.000000 |	-76	 15.935313
HT20/SGI	 MCS11	 4.3	 12.1	7.0	 4(	 57)	| 0.000000	 1.000000	 1.000000 |	-79	 16.036304
HT20/SGI	 T	 MCS11	 7.3	20.3	 45.0	 23(	| 0.000000	 1.000000	 1.000000 |	-80	 16.092794
HT20/SGI	 T	 MCS11	 10.8	30.0	 0.0	 0(	| 0.000000	 1.000000	 -nan |	-78	 16.677240
HT20/SGI	 T	 MCS11	 11.7	32.5	 39.9	 28(	| 0.714286	 1.000000	 -nan |	-76	 16.717983
HT20/SGI	 T	 MCS11	 17.1	47.6	 70.5	 67(	| 0.818182	 1.000000	 1.000000 |	-77	 16.823532
HT20/SGI	 T	 MCS11	 23.8	66.3	 93.3	 99(106)	| 0.958904	 1.000000	 1.000000 |	-77	 16.931524
HT20/SGI	 T	 MCS11	 30.1	83.8	 87.2	 89(102)	| 0.857143	 1.000000	 1.000000 |	-76	 17.196856
HT20/SGI	 T	 MCS11	 32.4	90.1	 96.3	 106(110)	| 0.969231	 1.000000	 1.000000 |	-74	 17.356981
HT20/SGI	 T	 MCS11	 34.6	96.4	 98.1	 107(109)	| 0.977186	 1.000000	 1.000000 |	-66	 17.866970
HT20/SGI	 T	 MCS11	 34.5	96.1	 98.1	 109(111)	| 0.960452	 1.000000	 1.000000 |	-65	 19.024792
HT20/SGI	 T	 MCS11	 33.7	93.6	 85.1	 92(108)	| 0.927835	 1.000000	 1.000000 |	-70	 19.836542
HT20/SGI	 T	 MCS11	 35.2	97.8	 96.3	 106(110)	| 0.982507	 1.000000	 1.000000 |	-60	 21.712502
HT20/SGI	 T	 MCS11	 35.2	97.9	 97.1	 103(106)	| 0.981191	 1.000000	 1.000000 |	-58	 21.868561
HT20/SGI	 T	 MCS11	 34.9	97.1	 97.1	 104(107)	| 0.982507	 1.000000	 1.000000 |	-59	 22.233086
HT20/SGI	 T	 MCS11	 35.5	98.7	 99.0	 107(108)	| 0.990132	 1.000000	 1.000000 |	-54	 23.440548
HT20/SGI	 T	 MCS11	 34.8	96.8	 95.2	 100(105)	| 0.975708	 1.000000	 1.000000 |	-72	 26.456802
HT20/SGI	 T	 MCS11	 31.9	88.9	 64.3	 56(	| 0.750000	 1.000000	 1.000000 |	-74	 26.980610
HT20/SGI	 T	 MCS11	 34.1	94.9	 92.4	 98(106)	| 0.890909	 1.000000	 1.000000 |	-77	 27.446491
HT20/SGI	 T	 MCS11	 31.8	88.5	 69.1	 56(	| 0.906250	 1.000000	 1.000000 |	-73	 27.500885
HT20/SGI	 T	 MCS11	 33.8	94.2	 85.2	 87(102)	| 0.978261	 1.000000	 1.000000 |	-78	 28.131088
HT20/SGI	 T	 MCS11	 32.9	91.6	 94.2	 98(104)	| 0.955882	 1.000000	 1.000000 |	-73	 28.704979
HT20/SGI	 T	 MCS11	 30.2	84.0	 53.5	 38(	| 0.500000	 1.000000	 1.000000 |	-74	 28.959972
HT20/SGI	 T	 MCS11	 28.3	78.8	 60.7	 48(	| 0.000000	 1.000000	 -nan |	-76	 29.757547
HT20/SGI	 T	 MCS11	 28.6	79.6	 86.1	 93(108)	| 0.884058	 1.000000	 1.000000 |	-75	 29.869148
HT20/SGI	 T	 MCS11	 27.9	77.7	 73.6	 70(	| 0.588235	 1.000000	 1.000000 |	-75	 30.705011
HT20/SGI	 T	 MCS11	 18.4	51.2	 45.8	 33(	| 0.000000	 1.000000	 1.000000 |	-74	 31.018530
HT20/SGI	 T	 MCS11	 15.3	42.7	 93.3	 98(105)	| 0.936170	 1.000000	 1.000000 |	-74	 31.281050
HT20/SGI	 T	 MCS11	 17.5	48.9	 30.6	 19(	| 0.000000	 1.000000	 -nan |	-75	 31.390757
HT20/SGI	 T	 MCS11	 22.1	61.6	 52.4	 42(	| 0.500000	 1.000000	 1.000000 |	-79	 31.601946
HT20/SGI	 T	 MCS11	 26.8	74.7	 85.7	 90(105)	| 0.888889	 1.000000	 1.000000 |	-76	 31.925213
HT20/SGI	 T	 MCS11	 25.0	69.7	 74.7	 80(107)	| 0.918919	 1.000000	 1.000000 |	-79	 32.024700
HT20/SGI	 T	 MCS11	 25.7	71.6	 88.1	 97(110)	| 0.851064	 1.000000	 1.000000 |	-76	 32.137234
HT20/SGI	 T	 MCS11	 24.5	68.1	 45.3	 29(	| 0.250000	 1.000000	 1.000000 |	-79	 32.289364
HT20/SGI	 T	 MCS11	 20.2	56.2	 20.5	 14(	| 0.222222	 1.000000	 -nan |	-77	 32.341431
HT20/SGI	 T	 MCS11	 12.3	34.4	 6.2	 3(	| 0.230769	 1.000000	 1.000000 |	-76	 32.820946
HT20/SGI	 T	 MCS11	 16.0	44.6	 75.4	 77(102)	| 0.333333	 1.000000	 1.000000 |	-79	 32.885193
HT20/SGI	 T	 MCS11	 12.0	33.5	 0.0	 0(	| 0.000000	 1.000000	 -nan |	-76	 32.919460
HT20/SGI	 MCS11	 5.0	 14.1	0.0	 0(	 54)	| 0.000000	 1.000000	 1.000000 |	-80	 33.091179
HT20/SGI	 MCS11	 0.0	 1.0	0.0	 0(	 18)	| 0.000000	 1.000000	 1.000000 |	-82	 33.559715
HT20/SGI	 MCS11	 0.0	 0.2	0.0	 0(	 18)	| 0.000000	 1.000000	 1.000000 |	-79	 33.822876
HT20/SGI	 MCS11	 0.0	 0.1	0.0	 0(	 18)	| 0.000000	 1.000000	 1.000000 |	-81	 33.877960
HT20/SGI	 MCS11	 0.0	 0.1	0.0	 0(	 17)	| 0.000000	 1.000000	 1.000000 |	-83	 33.981117
HT20/SGI	 MCS11	 0.0	 0.0	0.0	 0(	 17)	| 0.000000	 1.000000	 1.000000 |	-84	 34.296108
HT20/SGI	 MCS11	 0.0	 0.0	0.0	 0(	 19)	| 0.000000	 1.000000	 1.000000 |	-82	 34.344074
HT20/SGI	 T	 MCS11	 31.2	86.7	 89.9	 54(	| 0.000000	 1.000000	 1.000000 |	-74	 11.680086
HT20/SGI	 T	 MCS11	 32.2	89.5	 97.9	 47(	| 0.750000	 1.000000	 1.000000 |	-73	 11.730970
HT20/SGI	 T	 MCS11	 32.4	90.0	 91.6	 33(	| 0.000000	 1.000000	 1.000000 |	-74	 11.787380
HT20/SGI	 T	 MCS11	 32.8	91.3	 90.4	 57(	| 0.000000	 1.000000	 1.000000 |	-74	 11.888369
HT20/SGI	 T	 MCS11	 33.6	93.5	 100.0	 41(	| 0.000000	 1.000000	 -nan |	-75	 11.938594
HT20/SGI	 T	 MCS11	 33.6	93.5	 93.7	 60(	| 0.142857	 1.000000	 -nan |	-74	 11.989931
HT20/SGI	 T	 MCS11	 33.0	91.8	 86.4	 32(	| 0.761905	 1.000000	 1.000000 |	-77	 12.099241
HT20/SGI	 T	 MCS11	 31.0	86.2	 93.3	 28(	| 0.816327	 1.000000	 1.000000 |	-75	 12.839927
HT20/SGI	 T	 MCS11	 30.4	84.7	 81.8	 45(	| 0.656250	 1.000000	 1.000000 |	-76	 12.998779
HT20/SGI	 T	 MCS11	 32.8	91.4	 94.9	 56(	| 0.000000	 1.000000	 1.000000 |	-75	 13.151380
HT20/SGI	 T	 MCS11	 17.8	49.6	 40.3	 21(	| 0.000000	 1.000000	 1.000000 |	-76	 13.528035
HT20/SGI	 T	 MCS11	 23.1	64.3	 75.8	 47(	| 0.000000	 1.000000	 1.000000 |	-76	 13.624284
HT20/SGI	 T	 MCS11	 22.5	62.8	 58.1	 32(	| 0.000000	 1.000000	 1.000000 |	-71	 13.675758
HT20/SGI	 T	 MCS11	 22.9	63.9	 94.7	 54(	| 0.600000	 1.000000	 1.000000 |	-76	 13.779299
HT20/SGI	 T	 MCS11	 25.5	70.9	 91.8	 45(	| 0.250000	 1.000000	 1.000000 |	-76	 13.828169
HT20/SGI	 T	 MCS11	 15.1	42.0	 89.4	 34(	| 0.000000	 1.000000	 -nan |	-77	 15.703827
HT20/SGI	 T	 MCS11	 19.7	54.9	 93.7	 60(	| 0.000000	 1.000000	 -nan |	-76	 15.759792
HT20/SGI	 T	 MCS11	 28.5	79.3	 100.0	 17(	| 0.000000	 1.000000	 -nan |	-71	 15.904924
HT20/SGI	 T	 MCS11	 29.3	81.6	 88.5	 54(	| 0.400000	 1.000000	 1.000000 |	-72	 15.958096
HT20/SGI	 T	 MCS11	 27.2	75.8	 53.3	 24(	| 0.000000	 1.000000	 1.000000 |	-74	 16.115986
HT20/SGI	 T	 MCS11	 27.3	75.8	 75.9	 41(	| 0.000000	 1.000000	 1.000000 |	-74	 16.170528
HT20/SGI	 T	 MCS11	 29.1	80.9	 96.2	 51(	| 0.000000	 1.000000	 1.000000 |	-76	 16.223778
HT20/SGI	 T	 MCS11	 29.9	83.1	 89.7	 35(	| 0.758621	 1.000000	 1.000000 |	-76	 16.278734
HT20/SGI	 t	 MCS11	 34.7	96.7	 100.0	 0(	| 0.969849	 1.000000	 1.000000 |	-72	 16.363678
HT20/SGI	 T	 MCS11	 33.9	94.2	 87.5	 28(	| 0.200000	 1.000000	 1.000000 |	-74	 27.104046
HT20/SGI	 T	 MCS11	 34.4	95.6	 100.0	 26(	| 0.000000	 1.000000	 1.000000 |	-75	 27.155516
HT20/SGI	 T	 MCS11	 30.0	83.4	 74.1	 23(	| 0.000000	 1.000000	 -nan |	-75	 27.365957
HT20/SGI	 t	 MCS11	 28.6	79.7	 44.1	 19(	| 0.000000	 1.000000	 -nan |	-74	 27.574570
HT20/SGI	 T	 MCS11	 31.4	87.5	 100.0	 16(	| 0.704918	 1.000000	 1.000000 |	-75	 27.679012
HT20/SGI	 T	 MCS11	 30.9	86.1	 82.0	 55(	| 0.000000	 1.000000	 1.000000 |	-75	 27.722603
HT20/SGI	 T	 MCS11	 31.0	86.4	 87.2	 48(	| 0.333333	 1.000000	 1.000000 |	-76	 27.783781
HT20/SGI	 T	 MCS11	 31.4	87.3	 89.4	 34(	| 0.000000	 1.000000	 1.000000 |	-74	 27.887468
HT20/SGI	 T	 MCS11	 32.0	89.1	 94.4	 51(	| 0.000000	 1.000000	 1.000000 |	-76	 27.933687
HT20/SGI	 T	 MCS11	 32.6	90.8	 96.0	 49(	| 0.000000	 1.000000	 -nan |	-74	 27.985868
HT20/SGI	 T	 MCS11	 26.3	73.3	 20.8	 10(	| 0.000000	 1.000000	 -nan |	-73	 28.043867
HT20/SGI	 T	 MCS11	 25.8	71.8	 14.5	 7(	| 0.000000	 1.000000	 1.000000 |	-74	 28.360430
HT20/SGI	 T	 MCS11	 27.9	77.6	 66.6	 36(	| 0.060606	 1.000000	 1.000000 |	-74	 28.568310
HT20/SGI	 T	 MCS11	 16.1	44.7	 9.9	 5(	| 0.958042	 1.000000	 1.000000 |	-73	 28.712589
HT20/SGI	 T	 MCS11	 17.0	47.3	 86.8	 53(	| 0.000000	 1.000000	 1.000000 |	-77	 30.043056
HT20/SGI	 T	 MCS11	 20.7	57.8	 89.0	 57(	| 0.000000	 1.000000	 1.000000 |	-78	 30.099293
HT20/SGI	 T	 MCS11	 15.6	43.6	 0.0	 0(	| 0.000000	 1.000000	 1.000000 |	-76	 30.207317
HT20/SGI	 T	 MCS11	 15.4	42.9	 40.7	 22(	| 0.000000	 1.000000	 1.000000 |	-76	 30.259865
HT20/SGI	 T	 MCS11	 18.7	52.0	 79.3	 46(	| 0.000000	 1.000000	 1.000000 |	-76	 30.307148
HT20/SGI	 T	 MCS11	 21.9	60.9	 87.8	 58(	| 0.000000	 1.000000	 1.000000 |	-77	 30.363869
HT20/SGI	 T	 MCS11	 24.8	69.1	 93.7	 60(	| 0.000000	 1.000000	 1.000000 |	-77	 30.410545
HT20/SGI	 T	 MCS11	 27.0	75.1	 73.2	 52(	| 0.000000	 1.000000	 1.000000 |	-78	 30.735924
HT20/SGI	 T	 MCS11	 27.7	77.1	 98.1	 52(	| 0.000000	 1.000000	 1.000000 |	-76	 30.839340
HT20/SGI	 MCS11	 5.3	 14.8	0.0	 0(	 40)	| 0.000000	 1.000000	 1.000000 |	-75	 31.215534
HT20/SGI	 MCS11	 0.0	 6.2	0.0	 0(	 40)	| 0.000000	 1.000000	 1.000000 |	-78	 31.375799
