-30	 0.972973	 1.000000	 1.000000	 0.088959
-29	 0.966480	 1.000000	 1.000000	 0.163938
-28	 0.986517	 1.000000	 1.000000	 0.340190
-28	 0.965517	 1.000000	 1.000000	 0.409168
-27	 0.960784	 1.000000	 1.000000	 0.473956
-24	 0.947368	 1.000000	 1.000000	 0.520658
-26	 0.985577	 1.000000	 1.000000	 0.692749
-26	 0.975708	 1.000000	 1.000000	 0.790262
-28	 0.982709	 1.000000	 1.000000	 0.929027
-25	 0.958333	 1.000000	 1.000000	 0.991507
-24	 0.974026	 1.000000	 1.000000	 1.103889
-30	 0.991892	 1.000000	 1.000000	 1.429506
-28	 0.970000	 1.000000	 1.000000	 1.518981
-28	 0.986207	 1.000000	 1.000000	 1.703592
-29	 0.990596	 1.000000	 1.000000	 1.960166
-29	 0.973214	 1.000000	 1.000000	 2.048907
-31	 0.951613	 1.000000	 1.000000	 2.098884
-31	 0.987847	 1.000000	 1.000000	 2.324390
-41	 0.990180	 1.000000	 1.000000	 2.564620
-38	 0.986900	 1.000000	 1.000000	 2.761150
-40	 0.981191	 1.000000	 1.000000	 2.890394
-40	 0.978022	 1.000000	 1.000000	 2.998271
-46	 0.985258	 1.000000	 1.000000	 3.167357
-43	 0.982927	 1.000000	 1.000000	 3.331753
-40	 0.990476	 1.000000	 1.000000	 3.581343
-35	 0.983471	 1.000000	 1.000000	 3.723701
-45	 0.966346	 1.000000	 1.000000	 3.806421
-39	 0.978323	 1.000000	 1.000000	 5.074063
-39	 0.961111	 1.000000	 1.000000	 5.146819
-44	 0.985185	 1.000000	 1.000000	 5.310031
-46	 0.981132	 1.000000	 1.000000	 5.437182
-47	 0.970732	 1.000000	 1.000000	 5.519840
-46	 0.969697	 1.000000	 1.000000	 5.602308
-44	 0.968254	 1.000000	 1.000000	 5.680338
-46	 0.991989	 1.000000	 1.000000	 6.035631
-50	 0.983099	 1.000000	 1.000000	 6.173778
-48	 0.971564	 1.000000	 1.000000	 6.261693
-48	 0.974576	 1.000000	 1.000000	 6.358475
-46	 0.980892	 1.000000	 1.000000	 6.488402
-53	 0.972477	 1.000000	 1.000000	 6.578101
-48	 0.979592	 1.000000	 1.000000	 6.700914
-51	 0.979866	 1.000000	 1.000000	 6.825090
-53	 0.971429	 1.000000	 1.000000	 6.911153
-51	 0.987395	 1.000000	 1.000000	 7.103423
-49	 0.979452	 1.000000	 1.000000	 7.221856
-47	 0.978799	 1.000000	 1.000000	 7.332928
-50	 0.968912	 1.000000	 1.000000	 7.416241
-50	 0.976834	 1.000000	 1.000000	 7.524158
-52	 0.966667	 1.000000	 1.000000	 7.595407
-54	 0.978495	 1.000000	 1.000000	 7.709448
-57	 0.978723	 1.000000	 1.000000	 7.824279
-53	 0.969697	 1.000000	 1.000000	 7.903710
-51	 0.991098	 1.000000	 1.000000	 8.181312
-53	 0.954198	 1.000000	 1.000000	 8.235649
-56	 0.977099	 1.000000	 1.000000	 8.343067
-56	 0.972000	 1.000000	 1.000000	 8.444545
-56	 0.900000	 1.000000	 1.000000	 8.475054
-60	 0.978873	 1.000000	 1.000000	 8.587778
-57	 0.890909	 1.000000	 1.000000	 8.611989
-58	 0.964286	 1.000000	 1.000000	 8.681903
-56	 0.971545	 1.000000	 1.000000	 8.784378
-54	 0.981912	 1.000000	 1.000000	 8.940199
-56	 0.980707	 1.000000	 1.000000	 9.063352
-57	 0.969565	 1.000000	 1.000000	 9.160519
-56	 0.987013	 1.000000	 1.000000	 9.351766
-59	 0.960784	 1.000000	 1.000000	 9.415595
-61	 0.973568	 1.000000	 1.000000	 9.511080
-63	 0.984810	 1.000000	 1.000000	 9.668679
-60	 0.986456	 1.000000	 1.000000	 9.842371
-63	 0.982405	 1.000000	 1.000000	 9.979911
-60	 0.968750	 1.000000	 1.000000	 10.071839
-69	 0.964322	 1.000000	 1.000000	 11.348402
-73	 0.936842	 1.000000	 1.000000	 11.391665
-72	 0.915493	 1.000000	 1.000000	 11.452418
-72	 0.000000	 1.000000	 -nan	 11.511975
-73	 0.900000	 1.000000	 1.000000	 11.587905
-68	 0.625000	 1.000000	 -nan	 11.625299
-74	 0.500000	 1.000000	 1.000000	 11.635475
-75	 0.000000	 1.000000	 1.000000	 11.641788
-75	 0.000000	 1.000000	 1.000000	 11.652974
-74	 0.000000	 1.000000	 1.000000	 11.658279
-75	 0.000000	 1.000000	 1.000000	 11.667531
-74	 0.000000	 1.000000	 1.000000	 11.680086
-74	 0.000000	 1.000000	 1.000000	 11.686095
-74	 0.000000	 1.000000	 1.000000	 11.691353
-73	 0.000000	 1.000000	 1.000000	 11.696183
-72	 0.000000	 1.000000	 1.000000	 11.701970
-73	 0.333333	 1.000000	 1.000000	 11.710893
-72	 0.500000	 1.000000	 1.000000	 11.717826
-73	 0.750000	 1.000000	 1.000000	 11.730970
-75	 0.780822	 1.000000	 1.000000	 11.767669
-74	 0.000000	 1.000000	 1.000000	 11.787380
-76	 0.000000	 1.000000	 -nan	 11.798135
-76	 0.611111	 1.000000	 1.000000	 11.808332
-78	 0.090909	 1.000000	 1.000000	 11.816706
-76	 0.000000	 1.000000	 1.000000	 11.823852
-75	 0.000000	 1.000000	 1.000000	 11.831785
-74	 0.000000	 1.000000	 1.000000	 11.840288
-75	 0.000000	 1.000000	 1.000000	 11.846083
-75	 0.000000	 1.000000	 1.000000	 11.852586
-74	 0.000000	 1.000000	 1.000000	 11.860660
-75	 0.000000	 1.000000	 1.000000	 11.865186
-75	 0.142857	 1.000000	 1.000000	 11.870533
-75	 0.062500	 1.000000	 1.000000	 11.883632
-74	 0.000000	 1.000000	 1.000000	 11.888369
-74	 0.142857	 1.000000	 1.000000	 11.893864
-74	 0.789474	 1.000000	 1.000000	 11.911889
-75	 0.600000	 1.000000	 1.000000	 11.921300
-76	 0.222222	 1.000000	 1.000000	 11.927863
-75	 0.125000	 1.000000	 -nan	 11.934099
-75	 0.000000	 1.000000	 -nan	 11.938594
-75	 0.000000	 1.000000	 -nan	 11.945044
-75	 0.000000	 1.000000	 -nan	 11.950222
-73	 0.000000	 1.000000	 1.000000	 11.959817
-73	 0.000000	 1.000000	 -nan	 11.968622
-74	 0.000000	 1.000000	 1.000000	 11.976939
-75	 0.000000	 1.000000	 1.000000	 11.984632
-74	 0.142857	 1.000000	 -nan	 11.989931
-77	 0.131579	 1.000000	 1.000000	 12.024043
-74	 0.273973	 1.000000	 1.000000	 12.076033
-77	 0.761905	 1.000000	 1.000000	 12.099241
-77	 0.000000	 1.000000	 1.000000	 12.108560
-77	 0.000000	 1.000000	 1.000000	 12.113304
-77	 0.000000	 1.000000	 -nan	 12.118194
-79	 0.000000	 1.000000	 1.000000	 12.128861
-79	 0.000000	 1.000000	 1.000000	 12.150643
-77	 0.000000	 1.000000	 1.000000	 12.155454
-77	 0.000000	 1.000000	 1.000000	 12.161310
-77	 0.000000	 1.000000	 1.000000	 12.168917
-76	 0.000000	 1.000000	 1.000000	 12.174592
-76	 0.000000	 1.000000	 1.000000	 12.179457
-77	 0.125000	 1.000000	 1.000000	 12.209347
-76	 0.000000	 1.000000	 1.000000	 12.220915
-76	 0.000000	 1.000000	 1.000000	 12.225864
-77	 0.142857	 1.000000	 1.000000	 12.233157
-75	 0.000000	 1.000000	 1.000000	 12.238204
-77	 0.000000	 1.000000	 1.000000	 12.242954
-78	 0.000000	 1.000000	 1.000000	 12.253943
-77	 0.000000	 1.000000	 1.000000	 12.292605
-78	 0.000000	 1.000000	 1.000000	 12.317505
-77	 0.000000	 1.000000	 1.000000	 12.322337
-75	 0.142857	 1.000000	 1.000000	 12.329240
-76	 0.500000	 1.000000	 1.000000	 12.337278
-76	 0.000000	 1.000000	 1.000000	 12.342322
-76	 0.000000	 1.000000	 1.000000	 12.348488
-75	 0.000000	 1.000000	 1.000000	 12.357186
-75	 0.000000	 1.000000	 1.000000	 12.362355
-76	 0.000000	 1.000000	 1.000000	 12.373284
-76	 0.000000	 1.000000	 1.000000	 12.388813
-75	 0.000000	 1.000000	 1.000000	 12.393926
-76	 0.739130	 1.000000	 1.000000	 12.406624
-76	 0.000000	 1.000000	 1.000000	 12.411768
-76	 0.000000	 1.000000	 1.000000	 12.416957
-76	 0.000000	 1.000000	 1.000000	 12.423793
-75	 0.000000	 1.000000	 1.000000	 12.442995
-75	 0.000000	 1.000000	 1.000000	 12.459663
-73	 0.000000	 1.000000	 1.000000	 12.465708
-71	 0.000000	 1.000000	 1.000000	 12.489280
-71	 0.000000	 1.000000	 1.000000	 12.494407
-71	 0.000000	 1.000000	 1.000000	 12.499565
-72	 0.000000	 1.000000	 1.000000	 12.505698
-72	 0.000000	 1.000000	 1.000000	 12.511725
-75	 0.000000	 1.000000	 1.000000	 12.516756
-72	 0.000000	 1.000000	 1.000000	 12.521879
-73	 0.000000	 1.000000	 1.000000	 12.527036
-73	 0.000000	 1.000000	 1.000000	 12.534892
-73	 0.000000	 1.000000	 1.000000	 12.540972
-73	 0.000000	 1.000000	 1.000000	 12.545962
-73	 0.000000	 1.000000	 1.000000	 12.550724
-73	 0.000000	 1.000000	 -nan	 12.554965
-73	 0.000000	 1.000000	 1.000000	 12.560144
-72	 0.888889	 1.000000	 1.000000	 12.584441
-72	 0.760000	 1.000000	 1.000000	 12.597112
-72	 0.000000	 1.000000	 1.000000	 12.602156
-72	 0.000000	 1.000000	 -nan	 12.613960
-72	 0.000000	 1.000000	 1.000000	 12.633804
-72	 0.000000	 1.000000	 -nan	 12.638696
-70	 0.500000	 1.000000	 -nan	 12.645616
-72	 0.917808	 1.000000	 1.000000	 12.687008
-71	 0.000000	 1.000000	 1.000000	 12.692225
-71	 0.000000	 1.000000	 1.000000	 12.699531
-71	 0.000000	 1.000000	 -nan	 12.706109
-71	 0.000000	 1.000000	 -nan	 12.710543
-72	 0.000000	 1.000000	 -nan	 12.718874
-73	 0.000000	 1.000000	 1.000000	 12.724958
-74	 0.444444	 1.000000	 1.000000	 12.736977
-72	 0.757576	 1.000000	 1.000000	 12.755417
-72	 0.545455	 1.000000	 1.000000	 12.768580
-73	 0.000000	 1.000000	 1.000000	 12.799826
-73	 0.806452	 1.000000	 1.000000	 12.815686
-75	 0.816327	 1.000000	 1.000000	 12.839927
-75	 0.000000	 1.000000	 1.000000	 12.845517
-76	 0.000000	 1.000000	 -nan	 12.851118
-76	 0.000000	 1.000000	 -nan	 12.856341
-75	 0.000000	 1.000000	 -nan	 12.861350
-75	 0.000000	 1.000000	 -nan	 12.868394
-74	 0.000000	 1.000000	 1.000000	 12.874122
-75	 0.000000	 1.000000	 1.000000	 12.879873
-73	 0.000000	 1.000000	 1.000000	 12.884463
-73	 0.421053	 1.000000	 1.000000	 12.896141
-71	 0.833333	 1.000000	 1.000000	 12.917312
-72	 0.000000	 1.000000	 1.000000	 12.923254
-73	 0.000000	 1.000000	 -nan	 12.928360
-75	 0.000000	 1.000000	 -nan	 12.942858
-75	 0.000000	 1.000000	 -nan	 12.948442
-75	 0.142857	 1.000000	 1.000000	 12.954174
-77	 0.000000	 1.000000	 1.000000	 12.980661
-76	 0.656250	 1.000000	 1.000000	 12.998779
-75	 0.000000	 1.000000	 1.000000	 13.003651
-75	 0.000000	 1.000000	 1.000000	 13.008453
-75	 0.300000	 1.000000	 1.000000	 13.016509
-75	 0.454545	 1.000000	 1.000000	 13.023387
-76	 0.066667	 1.000000	 1.000000	 13.035478
-75	 0.000000	 1.000000	 1.000000	 13.041448
-76	 0.000000	 1.000000	 1.000000	 13.046625
-72	 0.000000	 1.000000	 1.000000	 13.052553
-75	 0.000000	 1.000000	 1.000000	 13.057425
-75	 0.000000	 1.000000	 1.000000	 13.063958
-75	 0.000000	 1.000000	 1.000000	 13.069594
-75	 0.000000	 1.000000	 1.000000	 13.075437
-75	 0.000000	 1.000000	 1.000000	 13.080664
-75	 0.769231	 1.000000	 1.000000	 13.094356
-76	 0.375000	 1.000000	 1.000000	 13.110679
-77	 0.000000	 1.000000	 1.000000	 13.115919
-76	 0.000000	 1.000000	 1.000000	 13.121906
-75	 0.083333	 1.000000	 1.000000	 13.131914
-76	 0.083333	 1.000000	 1.000000	 13.142905
-75	 0.000000	 1.000000	 1.000000	 13.151380
-76	 0.000000	 1.000000	 1.000000	 13.177151
-76	 0.000000	 1.000000	 1.000000	 13.181869
-74	 0.000000	 1.000000	 1.000000	 13.187759
-73	 0.000000	 1.000000	 1.000000	 13.192594
-73	 0.000000	 1.000000	 1.000000	 13.198309
-73	 0.000000	 1.000000	 1.000000	 13.203302
-74	 0.000000	 1.000000	 1.000000	 13.208103
-75	 0.000000	 1.000000	 1.000000	 13.212978
-75	 0.000000	 1.000000	 1.000000	 13.218593
-76	 0.000000	 1.000000	 1.000000	 13.224357
-77	 0.000000	 1.000000	 1.000000	 13.230008
-77	 0.000000	 1.000000	 1.000000	 13.237534
-77	 0.000000	 1.000000	 1.000000	 13.242451
-76	 0.000000	 1.000000	 1.000000	 13.247163
-75	 0.000000	 1.000000	 1.000000	 13.252308
-74	 0.000000	 1.000000	 1.000000	 13.257947
-75	 0.000000	 1.000000	 1.000000	 13.268062
-75	 0.000000	 1.000000	 1.000000	 13.276395
-77	 0.000000	 1.000000	 1.000000	 13.323619
-76	 0.000000	 1.000000	 1.000000	 13.329437
-76	 0.000000	 1.000000	 1.000000	 13.334167
-75	 0.000000	 1.000000	 1.000000	 13.340356
-76	 0.000000	 1.000000	 1.000000	 13.345163
-77	 0.000000	 1.000000	 1.000000	 13.352297
-77	 0.000000	 1.000000	 1.000000	 13.370279
-76	 0.000000	 1.000000	 1.000000	 13.376795
-75	 0.000000	 1.000000	 1.000000	 13.382470
-74	 0.000000	 1.000000	 1.000000	 13.391544
-77	 0.000000	 1.000000	 1.000000	 13.399598
-76	 0.000000	 1.000000	 1.000000	 13.440422
-77	 0.000000	 1.000000	 1.000000	 13.487128
-76	 0.000000	 1.000000	 1.000000	 13.496454
-76	 0.000000	 1.000000	 1.000000	 13.501349
-78	 0.000000	 1.000000	 1.000000	 13.508471
-76	 0.000000	 1.000000	 1.000000	 13.528035
-74	 0.000000	 1.000000	 1.000000	 13.532611
-74	 0.000000	 1.000000	 1.000000	 13.538232
-74	 0.000000	 1.000000	 1.000000	 13.545342
-76	 0.000000	 1.000000	 1.000000	 13.550098
-75	 0.000000	 1.000000	 1.000000	 13.556367
-75	 0.000000	 1.000000	 1.000000	 13.561294
-75	 0.000000	 1.000000	 1.000000	 13.568560
-75	 0.000000	 1.000000	 1.000000	 13.576151
-76	 0.000000	 1.000000	 1.000000	 13.584223
-76	 0.000000	 1.000000	 1.000000	 13.589125
-77	 0.000000	 1.000000	 1.000000	 13.602565
-76	 0.000000	 1.000000	 1.000000	 13.612485
-77	 0.000000	 1.000000	 1.000000	 13.619043
-76	 0.000000	 1.000000	 1.000000	 13.624284
-76	 0.000000	 1.000000	 1.000000	 13.629858
-77	 0.000000	 1.000000	 1.000000	 13.642829
-75	 0.000000	 1.000000	 1.000000	 13.648520
-75	 0.000000	 1.000000	 1.000000	 13.655758
-71	 0.000000	 1.000000	 1.000000	 13.675758
-77	 0.000000	 1.000000	 1.000000	 13.714464
-77	 0.000000	 1.000000	 1.000000	 13.732648
-75	 0.000000	 1.000000	 1.000000	 13.738311
-75	 0.000000	 1.000000	 1.000000	 13.743098
-76	 0.000000	 1.000000	 1.000000	 13.752212
-77	 0.000000	 1.000000	 -nan	 13.757002
-74	 0.000000	 1.000000	 1.000000	 13.765555
-76	 0.600000	 1.000000	 1.000000	 13.779299
-74	 0.085714	 1.000000	 1.000000	 13.803939
-74	 0.684211	 1.000000	 1.000000	 13.814848
-74	 0.333333	 1.000000	 1.000000	 13.821439
-76	 0.250000	 1.000000	 1.000000	 13.828169
-76	 0.000000	 1.000000	 1.000000	 13.836940
-75	 0.000000	 1.000000	 1.000000	 13.842346
-74	 0.916667	 1.000000	 1.000000	 13.873899
-76	 0.000000	 1.000000	 1.000000	 13.880496
-75	 0.000000	 1.000000	 1.000000	 13.895860
-72	 0.000000	 1.000000	 -nan	 13.915486
-73	 0.000000	 1.000000	 1.000000	 13.923735
-74	 0.000000	 1.000000	 1.000000	 13.931992
-75	 0.000000	 1.000000	 1.000000	 13.940047
-74	 0.000000	 1.000000	 1.000000	 13.945937
-73	 0.000000	 1.000000	 1.000000	 13.952537
-74	 0.000000	 1.000000	 1.000000	 13.959156
-74	 0.000000	 1.000000	 1.000000	 13.965453
-74	 0.000000	 1.000000	 1.000000	 13.970184
-75	 0.000000	 1.000000	 1.000000	 13.976481
-78	 0.000000	 1.000000	 1.000000	 14.005325
-75	 0.000000	 1.000000	 1.000000	 14.016665
-75	 0.000000	 1.000000	 1.000000	 14.022434
-75	 0.000000	 1.000000	 1.000000	 14.026992
-75	 0.000000	 1.000000	 1.000000	 14.034286
-79	 0.000000	 1.000000	 1.000000	 14.059070
-79	 0.000000	 1.000000	 -nan	 14.062984
-78	 0.000000	 1.000000	 1.000000	 14.068421
-78	 0.000000	 1.000000	 1.000000	 14.079476
-78	 0.000000	 1.000000	 1.000000	 14.085395
-77	 0.000000	 1.000000	 1.000000	 14.092928
-76	 0.000000	 1.000000	 1.000000	 14.108773
-77	 0.000000	 1.000000	 1.000000	 14.113548
-76	 0.000000	 1.000000	 1.000000	 14.118358
-77	 0.000000	 1.000000	 1.000000	 14.123106
-76	 0.000000	 1.000000	 1.000000	 14.128819
-77	 0.000000	 1.000000	 1.000000	 14.167269
-77	 0.000000	 1.000000	 1.000000	 14.172988
-72	 0.000000	 1.000000	 1.000000	 14.178658
-77	 0.000000	 1.000000	 1.000000	 14.184507
-76	 0.000000	 1.000000	 1.000000	 14.190237
-76	 0.000000	 1.000000	 1.000000	 14.196047
-76	 0.000000	 1.000000	 1.000000	 14.201753
-75	 0.142857	 1.000000	 1.000000	 14.225332
-73	 0.000000	 1.000000	 1.000000	 14.283843
-75	 0.000000	 1.000000	 1.000000	 14.386468
-74	 0.000000	 1.000000	 1.000000	 14.445320
-76	 0.000000	 1.000000	 1.000000	 14.514926
-80	 0.000000	 1.000000	 1.000000	 14.671236
-77	 0.000000	 1.000000	 1.000000	 14.840608
-76	 0.000000	 1.000000	 1.000000	 14.973277
-72	 0.000000	 1.000000	 1.000000	 15.588933
-72	 0.142857	 1.000000	 1.000000	 15.603149
-72	 0.000000	 1.000000	 1.000000	 15.618832
-72	 0.000000	 1.000000	 1.000000	 15.633901
-70	 0.000000	 1.000000	 1.000000	 15.649623
-70	 0.000000	 1.000000	 1.000000	 15.656415
-74	 0.750000	 1.000000	 1.000000	 15.687487
-77	 0.000000	 1.000000	 -nan	 15.703827
-76	 0.000000	 1.000000	 -nan	 15.712434
-77	 0.000000	 1.000000	 1.000000	 15.717258
-77	 0.000000	 1.000000	 -nan	 15.728430
-76	 0.000000	 1.000000	 1.000000	 15.747569
-76	 0.000000	 1.000000	 -nan	 15.759792
-76	 0.000000	 1.000000	 -nan	 15.764979
-73	 0.142857	 1.000000	 1.000000	 15.776547
-73	 0.910256	 1.000000	 1.000000	 15.811877
-72	 0.000000	 1.000000	 1.000000	 15.820266
-72	 0.000000	 1.000000	 -nan	 15.825074
-72	 0.000000	 1.000000	 -nan	 15.829793
-74	 0.125000	 1.000000	 -nan	 15.836280
-72	 0.363636	 1.000000	 -nan	 15.850733
-71	 0.940678	 1.000000	 1.000000	 15.900039
-71	 0.000000	 1.000000	 -nan	 15.904924
-70	 0.000000	 1.000000	 1.000000	 15.916712
-69	 0.000000	 1.000000	 -nan	 15.924351
-69	 0.000000	 1.000000	 -nan	 15.929573
-72	 0.000000	 1.000000	 1.000000	 15.934979
-72	 0.000000	 1.000000	 -nan	 15.940295
-72	 0.000000	 1.000000	 1.000000	 15.945744
-72	 0.000000	 1.000000	 1.000000	 15.951910
-72	 0.400000	 1.000000	 1.000000	 15.958096
-72	 0.769231	 1.000000	 1.000000	 15.972760
-73	 0.000000	 1.000000	 1.000000	 15.977536
-73	 0.000000	 1.000000	 -nan	 15.984666
-73	 0.000000	 1.000000	 -nan	 15.990466
-72	 0.125000	 1.000000	 1.000000	 15.996538
-72	 0.000000	 1.000000	 1.000000	 16.001326
-73	 0.000000	 1.000000	 1.000000	 16.006262
-72	 0.000000	 1.000000	 1.000000	 16.013069
-73	 0.000000	 1.000000	 1.000000	 16.017845
-73	 0.000000	 1.000000	 1.000000	 16.023632
-73	 0.000000	 1.000000	 1.000000	 16.030342
-73	 0.000000	 1.000000	 1.000000	 16.035658
-73	 0.000000	 1.000000	 1.000000	 16.040606
-74	 0.000000	 1.000000	 1.000000	 16.045446
-75	 0.000000	 1.000000	 1.000000	 16.051079
-75	 0.000000	 1.000000	 1.000000	 16.088270
-74	 0.000000	 1.000000	 -nan	 16.099485
-75	 0.000000	 1.000000	 1.000000	 16.104397
-74	 0.000000	 1.000000	 1.000000	 16.110006
-74	 0.000000	 1.000000	 1.000000	 16.115986
-74	 0.000000	 1.000000	 1.000000	 16.121477
-74	 0.000000	 1.000000	 1.000000	 16.140076
-74	 0.000000	 1.000000	 1.000000	 16.146996
-74	 0.000000	 1.000000	 1.000000	 16.151951
-73	 0.000000	 1.000000	 1.000000	 16.157681
-73	 0.000000	 1.000000	 1.000000	 16.163424
-74	 0.000000	 1.000000	 1.000000	 16.170528
-74	 0.000000	 1.000000	 1.000000	 16.176189
-74	 0.760000	 1.000000	 1.000000	 16.189705
-74	 0.000000	 1.000000	 1.000000	 16.194447
-74	 0.000000	 1.000000	 1.000000	 16.200701
-76	 0.000000	 1.000000	 -nan	 16.205614
-76	 0.000000	 1.000000	 -nan	 16.210423
-76	 0.000000	 1.000000	 -nan	 16.216234
-76	 0.000000	 1.000000	 1.000000	 16.223778
-75	 0.000000	 1.000000	 1.000000	 16.229914
-77	 0.000000	 1.000000	 1.000000	 16.236483
-76	 0.523810	 1.000000	 1.000000	 16.252266
-76	 0.758621	 1.000000	 1.000000	 16.278734
-72	 0.969849	 1.000000	 1.000000	 16.363678
-66	 0.908607	 1.000000	 1.000000	 17.596466
-65	 0.974359	 1.000000	 1.000000	 17.690058
-64	 0.970443	 1.000000	 1.000000	 17.772316
-67	 0.987705	 1.000000	 1.000000	 17.966154
-73	 0.969231	 1.000000	 1.000000	 18.049862
-70	 0.956204	 1.000000	 1.000000	 18.106779
-72	 0.963855	 1.000000	 1.000000	 18.179569
-72	 0.964706	 1.000000	 1.000000	 18.251476
-67	 0.973333	 1.000000	 1.000000	 18.340034
-66	 0.963190	 1.000000	 1.000000	 18.406708
-66	 0.964072	 1.000000	 1.000000	 18.476097
-67	 0.975510	 1.000000	 1.000000	 18.575092
-66	 0.960000	 1.000000	 1.000000	 18.636248
-66	 0.939394	 1.000000	 1.000000	 18.678110
-66	 0.926829	 1.000000	 1.000000	 18.713718
-65	 0.948718	 1.000000	 1.000000	 18.762686
-65	 0.981595	 1.000000	 1.000000	 18.895275
-68	 0.980769	 1.000000	 1.000000	 19.022163
-68	 0.964072	 1.000000	 1.000000	 19.091848
-68	 0.968750	 1.000000	 1.000000	 19.172340
-68	 0.920000	 1.000000	 1.000000	 19.205873
-67	 0.938776	 1.000000	 1.000000	 19.246550
-64	 0.977492	 1.000000	 1.000000	 19.372713
-64	 0.970000	 1.000000	 1.000000	 19.453409
-64	 0.985294	 1.000000	 1.000000	 19.620522
-60	 0.988372	 1.000000	 1.000000	 19.826904
-63	 0.986696	 1.000000	 1.000000	 20.008692
-55	 0.980952	 1.000000	 1.000000	 20.183809
-58	 0.989091	 1.000000	 1.000000	 20.467896
-58	 0.976923	 1.000000	 1.000000	 20.575996
-58	 0.983287	 1.000000	 1.000000	 20.722328
-57	 0.954545	 1.000000	 1.000000	 20.777534
-57	 0.984496	 1.000000	 1.000000	 20.935806
-58	 0.967914	 1.000000	 1.000000	 21.013762
-59	 0.972973	 1.000000	 1.000000	 21.104221
-54	 0.979310	 1.000000	 1.000000	 21.223108
-55	 0.986425	 1.000000	 1.000000	 21.403591
-54	 0.985882	 1.000000	 1.000000	 21.584448
-50	 0.978339	 1.000000	 1.000000	 21.699696
-49	 0.955556	 1.000000	 1.000000	 21.758451
-50	 0.968085	 1.000000	 1.000000	 21.836582
-53	 0.974026	 1.000000	 1.000000	 21.932543
-54	 0.966102	 1.000000	 1.000000	 22.006573
-51	 0.964706	 1.000000	 1.000000	 22.075010
-53	 0.952381	 1.000000	 1.000000	 22.128160
-53	 0.972656	 1.000000	 1.000000	 22.231806
-50	 0.962963	 1.000000	 1.000000	 22.298267
-48	 0.985611	 1.000000	 1.000000	 22.466503
-47	 0.980822	 1.000000	 1.000000	 22.619442
-49	 0.964670	 1.000000	 1.000000	 23.698647
-45	 0.968254	 1.000000	 1.000000	 23.777834
-44	 0.945455	 1.000000	 1.000000	 23.824020
-42	 0.400000	 1.000000	 1.000000	 23.859777
-40	 0.111111	 1.000000	 -nan	 23.907887
-51	 0.982857	 1.000000	 1.000000	 24.051619
-52	 0.966851	 1.000000	 1.000000	 24.128578
-55	 0.964912	 1.000000	 1.000000	 24.199915
-54	 0.963190	 1.000000	 1.000000	 24.266590
-51	 0.977941	 1.000000	 1.000000	 24.378813
-54	 0.968254	 1.000000	 1.000000	 24.457455
-55	 0.973684	 1.000000	 1.000000	 24.547434
-58	 0.965116	 1.000000	 1.000000	 24.619867
-61	 0.975694	 1.000000	 1.000000	 24.736364
-57	 0.978571	 1.000000	 1.000000	 24.851585
-60	 0.976923	 1.000000	 1.000000	 24.956331
-62	 0.910448	 1.000000	 1.000000	 24.984797
-61	 0.333333	 1.000000	 1.000000	 25.019444
-68	 0.970443	 1.000000	 1.000000	 25.104067
-72	 0.921053	 1.000000	 1.000000	 25.140394
-70	 0.872340	 1.000000	 1.000000	 25.162298
-73	 0.968586	 1.000000	 1.000000	 25.246851
-70	 0.935484	 1.000000	 1.000000	 25.288431
-68	 0.976562	 1.000000	 1.000000	 25.392027
-66	 0.962733	 1.000000	 1.000000	 25.460064
-69	 0.970000	 1.000000	 1.000000	 25.543600
-64	 0.982808	 1.000000	 1.000000	 25.683640
-64	 0.988417	 1.000000	 1.000000	 25.883493
-72	 0.960526	 1.000000	 1.000000	 25.980293
-72	 0.500000	 1.000000	 1.000000	 26.015936
-70	 0.967213	 1.000000	 1.000000	 26.090336
-71	 0.928571	 1.000000	 1.000000	 26.127708
-71	 0.983003	 1.000000	 1.000000	 26.271055
-73	 0.938144	 1.000000	 1.000000	 26.312380
-73	 0.727273	 1.000000	 -nan	 26.327566
-74	 0.943396	 1.000000	 1.000000	 26.387856
-75	 0.931035	 1.000000	 1.000000	 26.444237
-74	 0.750000	 1.000000	 1.000000	 26.504044
-70	 0.975806	 1.000000	 1.000000	 26.607155
-73	 0.825000	 1.000000	 1.000000	 26.648008
-74	 0.363636	 1.000000	 -nan	 26.660069
-73	 0.945946	 1.000000	 1.000000	 26.707628
-73	 0.000000	 1.000000	 1.000000	 26.715946
-72	 0.000000	 1.000000	 1.000000	 26.721088
-71	 0.333333	 1.000000	 -nan	 26.731564
-73	 0.911392	 1.000000	 1.000000	 26.767559
-73	 0.300000	 1.000000	 -nan	 26.801905
-73	 0.142857	 1.000000	 -nan	 26.834969
-72	 0.000000	 1.000000	 -nan	 26.894392
-75	 0.000000	 1.000000	 1.000000	 26.945206
-75	 0.500000	 1.000000	 1.000000	 26.988392
-73	 0.000000	 1.000000	 1.000000	 27.034594
-72	 0.793103	 1.000000	 1.000000	 27.063957
-74	 0.756757	 1.000000	 1.000000	 27.083965
-73	 0.000000	 1.000000	 -nan	 27.089079
-74	 0.000000	 1.000000	 1.000000	 27.096384
-74	 0.200000	 1.000000	 1.000000	 27.104046
-73	 0.924051	 1.000000	 1.000000	 27.137545
-75	 0.000000	 1.000000	 1.000000	 27.147289
-75	 0.000000	 1.000000	 1.000000	 27.155516
-73	 0.929412	 1.000000	 1.000000	 27.193621
-76	 0.727273	 1.000000	 1.000000	 27.206036
-75	 0.652174	 1.000000	 1.000000	 27.219250
-74	 0.833333	 1.000000	 1.000000	 27.236588
-75	 0.000000	 1.000000	 1.000000	 27.247730
-76	 0.000000	 1.000000	 -nan	 27.269617
-75	 0.823529	 1.000000	 1.000000	 27.287046
-72	 0.951613	 1.000000	 1.000000	 27.340509
-74	 0.000000	 1.000000	 1.000000	 27.348425
-75	 0.000000	 1.000000	 -nan	 27.356209
-75	 0.000000	 1.000000	 -nan	 27.365957
-75	 0.000000	 1.000000	 -nan	 27.370596
-75	 0.000000	 1.000000	 -nan	 27.375517
-75	 0.000000	 1.000000	 -nan	 27.380325
-75	 0.000000	 1.000000	 -nan	 27.385082
-75	 0.400000	 1.000000	 1.000000	 27.391947
-74	 0.700000	 1.000000	 1.000000	 27.402353
-73	 0.929412	 1.000000	 1.000000	 27.442039
-73	 0.000000	 1.000000	 1.000000	 27.447001
-74	 0.000000	 1.000000	 -nan	 27.451929
-73	 0.000000	 1.000000	 -nan	 27.457500
-73	 0.000000	 1.000000	 -nan	 27.463491
-75	 0.000000	 1.000000	 1.000000	 27.469549
-73	 0.812500	 1.000000	 1.000000	 27.484758
-75	 0.932203	 1.000000	 1.000000	 27.535404
-75	 0.000000	 1.000000	 1.000000	 27.541231
-75	 0.000000	 1.000000	 -nan	 27.567471
-74	 0.000000	 1.000000	 -nan	 27.574570
-73	 0.142857	 1.000000	 -nan	 27.579477
-73	 0.739130	 1.000000	 -nan	 27.591911
-73	 0.750000	 1.000000	 1.000000	 27.605000
-76	 0.727273	 1.000000	 1.000000	 27.616215
-75	 0.500000	 1.000000	 1.000000	 27.625177
-74	 0.875000	 1.000000	 1.000000	 27.645668
-75	 0.704918	 1.000000	 1.000000	 27.679012
-76	 0.000000	 1.000000	 -nan	 27.684271
-77	 0.000000	 1.000000	 -nan	 27.689562
-73	 0.000000	 1.000000	 -nan	 27.695662
-73	 0.000000	 1.000000	 -nan	 27.703362
-77	 0.000000	 1.000000	 1.000000	 27.715843
-75	 0.000000	 1.000000	 1.000000	 27.722603
-76	 0.000000	 1.000000	 -nan	 27.730696
-75	 0.000000	 1.000000	 1.000000	 27.740034
-74	 0.000000	 1.000000	 1.000000	 27.744867
-74	 0.333333	 1.000000	 1.000000	 27.755955
-75	 0.684211	 1.000000	 1.000000	 27.766041
-76	 0.000000	 1.000000	 1.000000	 27.776033
-76	 0.333333	 1.000000	 1.000000	 27.783781
-75	 0.909091	 1.000000	 1.000000	 27.813738
-73	 0.872340	 1.000000	 1.000000	 27.835888
-75	 0.750000	 1.000000	 1.000000	 27.869608
-74	 0.000000	 1.000000	 1.000000	 27.874645
-74	 0.000000	 1.000000	 -nan	 27.880301
-74	 0.000000	 1.000000	 1.000000	 27.887468
-73	 0.307692	 1.000000	 1.000000	 27.895887
-75	 0.266667	 1.000000	 1.000000	 27.907425
-75	 0.454545	 1.000000	 1.000000	 27.913334
-76	 0.380952	 1.000000	 1.000000	 27.927910
-76	 0.000000	 1.000000	 1.000000	 27.933687
-76	 0.000000	 1.000000	 1.000000	 27.940229
-76	 0.000000	 1.000000	 1.000000	 27.948429
-76	 0.000000	 1.000000	 1.000000	 27.955463
-74	 0.720000	 1.000000	 1.000000	 27.968412
-72	 0.470588	 1.000000	 -nan	 27.980017
-74	 0.000000	 1.000000	 -nan	 27.985868
-74	 0.000000	 1.000000	 -nan	 27.994436
-74	 0.000000	 1.000000	 -nan	 28.000784
-73	 0.000000	 1.000000	 -nan	 28.043867
-74	 0.000000	 1.000000	 -nan	 28.048584
-73	 0.000000	 1.000000	 1.000000	 28.054485
-73	 0.000000	 1.000000	 -nan	 28.059301
-73	 0.000000	 1.000000	 -nan	 28.064142
-74	 0.000000	 1.000000	 1.000000	 28.068941
-73	 0.000000	 1.000000	 1.000000	 28.073803
-75	 0.000000	 1.000000	 1.000000	 28.083500
-76	 0.000000	 1.000000	 1.000000	 28.093170
-76	 0.000000	 1.000000	 1.000000	 28.099104
-76	 0.500000	 1.000000	 1.000000	 28.110037
-75	 0.625000	 1.000000	 1.000000	 28.127922
-75	 0.935185	 1.000000	 1.000000	 28.174486
-74	 0.000000	 1.000000	 1.000000	 28.181503
-74	 0.000000	 1.000000	 -nan	 28.186375
-74	 0.000000	 1.000000	 -nan	 28.194942
-73	 0.000000	 1.000000	 1.000000	 28.200994
-72	 0.727273	 1.000000	 1.000000	 28.212915
-76	 0.950820	 1.000000	 1.000000	 28.266100
-76	 0.142857	 1.000000	 1.000000	 28.272516
-75	 0.400000	 1.000000	 -nan	 28.283274
-74	 0.333333	 1.000000	 1.000000	 28.289360
-73	 0.000000	 1.000000	 1.000000	 28.295977
-73	 0.000000	 1.000000	 1.000000	 28.303274
-74	 0.000000	 1.000000	 -nan	 28.340393
-74	 0.000000	 1.000000	 1.000000	 28.360430
-75	 0.000000	 1.000000	 1.000000	 28.368696
-74	 0.000000	 1.000000	 1.000000	 28.376534
-74	 0.000000	 1.000000	 1.000000	 28.382212
-73	 0.000000	 1.000000	 1.000000	 28.390776
-73	 0.250000	 1.000000	 1.000000	 28.399734
-75	 0.263158	 1.000000	 1.000000	 28.415432
-75	 0.000000	 1.000000	 1.000000	 28.420313
-75	 0.000000	 1.000000	 1.000000	 28.427076
-77	 0.000000	 1.000000	 1.000000	 28.439346
-76	 0.000000	 1.000000	 1.000000	 28.455494
-76	 0.000000	 1.000000	 1.000000	 28.460627
-75	 0.000000	 1.000000	 1.000000	 28.466831
-74	 0.000000	 1.000000	 1.000000	 28.476967
-74	 0.000000	 1.000000	 1.000000	 28.481802
-74	 0.000000	 1.000000	 1.000000	 28.487072
-73	 0.000000	 1.000000	 1.000000	 28.491959
-73	 0.250000	 1.000000	 1.000000	 28.498545
-74	 0.060606	 1.000000	 1.000000	 28.568310
-74	 0.959732	 1.000000	 1.000000	 28.627642
-73	 0.958042	 1.000000	 1.000000	 28.712589
-78	 0.206725	 1.000000	 1.000000	 29.985050
-77	 0.000000	 1.000000	 1.000000	 30.003387
-77	 0.000000	 1.000000	 1.000000	 30.010254
-77	 0.000000	 1.000000	 1.000000	 30.015240
-77	 0.000000	 1.000000	 1.000000	 30.020504
-77	 0.000000	 1.000000	 1.000000	 30.025288
-77	 0.000000	 1.000000	 -nan	 30.030235
-78	 0.000000	 1.000000	 1.000000	 30.036371
-77	 0.000000	 1.000000	 1.000000	 30.043056
-77	 0.000000	 1.000000	 1.000000	 30.048948
-77	 0.000000	 1.000000	 1.000000	 30.054108
-77	 0.000000	 1.000000	 1.000000	 30.067589
-77	 0.000000	 1.000000	 1.000000	 30.072613
-77	 0.000000	 1.000000	 1.000000	 30.078360
-76	 0.000000	 1.000000	 1.000000	 30.083324
-78	 0.000000	 1.000000	 1.000000	 30.092360
-78	 0.000000	 1.000000	 1.000000	 30.099293
-77	 0.000000	 1.000000	 1.000000	 30.107944
-77	 0.000000	 1.000000	 1.000000	 30.113838
-77	 0.000000	 1.000000	 1.000000	 30.123058
-77	 0.000000	 1.000000	 1.000000	 30.132626
-73	 0.000000	 1.000000	 1.000000	 30.161089
-76	 0.000000	 1.000000	 1.000000	 30.207317
-76	 0.000000	 1.000000	 1.000000	 30.220024
-75	 0.000000	 1.000000	 1.000000	 30.236143
-75	 0.000000	 1.000000	 1.000000	 30.251762
-76	 0.000000	 1.000000	 1.000000	 30.259865
-76	 0.000000	 1.000000	 1.000000	 30.267189
-76	 0.000000	 1.000000	 1.000000	 30.272398
-75	 0.000000	 1.000000	 1.000000	 30.283873
-76	 0.000000	 1.000000	 1.000000	 30.288376
-76	 0.000000	 1.000000	 1.000000	 30.295256
-77	 0.000000	 1.000000	 1.000000	 30.300571
-76	 0.000000	 1.000000	 1.000000	 30.307148
-77	 0.000000	 1.000000	 1.000000	 30.313019
-76	 0.000000	 1.000000	 1.000000	 30.323923
-77	 0.000000	 1.000000	 1.000000	 30.339607
-76	 0.000000	 1.000000	 1.000000	 30.344357
-77	 0.000000	 1.000000	 1.000000	 30.349190
-77	 0.000000	 1.000000	 1.000000	 30.355095
-77	 0.000000	 1.000000	 1.000000	 30.363869
-77	 0.000000	 1.000000	 1.000000	 30.368580
-77	 0.000000	 1.000000	 -nan	 30.373323
-77	 0.000000	 1.000000	 1.000000	 30.380449
-77	 0.000000	 1.000000	 1.000000	 30.385529
-77	 0.000000	 1.000000	 1.000000	 30.392298
-76	 0.000000	 1.000000	 1.000000	 30.399900
-77	 0.000000	 1.000000	 1.000000	 30.405798
-77	 0.000000	 1.000000	 1.000000	 30.410545
-77	 0.000000	 1.000000	 1.000000	 30.416809
-78	 0.000000	 1.000000	 1.000000	 30.422503
-77	 0.000000	 1.000000	 1.000000	 30.428246
-77	 0.000000	 1.000000	 1.000000	 30.432959
-77	 0.000000	 1.000000	 1.000000	 30.439119
-77	 0.000000	 1.000000	 1.000000	 30.445105
-77	 0.000000	 1.000000	 1.000000	 30.451687
-77	 0.000000	 1.000000	 1.000000	 30.459795
-77	 0.000000	 1.000000	 -nan	 30.462063
-77	 0.000000	 1.000000	 1.000000	 30.470047
-77	 0.000000	 1.000000	 1.000000	 30.478247
-76	 0.000000	 1.000000	 1.000000	 30.483145
-76	 0.000000	 1.000000	 1.000000	 30.489073
-77	 0.000000	 1.000000	 1.000000	 30.495295
-76	 0.142857	 1.000000	 1.000000	 30.500181
-76	 0.000000	 1.000000	 1.000000	 30.531384
-75	 0.000000	 1.000000	 1.000000	 30.537390
-77	 0.010101	 1.000000	 1.000000	 30.657551
-76	 0.250000	 1.000000	 1.000000	 30.663818
-76	 0.000000	 1.000000	 1.000000	 30.669941
-75	 0.000000	 1.000000	 1.000000	 30.674995
-75	 0.000000	 1.000000	 1.000000	 30.681101
-75	 0.000000	 1.000000	 1.000000	 30.686096
-75	 0.000000	 1.000000	 1.000000	 30.691164
-75	 0.000000	 1.000000	 1.000000	 30.700092
-75	 0.000000	 1.000000	 1.000000	 30.706226
-75	 0.000000	 1.000000	 1.000000	 30.711155
-76	 0.000000	 1.000000	 1.000000	 30.716043
-76	 0.000000	 1.000000	 1.000000	 30.721233
-78	 0.000000	 1.000000	 1.000000	 30.735924
-76	 0.000000	 1.000000	 1.000000	 30.766451
-75	 0.000000	 1.000000	 1.000000	 30.772543
-75	 0.000000	 1.000000	 1.000000	 30.777674
-75	 0.000000	 1.000000	 1.000000	 30.782806
-74	 0.000000	 1.000000	 1.000000	 30.789391
-74	 0.333333	 1.000000	 1.000000	 30.795307
-74	 0.571429	 1.000000	 1.000000	 30.803335
-74	 0.125000	 1.000000	 1.000000	 30.810186
-74	 0.250000	 1.000000	 1.000000	 30.816133
-75	 0.000000	 1.000000	 1.000000	 30.823156
-76	 0.000000	 1.000000	 1.000000	 30.828266
-75	 0.000000	 1.000000	 1.000000	 30.834198
-76	 0.000000	 1.000000	 1.000000	 30.839340
-78	 0.000000	 1.000000	 1.000000	 30.843845
-76	 0.000000	 1.000000	 1.000000	 30.849783
-76	 0.000000	 1.000000	 1.000000	 30.854649
-76	 0.000000	 1.000000	 1.000000	 30.860743
-77	 0.000000	 1.000000	 1.000000	 30.868683
-76	 0.000000	 1.000000	 1.000000	 30.880331
-77	 0.000000	 1.000000	 1.000000	 30.922077
-78	 0.000000	 1.000000	 1.000000	 30.962729
-78	 0.000000	 1.000000	 1.000000	 30.975407
-78	 0.000000	 1.000000	 1.000000	 30.985170
-77	 0.000000	 1.000000	 1.000000	 31.015383
-77	 0.000000	 1.000000	 1.000000	 31.054790
-78	 0.000000	 1.000000	 1.000000	 31.093584
-77	 0.000000	 1.000000	 1.000000	 31.132477
-77	 0.000000	 1.000000	 1.000000	 31.174568
-75	 0.000000	 1.000000	 1.000000	 31.215534
-71	 0.000000	 1.000000	 1.000000	 31.256437
-77	 0.000000	 1.000000	 1.000000	 31.295734
-78	 0.000000	 1.000000	 1.000000	 31.333521
-78	 0.000000	 1.000000	 1.000000	 31.375799
-78	 0.000000	 1.000000	 1.000000	 31.421555
-77	 0.000000	 1.000000	 1.000000	 31.457199
-79	 0.000000	 1.000000	 1.000000	 31.478651
-79	 0.000000	 1.000000	 1.000000	 31.495848
-77	 0.000000	 1.000000	 1.000000	 31.514387
-75	 0.000000	 1.000000	 1.000000	 31.530245
-76	 0.000000	 1.000000	 1.000000	 31.544594
-79	 0.000000	 1.000000	 1.000000	 31.560488
-75	 0.000000	 1.000000	 1.000000	 31.583353
-75	 0.000000	 1.000000	 1.000000	 31.597727
-75	 0.000000	 1.000000	 1.000000	 31.613159
-74	 0.000000	 1.000000	 1.000000	 31.630016
-75	 0.000000	 1.000000	 1.000000	 31.643707
-75	 0.000000	 1.000000	 1.000000	 31.659735
-74	 0.000000	 1.000000	 1.000000	 31.675692
-69	 0.250000	 1.000000	 1.000000	 31.692436
-75	 0.000000	 1.000000	 1.000000	 31.707945
-76	 0.000000	 1.000000	 1.000000	 31.724014
-76	 0.000000	 1.000000	 1.000000	 31.747597
-78	 0.000000	 1.000000	 1.000000	 31.767963
-77	 0.000000	 1.000000	 1.000000	 31.782745
-73	 0.000000	 1.000000	 1.000000	 31.797981
-77	 0.000000	 1.000000	 1.000000	 31.813652
-78	 0.000000	 1.000000	 1.000000	 31.828798
-74	 0.000000	 1.000000	 1.000000	 31.851942
-75	 0.000000	 1.000000	 1.000000	 31.867941
-77	 0.000000	 1.000000	 1.000000	 31.887102
-75	 0.000000	 1.000000	 1.000000	 31.901325
-75	 0.000000	 1.000000	 1.000000	 31.917725
-75	 0.000000	 1.000000	 1.000000	 31.932890
-76	 0.000000	 1.000000	 1.000000	 31.947866
-78	 0.000000	 1.000000	 1.000000	 31.963566
-73	 0.000000	 1.000000	 1.000000	 31.979397
-77	 0.000000	 1.000000	 1.000000	 31.994875
-78	 0.000000	 1.000000	 1.000000	 32.011494
-79	 0.000000	 1.000000	 1.000000	 32.029308
-76	 0.000000	 1.000000	 1.000000	 32.051373
-76	 0.000000	 1.000000	 1.000000	 32.066315
-74	 0.000000	 1.000000	 1.000000	 32.081249
-74	 0.000000	 1.000000	 1.000000	 32.103905
-74	 0.000000	 1.000000	 1.000000	 32.127331
-75	 0.000000	 1.000000	 1.000000	 32.151978
-77	 0.000000	 1.000000	 1.000000	 32.168461
-77	 0.000000	 1.000000	 1.000000	 32.181751
-74	 0.000000	 1.000000	 1.000000	 32.197483
-79	 0.000000	 1.000000	 1.000000	 32.216015
-78	 0.000000	 1.000000	 1.000000	 32.231609
-79	 0.333333	 1.000000	 1.000000	 32.256344
-82	 0.000642	 1.000000	 1.000000	 36.423355
