-31	 0.943925	 1.000000	 1.000000	 0.131349
-32	 0.963636	 1.000000	 1.000000	 0.329791
-32	 0.934066	 1.000000	 1.000000	 0.440163
-32	 0.955882	 1.000000	 1.000000	 0.605749
-32	 0.860465	 1.000000	 1.000000	 0.662348
-30	 0.974895	 1.000000	 1.000000	 0.950549
-29	 0.944954	 1.000000	 1.000000	 1.083686
-30	 0.960784	 1.000000	 1.000000	 1.265658
-31	 0.906250	 1.000000	 1.000000	 1.346153
-30	 0.961039	 1.000000	 1.000000	 1.532168
-28	 0.972973	 1.000000	 1.000000	 1.796449
-30	 0.966292	 1.000000	 1.000000	 2.012402
-30	 0.945946	 1.000000	 1.000000	 2.147020
-23	 0.939394	 1.000000	 1.000000	 2.268490
-28	 0.972973	 1.000000	 1.000000	 2.531838
-27	 0.956204	 1.000000	 1.000000	 2.695940
-29	 0.968750	 1.000000	 1.000000	 2.925676
-38	 0.967033	 1.000000	 1.000000	 3.144231
-30	 0.950820	 1.000000	 1.000000	 3.292098
-44	 0.934066	 1.000000	 1.000000	 3.403255
-38	 0.983740	 1.000000	 1.000000	 3.835346
-38	 0.971154	 1.000000	 1.000000	 4.083516
-39	 0.964706	 1.000000	 1.000000	 4.285313
-41	 0.961290	 1.000000	 1.000000	 4.471051
-42	 0.942857	 1.000000	 1.000000	 4.596912
-41	 0.979592	 1.000000	 1.000000	 4.944990
-40	 0.960784	 1.000000	 1.000000	 5.129421
-47	 0.975806	 1.000000	 1.000000	 5.421823
-45	 0.939394	 1.000000	 1.000000	 5.545653
-46	 0.957143	 1.000000	 1.000000	 5.715775
-43	 0.967742	 1.000000	 1.000000	 5.936627
-46	 0.968085	 1.000000	 1.000000	 6.162796
-40	 0.970149	 1.000000	 1.000000	 6.402698
-41	 0.970149	 1.000000	 1.000000	 6.641115
-44	 0.969697	 1.000000	 1.000000	 6.877475
-45	 0.948718	 1.000000	 1.000000	 7.026922
-45	 0.968750	 1.000000	 1.000000	 7.255665
-48	 0.972093	 1.000000	 1.000000	 7.512631
-49	 0.959184	 1.000000	 1.000000	 7.693073
-46	 0.976190	 1.000000	 1.000000	 7.991982
-47	 0.957747	 1.000000	 1.000000	 8.163396
-48	 0.963415	 1.000000	 1.000000	 8.359324
-48	 0.857143	 1.000000	 1.000000	 8.415995
-53	 0.983379	 1.000000	 1.000000	 8.838589
-47	 0.923077	 1.000000	 1.000000	 8.938339
-54	 0.978648	 1.000000	 1.000000	 9.269890
-58	 0.938776	 1.000000	 1.000000	 9.391543
-58	 0.955882	 1.000000	 1.000000	 9.557177
-60	 0.981481	 1.000000	 1.000000	 9.941857
-54	 0.934783	 1.000000	 1.000000	 10.056085
-61	 0.915493	 1.000000	 1.000000	 10.144684
-58	 0.918919	 1.000000	 1.000000	 10.237864
-64	 0.978571	 1.000000	 1.000000	 10.573896
-65	 0.979381	 1.000000	 1.000000	 10.922354
-65	 0.946429	 1.000000	 1.000000	 11.060037
-65	 0.971292	 1.000000	 1.000000	 11.311898
-66	 0.949153	 1.000000	 1.000000	 11.457060
-67	 0.932584	 1.000000	 1.000000	 11.567664
-65	 0.949153	 1.000000	 1.000000	 11.712082
-68	 0.970149	 0.925373	 0.927184	 13.994200
-75	 0.977273	 1.000000	 1.000000	 14.312166
-73	 0.976471	 1.000000	 1.000000	 14.615594
-69	 0.967033	 1.000000	 1.000000	 14.836203
-73	 0.964497	 1.000000	 1.000000	 15.040670
-74	 0.975000	 1.000000	 1.000000	 15.326634
-71	 0.964072	 1.000000	 1.000000	 15.525921
-77	 0.972851	 1.000000	 1.000000	 15.790703
-73	 0.914286	 1.000000	 1.000000	 15.879378
-71	 0.903226	 1.000000	 1.000000	 15.958810
-74	 0.978417	 1.000000	 1.000000	 16.288982
-69	 0.974684	 1.000000	 1.000000	 16.570107
-69	 0.959184	 1.000000	 1.000000	 16.750555
-73	 0.951613	 1.000000	 1.000000	 16.902704
-69	 0.953488	 1.000000	 1.000000	 17.059820
-71	 0.913043	 1.000000	 1.000000	 17.146210
-70	 0.937500	 1.000000	 1.000000	 17.266245
-63	 0.953846	 1.000000	 1.000000	 17.425627
-68	 0.964912	 1.000000	 1.000000	 17.631413
-67	 0.967914	 1.000000	 1.000000	 17.854916
-66	 0.971429	 1.000000	 1.000000	 18.105692
-68	 0.976471	 1.000000	 1.000000	 18.409447
-69	 0.977444	 1.000000	 1.000000	 18.726711
-67	 0.933333	 1.000000	 1.000000	 18.836699
-67	 0.950413	 1.000000	 1.000000	 18.985271
-68	 0.915493	 1.000000	 1.000000	 19.075312
-63	 0.967742	 1.000000	 1.000000	 19.299931
-62	 0.977273	 1.000000	 1.000000	 19.616798
-63	 0.956835	 1.000000	 1.000000	 19.785463
-63	 0.960000	 1.000000	 1.000000	 19.966360
-56	 0.964072	 1.000000	 1.000000	 20.169811
-53	 0.924051	 1.000000	 1.000000	 20.268953
-49	 0.978102	 1.000000	 1.000000	 20.599226
-53	 0.941748	 1.000000	 1.000000	 20.725016
-53	 0.953488	 1.000000	 1.000000	 20.880896
-53	 0.973684	 1.000000	 1.000000	 21.152613
-51	 0.958333	 1.000000	 1.000000	 21.326674
-55	 0.962733	 1.000000	 1.000000	 21.521656
-50	 0.971429	 1.000000	 1.000000	 21.773109
-54	 0.963415	 1.000000	 1.000000	 21.972095
-53	 0.968912	 1.000000	 1.000000	 22.205425
-43	 0.957747	 0.704225	 0.762712	 23.231274
-50	 0.965116	 1.000000	 1.000000	 23.626274
-61	 0.948718	 1.000000	 1.000000	 23.957518
-62	 0.953846	 1.000000	 1.000000	 24.245626
-60	 0.949580	 1.000000	 1.000000	 24.389627
-68	 0.974026	 1.000000	 1.000000	 24.991934
-66	 0.904762	 1.000000	 1.000000	 25.070881
-68	 0.968421	 1.000000	 1.000000	 25.492701
-69	 0.972222	 1.000000	 1.000000	 26.108431
-71	 0.979167	 1.000000	 1.000000	 26.585939
-71	 0.969697	 1.000000	 1.000000	 27.140705
-73	 0.970588	 1.000000	 1.000000	 27.582123
-70	 0.958904	 1.000000	 1.000000	 27.889687
-70	 0.968085	 1.000000	 1.000000	 28.248867
-66	 0.903226	 1.000000	 1.000000	 28.382235
-71	 0.942857	 1.000000	 1.000000	 28.722910
-75	 0.970732	 1.000000	 1.000000	 28.976055
-71	 0.970000	 1.000000	 1.000000	 29.216438
-74	 0.982808	 1.000000	 1.000000	 29.629354
-74	 0.952381	 1.000000	 1.000000	 29.783457
-76	 0.931035	 1.000000	 1.000000	 29.891443
-77	 0.945455	 1.000000	 1.000000	 30.026789
-75	 0.952000	 1.000000	 1.000000	 30.179598
-74	 0.965714	 1.000000	 1.000000	 30.392574
-75	 0.956204	 1.000000	 1.000000	 30.561405
-74	 0.968421	 1.000000	 1.000000	 30.794254
-75	 0.978495	 1.000000	 1.000000	 31.126228
-75	 0.966851	 1.000000	 1.000000	 31.341862
-70	 0.952381	 1.000000	 1.000000	 31.496891
-71	 0.939394	 1.000000	 1.000000	 31.619143
-80	 0.964497	 1.000000	 1.000000	 31.824640
-77	 0.975510	 1.000000	 1.000000	 32.122250
-76	 0.940594	 1.000000	 1.000000	 32.247944
-77	 0.962264	 1.000000	 1.000000	 32.442341
-79	 0.966480	 1.000000	 1.000000	 32.663975
-75	 0.963855	 1.000000	 1.000000	 32.866455
-77	 0.914286	 1.000000	 1.000000	 32.957966
-74	 0.939394	 1.000000	 1.000000	 33.080456
-78	 0.970443	 1.000000	 1.000000	 33.327026
-76	 0.948276	 1.000000	 1.000000	 33.467945
-77	 0.957447	 1.000000	 1.000000	 33.639042
-75	 0.907692	 1.000000	 1.000000	 33.722515
-75	 0.943396	 1.000000	 1.000000	 33.849880
-76	 0.964497	 1.000000	 1.000000	 34.054203
-76	 0.931818	 1.000000	 1.000000	 34.166264
-78	 0.964912	 1.000000	 1.000000	 34.379299
-77	 0.917808	 1.000000	 1.000000	 34.472652
-77	 0.972350	 1.000000	 1.000000	 34.737114
-78	 0.700000	 1.000000	 1.000000	 34.788982
-80	 0.846154	 1.000000	 1.000000	 34.845451
-81	 0.955224	 1.000000	 1.000000	 35.010551
-80	 0.684211	 1.000000	 1.000000	 35.044594
-81	 0.666667	 1.000000	 1.000000	 35.084549
-82	 0.666667	 1.000000	 1.000000	 35.129250
-82	 0.142857	 1.000000	 1.000000	 35.181835
-81	 0.833333	 1.000000	 1.000000	 35.235569
-82	 0.900000	 1.000000	 1.000000	 35.315556
-81	 0.892857	 1.000000	 1.000000	 35.395008
-82	 0.890909	 1.000000	 1.000000	 35.470879
-82	 0.777778	 1.000000	 1.000000	 35.528542
-82	 0.000000	 1.000000	 1.000000	 35.582081
-82	 0.000000	 1.000000	 1.000000	 35.616585
-82	 0.793103	 1.000000	 1.000000	 35.668411
-81	 0.842105	 1.000000	 1.000000	 35.721233
-81	 0.793103	 1.000000	 1.000000	 35.780067
-83	 0.860465	 1.000000	 1.000000	 35.845451
-83	 0.647059	 1.000000	 1.000000	 35.872719
-84	 0.869565	 1.000000	 1.000000	 35.955055
-83	 0.400000	 1.000000	 1.000000	 35.988949
-82	 0.000000	 1.000000	 1.000000	 36.045818
-83	 0.538462	 1.000000	 1.000000	 36.088085
-82	 0.777778	 1.000000	 1.000000	 36.132248
-80	 0.538462	 1.000000	 1.000000	 36.164665
-84	 0.000000	 1.000000	 1.000000	 36.191071
-83	 0.000000	 1.000000	 1.000000	 36.227139
-81	 0.000000	 1.000000	 1.000000	 36.284664
-81	 0.000000	 1.000000	 1.000000	 36.331100
-81	 0.882353	 1.000000	 1.000000	 36.405121
-82	 0.944954	 1.000000	 1.000000	 36.541672
-82	 0.937500	 1.000000	 1.000000	 36.663902
-79	 0.941176	 1.000000	 1.000000	 36.790501
-84	 0.945455	 1.000000	 1.000000	 36.927307
-80	 0.915493	 1.000000	 1.000000	 37.016533
-81	 0.954198	 1.000000	 1.000000	 37.180073
-81	 0.806452	 1.000000	 1.000000	 37.234455
-82	 0.000000	 1.000000	 1.000000	 37.283741
-82	 0.000000	 1.000000	 1.000000	 37.339348
-82	 0.000000	 1.000000	 1.000000	 37.375149
-83	 0.000000	 1.000000	 1.000000	 37.431660
-78	 0.250000	 1.000000	 1.000000	 37.462494
-80	 0.250000	 1.000000	 1.000000	 37.504787
-80	 0.400000	 1.000000	 1.000000	 37.524269
-82	 0.625000	 1.000000	 1.000000	 37.555683
-83	 0.333333	 1.000000	 1.000000	 37.579247
-83	 0.000000	 1.000000	 1.000000	 37.602310
-83	 0.000000	 1.000000	 1.000000	 37.624420
-83	 0.000000	 1.000000	 1.000000	 37.646816
-83	 0.000000	 1.000000	 1.000000	 37.665440
-83	 0.000000	 1.000000	 1.000000	 37.690800
-83	 0.000000	 1.000000	 1.000000	 37.716354
-83	 0.000000	 1.000000	 1.000000	 37.744934
-79	 0.853659	 1.000000	 1.000000	 37.811230
-82	 0.777778	 1.000000	 1.000000	 37.860214
-83	 0.142857	 1.000000	 1.000000	 37.884594
-82	 0.000000	 1.000000	 1.000000	 37.904152
-83	 0.000000	 1.000000	 1.000000	 37.924576
-82	 0.000000	 1.000000	 1.000000	 37.944870
-83	 0.000000	 1.000000	 1.000000	 37.981174
-83	 0.142857	 1.000000	 1.000000	 38.031700
-82	 0.142857	 1.000000	 1.000000	 38.051605
-82	 0.600000	 1.000000	 1.000000	 38.076660
-81	 0.538462	 1.000000	 1.000000	 38.104061
-81	 0.333333	 1.000000	 1.000000	 38.128372
-81	 0.000000	 1.000000	 1.000000	 38.147850
-81	 0.333333	 1.000000	 1.000000	 38.170341
-82	 0.934783	 1.000000	 1.000000	 38.294018
-81	 0.000000	 1.000000	 -nan	 38.314384
-80	 0.857143	 1.000000	 1.000000	 38.397465
-82	 0.900000	 1.000000	 1.000000	 38.476555
-78	 0.948276	 1.000000	 1.000000	 38.623436
-83	 0.910448	 1.000000	 1.000000	 38.709869
-82	 0.812500	 1.000000	 1.000000	 38.756844
-81	 0.842105	 1.000000	 1.000000	 38.810974
-82	 0.769231	 1.000000	 1.000000	 38.850296
-83	 0.785714	 1.000000	 1.000000	 38.896313
-81	 0.853659	 1.000000	 1.000000	 38.961472
-80	 0.142857	 1.000000	 1.000000	 39.012455
-81	 0.000000	 1.000000	 1.000000	 39.052521
-80	 0.333333	 1.000000	 1.000000	 39.076065
-81	 0.950413	 1.000000	 1.000000	 39.224365
-82	 0.898305	 1.000000	 1.000000	 39.301380
-83	 0.000000	 1.000000	 1.000000	 39.343193
-82	 0.785714	 1.000000	 1.000000	 39.387608
-82	 0.853659	 1.000000	 1.000000	 39.461567
-82	 0.142857	 1.000000	 1.000000	 39.506763
-81	 0.853659	 1.000000	 1.000000	 39.566551
-78	 0.142857	 1.000000	 1.000000	 39.602894
-80	 0.760000	 1.000000	 1.000000	 39.654598
-82	 0.833333	 1.000000	 1.000000	 39.716782
-83	 0.400000	 1.000000	 1.000000	 39.768875
-82	 0.739130	 1.000000	 1.000000	 39.818462
-82	 0.907692	 1.000000	 1.000000	 39.902710
-83	 0.903226	 1.000000	 1.000000	 39.995132
-84	 0.700000	 1.000000	 1.000000	 40.027176
-82	 0.927711	 1.000000	 1.000000	 40.139057
-81	 0.911765	 1.000000	 1.000000	 40.226795
-81	 0.777778	 1.000000	 1.000000	 40.290428
-81	 0.000000	 1.000000	 1.000000	 40.335827
-80	 0.000000	 1.000000	 1.000000	 40.381504
-79	 0.400000	 1.000000	 1.000000	 40.411850
-79	 0.571429	 1.000000	 1.000000	 40.436348
-79	 0.333333	 1.000000	 1.000000	 40.458073
-79	 0.142857	 1.000000	 1.000000	 40.498230
-81	 0.000000	 1.000000	 1.000000	 40.544651
-82	 0.000000	 1.000000	 1.000000	 40.598461
-83	 0.000000	 1.000000	 1.000000	 40.640316
-83	 0.000000	 1.000000	 1.000000	 40.662342
-83	 0.000000	 1.000000	 1.000000	 40.686817
-84	 0.000000	 1.000000	 1.000000	 40.709427
-83	 0.000000	 1.000000	 1.000000	 40.737358
-83	 0.000000	 1.000000	 1.000000	 40.761086
-83	 0.000000	 1.000000	 1.000000	 40.782497
-83	 0.000000	 1.000000	 -nan	 40.805824
-83	 0.000000	 1.000000	 1.000000	 40.829853
-82	 0.000000	 1.000000	 1.000000	 40.875050
-83	 0.000000	 1.000000	 1.000000	 40.904900
-82	 0.000000	 1.000000	 1.000000	 40.926456
-80	 0.000000	 1.000000	 1.000000	 40.948887
-82	 0.000000	 1.000000	 1.000000	 40.972206
-83	 0.000000	 1.000000	 1.000000	 41.008343
-82	 0.000000	 1.000000	 1.000000	 41.030190
-81	 0.000000	 1.000000	 1.000000	 41.060184
-82	 0.000000	 1.000000	 1.000000	 41.080673
-82	 0.000000	 1.000000	 1.000000	 41.102863
-82	 0.000000	 1.000000	 1.000000	 41.122532
-83	 0.000000	 1.000000	 1.000000	 41.144634
-82	 0.000000	 1.000000	 1.000000	 41.228786
-82	 0.000000	 1.000000	 -nan	 41.256165
-82	 0.000000	 1.000000	 1.000000	 41.385941
-84	 0.000000	 1.000000	 -nan	 41.430065
-81	 0.000000	 1.000000	 1.000000	 41.628746
-81	 0.000000	 1.000000	 -nan	 41.668861
-83	 0.000000	 1.000000	 -nan	 41.698769
-81	 0.000000	 1.000000	 -nan	 41.723015
-81	 0.000000	 1.000000	 1.000000	 41.751057
-81	 0.000000	 1.000000	 1.000000	 41.776760
-80	 0.000000	 1.000000	 1.000000	 41.805351
-83	 0.000000	 1.000000	 1.000000	 41.827595
-82	 0.000000	 1.000000	 1.000000	 41.852406
-81	 0.000000	 1.000000	 1.000000	 41.874363
-83	 0.000000	 1.000000	 1.000000	 41.899944
-83	 0.000000	 1.000000	 1.000000	 41.961449
-83	 0.000000	 1.000000	 -nan	 42.098812
-82	 0.000000	 1.000000	 -nan	 42.127361
-81	 0.000000	 1.000000	 -nan	 42.147083
-79	 0.571429	 1.000000	 1.000000	 42.190578
-80	 0.000000	 1.000000	 1.000000	 42.212788
-80	 0.000000	 1.000000	 1.000000	 42.232552
-80	 0.000000	 1.000000	 1.000000	 42.255825
-80	 0.000000	 1.000000	 1.000000	 42.276562
-81	 0.000000	 1.000000	 1.000000	 42.301201
-81	 0.000000	 1.000000	 1.000000	 42.324196
-80	 0.000000	 1.000000	 1.000000	 42.346439
-81	 0.000000	 1.000000	 1.000000	 42.371189
-84	 0.000000	 1.000000	 1.000000	 42.389793
-81	 0.000000	 1.000000	 1.000000	 42.412025
-81	 0.000000	 1.000000	 1.000000	 42.434444
-81	 0.000000	 1.000000	 1.000000	 42.456669
-80	 0.000000	 1.000000	 1.000000	 42.478462
-80	 0.000000	 1.000000	 1.000000	 42.499035
-78	 0.000000	 1.000000	 1.000000	 42.519962
-82	 0.000000	 1.000000	 1.000000	 42.541233
-81	 0.000000	 1.000000	 -nan	 42.559650
-80	 0.000000	 1.000000	 1.000000	 42.584167
-83	 0.000000	 1.000000	 1.000000	 42.604042
-80	 0.000000	 1.000000	 1.000000	 42.628078
-84	 0.000000	 1.000000	 1.000000	 42.648323
-83	 0.000000	 1.000000	 1.000000	 42.670818
-83	 0.000000	 1.000000	 1.000000	 42.692284
-81	 0.000000	 1.000000	 1.000000	 42.716862
-84	 0.000000	 1.000000	 1.000000	 42.739662
-84	 0.000000	 1.000000	 1.000000	 42.757576
-83	 0.000000	 1.000000	 1.000000	 42.778587
-81	 0.000000	 1.000000	 1.000000	 42.798187
-80	 0.000000	 1.000000	 1.000000	 42.819977
-83	 0.000000	 1.000000	 1.000000	 42.841473
-81	 0.000000	 1.000000	 1.000000	 42.863850
-81	 0.000000	 1.000000	 1.000000	 42.884575
-81	 0.000000	 1.000000	 1.000000	 42.907883
-83	 0.000000	 1.000000	 1.000000	 42.932724
-84	 0.000000	 1.000000	 1.000000	 42.958420
-81	 0.000000	 1.000000	 1.000000	 42.986118
-82	 0.142857	 1.000000	 1.000000	 43.009689
-80	 0.000000	 1.000000	 1.000000	 43.032593
-81	 0.000000	 1.000000	 1.000000	 43.054661
-82	 0.000000	 1.000000	 1.000000	 43.080997
-82	 0.000000	 1.000000	 1.000000	 43.107224
-82	 0.000000	 1.000000	 1.000000	 43.131645
-82	 0.000000	 1.000000	 1.000000	 43.156727
-82	 0.000000	 1.000000	 1.000000	 43.178150
-82	 0.000000	 1.000000	 1.000000	 43.228115
-82	 0.000000	 1.000000	 -nan	 43.247532
-82	 0.000000	 1.000000	 -nan	 43.268444
-82	 0.000000	 1.000000	 -nan	 43.290245
-82	 0.000000	 1.000000	 -nan	 43.311981
-82	 0.000000	 1.000000	 -nan	 43.333485
-82	 0.000000	 1.000000	 -nan	 43.355598
-82	 0.000000	 1.000000	 1.000000	 43.377041
