HT20/SGI	 T	 MCS9	 21.7	96.5	 95.9	 72(	| 0.969849	 1.000000	 1.000000 |	-32	 1.342716
HT20/SGI	 T	 MCS9	 21.8	96.8	 98.6	 73(	| 0.967742	 1.000000	 1.000000 |	-32	 1.809843
HT20/SGI	 T	 MCS9	 22.0	97.8	 98.5	 70(	| 0.982405	 1.000000	 1.000000 |	-37	 2.391065
HT20/SGI	 T	 MCS9	 21.9	97.1	 97.2	 72(	| 0.976285	 1.000000	 1.000000 |	-48	 6.031686
HT20/SGI	 T	 MCS9	 21.8	96.8	 97.2	 71(	| 0.962500	 1.000000	 1.000000 |	-48	 6.294643
HT20/SGI	 T	 MCS9	 21.6	95.8	 97.2	 72(	| 0.958333	 1.000000	 1.000000 |	-55	 7.750498
HT20/SGI	 T	 MCS9	 21.9	97.2	 97.2	 71(	| 0.979310	 1.000000	 1.000000 |	-59	 7.958849
HT20/SGI	 T	 MCS9	 21.8	96.5	 95.5	 64(	| 0.963855	 1.000000	 1.000000 |	-77	 13.302789
HT20/SGI	 T	 MCS9	 21.0	93.4	 81.9	 59(	| 0.781250	 1.000000	 1.000000 |	-80	 15.970955
HT20/SGI	 T	 MCS9	 20.9	92.6	 90.2	 65(	| 0.913043	 1.000000	 1.000000 |	-82	 16.026367
HT20/SGI	 T	 MCS9	 21.2	94.3	 96.2	 51(	| 0.957447	 1.000000	 1.000000 |	-79	 16.228489
HT20/SGI	 T	 MCS9	 20.9	92.8	 81.8	 54(	| 0.870370	 1.000000	 1.000000 |	-79	 16.494413
HT20/SGI	 T	 MCS9	 21.4	94.8	 95.7	 67(	| 0.951219	 1.000000	 1.000000 |	-78	 17.162903
HT20/SGI	 T	 MCS9	 21.2	94.0	 91.6	 66(	| 0.914286	 1.000000	 1.000000 |	-80	 17.218054
HT20/SGI	 T	 MCS9	 22.1	98.0	 97.2	 72(	| 0.983784	 1.000000	 1.000000 |	-74	 18.269760
HT20/SGI	 T	 MCS9	 21.7	96.4	 95.8	 70(	| 0.961783	 1.000000	 1.000000 |	-73	 18.932791
HT20/SGI	 T	 MCS9	 21.9	97.2	 97.2	 71(	| 0.972851	 1.000000	 1.000000 |	-71	 19.574482
HT20/SGI	 T	 MCS9	 21.6	95.9	 94.5	 69(	| 0.934066	 1.000000	 1.000000 |	-57	 21.850943
HT20/SGI	 T	 MCS9	 21.6	95.9	 95.8	 70(	| 0.952381	 1.000000	 1.000000 |	-53	 22.109320
HT20/SGI	 T	 MCS9	 21.6	96.0	 95.9	 71(	| 0.935484	 1.000000	 1.000000 |	-57	 22.949366
HT20/SGI	 T	 MCS9	 21.6	95.9	 96.0	 73(	| 0.944882	 1.000000	 1.000000 |	-53	 24.152170
HT20/SGI	 T	 MCS9	 21.8	96.7	 97.3	 74(	| 0.964912	 1.000000	 1.000000 |	-52	 24.554317
HT20/SGI	 T	 MCS9	 21.9	97.1	 94.5	 70(	| 0.977012	 1.000000	 1.000000 |	-63	 25.540865
HT20/SGI	 T	 MCS9	 22.0	97.7	 95.7	 68(	| 0.984085	 1.000000	 1.000000 |	-68	 26.535948
HT20/SGI	 T	 MCS9	 21.8	96.7	 98.6	 72(	| 0.972973	 1.000000	 1.000000 |	-73	 29.753674
HT20/SGI	 T	 MCS9	 21.8	96.8	 93.0	 67(	| 0.969543	 1.000000	 1.000000 |	-80	 31.730766
HT20/SGI	 T	 MCS9	 17.5	77.8	 84.7	 61(	| 0.907692	 1.000000	 1.000000 |	-79	 31.992563
HT20/SGI	 MCS9	 0.0	 1.2	0.0	 0(	 24)	| 0.000000	 1.000000	 1.000000 |	-85	 34.841644
HT20/SGI	 MCS9	 0.0	 0.4	0.0	 0(	 15)	| 0.000000	 1.000000	 1.000000 |	-82	 35.042671
HT20/SGI	 MCS9	 0.0	 0.3	0.0	 0(	 27)	| 0.000000	 1.000000	 1.000000 |	-83	 35.100227
HT20/SGI	 MCS9	 0.0	 0.2	0.0	 0(	 18)	| 0.000000	 1.000000	 1.000000 |	-83	 35.153614
HT20/SGI	 MCS9	 0.0	 0.1	0.0	 0(	 17)	| 0.000000	 1.000000	 1.000000 |	-84	 35.256668
HT20/SGI	 MCS9	 0.0	 0.0	0.0	 0(	 26)	| 0.000000	 1.000000	 1.000000 |	-83	 35.418732
HT20/SGI	 MCS9	 5.3	 23.8	0.0	 0(	 26)	| 0.000000	 1.000000	 1.000000 |	-83	 35.682606
HT20/SGI	 MCS9	 0.0	 9.4	0.0	 0(	 27)	| 0.000000	 1.000000	 1.000000 |	-81	 36.144699
HT20/SGI	 MCS9	 0.0	 0.9	0.0	 0(	 7)	| 0.000000	 1.000000	 -nan |	-86	 36.659775
HT20/SGI	 MCS9	 0.0	 1.9	0.0	 0(	 9)	| 0.000000	 1.000000	 1.000000 |	-84	 36.761074
HT20/SGI	 T	 MCS9	 8.4	37.3	 45.9	 17(	| 0.000000	 1.000000	 1.000000 |	-82	 37.489216
HT20/SGI	 T	 MCS9	 8.5	37.8	 63.4	 40(	| 0.793103	 1.000000	 1.000000 |	-80	 37.598431
HT20/SGI	 T	 MCS9	 12.8	56.7	 90.2	 65(	| 0.875000	 1.000000	 1.000000 |	-80	 37.710705
HT20/SGI	 T	 MCS9	 17.4	77.1	 79.4	 58(	| 0.825000	 1.000000	 1.000000 |	-82	 37.966389
HT20/SGI	 T	 MCS9	 15.8	70.3	 53.5	 30(	| 0.750000	 1.000000	 1.000000 |	-80	 38.066757
HT20/SGI	 MCS9	 5.6	 24.8	2.4	 1(	 40)	| 0.000000	 1.000000	 1.000000 |	-83	 38.434723
HT20/SGI	 T	 MCS9	 10.3	45.7	 56.2	 27(	| 0.806452	 1.000000	 1.000000 |	-84	 38.594765
HT20/SGI	 MCS9	 3.6	 16.0	54.8	 17(	 31)	| 0.000000	 1.000000	 1.000000 |	-82	 39.514961
HT20/SGI	 MCS9	 2.7	 12.0	0.0	 0(	 18)	| 0.000000	 1.000000	 1.000000 |	-85	 39.567097
HT20/SGI	 MCS9	 0.0	 9.0	0.0	 0(	 18)	| 0.000000	 1.000000	 1.000000 |	-84	 39.618603
HT20/SGI	 MCS9	 0.0	 5.0	0.0	 0(	 19)	| 0.000000	 1.000000	 1.000000 |	-84	 39.724922
HT20/SGI	 MCS9	 0.0	 0.9	0.0	 0(	 18)	| 0.000000	 1.000000	 1.000000 |	-83	 40.037605
HT20/SGI	 MCS9	 0.0	 0.3	0.0	 0(	 17)	| 0.000000	 1.000000	 1.000000 |	-85	 40.194340
HT20/SGI	 MCS9	 0.0	 0.1	0.0	 0(	 16)	| 0.000000	 1.000000	 1.000000 |	-85	 40.347397
HT20/SGI	 T	 MCS9	 22.1	98.0	 100.0	 8(	| 0.250000	 1.000000	 1.000000 |	-78	 31.577049
HT20/SGI	 T	 MCS9	 15.4	68.6	 92.3	 12(	| 0.909091	 1.000000	 1.000000 |	-76	 32.049328
HT20/SGI	 T	 MCS9	 17.1	75.8	 97.6	 41(	| 0.000000	 1.000000	 1.000000 |	-79	 32.101627
HT20/SGI	 T	 MCS9	 15.5	68.9	 69.0	 29(	| 0.000000	 1.000000	 1.000000 |	-81	 32.324104
HT20/SGI	 T	 MCS9	 11.6	51.7	 0.0	 0(	| 0.000000	 1.000000	 1.000000 |	-81	 32.372955
HT20/SGI	 T	 MCS9	 15.0	66.8	 87.5	 21(	| 0.000000	 1.000000	 1.000000 |	-79	 32.534252
HT20/SGI	 T	 MCS9	 16.1	71.3	 95.2	 40(	| 0.142857	 1.000000	 1.000000 |	-80	 32.693123
HT20/SGI	 T	 MCS9	 6.3	28.2	 25.5	 12(	| 0.000000	 1.000000	 1.000000 |	-81	 33.062195
HT20/SGI	 MCS9	 3.1	 13.7	5.7	 2(	 35)	| 0.000000	 1.000000	 1.000000 |	-82	 33.229660
