-29	 0.981538	 1.000000	 1.000000	 0.153527
-29	 0.943925	 1.000000	 1.000000	 0.206192
-28	 0.968750	 1.000000	 1.000000	 0.302507
-28	 0.977359	 1.000000	 1.000000	 0.427514
-27	 0.950820	 1.000000	 1.000000	 0.487249
-27	 0.962500	 1.000000	 1.000000	 0.566518
-28	 0.968586	 1.000000	 1.000000	 0.656663
-28	 0.967391	 1.000000	 1.000000	 0.746177
-31	 0.966480	 1.000000	 1.000000	 0.834451
-28	 0.964912	 1.000000	 1.000000	 0.920963
-30	 0.972222	 1.000000	 1.000000	 1.025009
-27	 0.982353	 1.000000	 1.000000	 1.191869
-28	 0.988304	 1.000000	 1.000000	 1.437074
-25	 0.980132	 1.000000	 1.000000	 1.585173
-30	 0.988327	 1.000000	 1.000000	 1.825603
-33	 0.969388	 1.000000	 1.000000	 1.919285
-35	 0.987552	 1.000000	 1.000000	 2.149029
-36	 0.985949	 1.000000	 1.000000	 2.348738
-41	 0.907692	 1.000000	 1.000000	 2.382973
-38	 0.973978	 1.000000	 1.000000	 2.515572
-45	 0.979094	 1.000000	 1.000000	 2.651173
-42	 0.962264	 1.000000	 1.000000	 2.729458
-44	 0.980263	 1.000000	 1.000000	 2.876322
-44	 0.914286	 1.000000	 1.000000	 2.912530
-37	 0.986111	 1.000000	 1.000000	 3.119004
-39	 0.979933	 1.000000	 1.000000	 3.261540
-39	 0.965909	 1.000000	 1.000000	 3.347570
-41	 0.966292	 1.000000	 1.000000	 3.433764
-45	 0.983287	 1.000000	 1.000000	 3.606422
-42	 0.950413	 1.000000	 1.000000	 3.669178
-47	 0.991655	 1.000000	 1.000000	 4.004653
-47	 0.938776	 1.000000	 1.000000	 4.053530
-46	 0.986667	 1.000000	 1.000000	 4.267619
-47	 0.980000	 1.000000	 1.000000	 4.409367
-47	 0.938776	 1.000000	 1.000000	 4.460001
-46	 0.963636	 1.000000	 1.000000	 4.539658
-46	 0.974468	 1.000000	 1.000000	 4.655519
-44	 0.982808	 1.000000	 1.000000	 4.825537
-43	 0.973568	 1.000000	 1.000000	 4.936640
-45	 0.973094	 1.000000	 1.000000	 5.045100
-47	 0.980392	 1.000000	 1.000000	 5.194989
-48	 0.962963	 1.000000	 1.000000	 5.273340
-47	 0.979167	 1.000000	 1.000000	 5.408962
-45	 0.971429	 1.000000	 1.000000	 5.507994
-52	 0.979592	 1.000000	 1.000000	 5.651028
-48	 0.982709	 1.000000	 1.000000	 5.817251
-42	 0.973214	 1.000000	 1.000000	 5.924991
-44	 0.964646	 1.000000	 1.000000	 6.024142
-50	 0.962025	 1.000000	 1.000000	 6.102630
-50	 0.978723	 1.000000	 1.000000	 6.267669
-51	 0.952381	 1.000000	 1.000000	 6.328834
-51	 0.969543	 1.000000	 1.000000	 6.425094
-50	 0.977012	 1.000000	 1.000000	 6.556915
-50	 0.957143	 1.000000	 1.000000	 6.626094
-51	 0.906250	 1.000000	 1.000000	 6.659964
-51	 0.969849	 1.000000	 1.000000	 6.756679
-51	 0.955882	 1.000000	 1.000000	 6.825043
-52	 0.952756	 1.000000	 1.000000	 6.886903
-55	 0.973684	 1.000000	 1.000000	 6.999151
-51	 0.976000	 1.000000	 1.000000	 7.121867
-50	 0.973333	 1.000000	 1.000000	 7.229059
-51	 0.958621	 1.000000	 1.000000	 7.300870
-48	 0.982857	 1.000000	 1.000000	 7.468861
-52	 0.974895	 1.000000	 1.000000	 7.589186
-52	 0.960265	 1.000000	 1.000000	 7.663845
-52	 0.975410	 1.000000	 1.000000	 7.784508
-52	 0.970732	 1.000000	 1.000000	 7.881996
-55	 0.972727	 1.000000	 1.000000	 7.989608
-59	 0.981424	 1.000000	 1.000000	 8.148124
-56	 0.980645	 1.000000	 1.000000	 8.301281
-54	 0.971014	 1.000000	 1.000000	 8.399282
-51	 0.960784	 1.000000	 1.000000	 8.474294
-55	 0.979798	 1.000000	 1.000000	 8.619112
-58	 0.972727	 1.000000	 1.000000	 8.725318
-51	 0.991150	 1.000000	 1.000000	 9.062145
-53	 0.969849	 1.000000	 1.000000	 9.159496
-54	 0.973214	 1.000000	 1.000000	 9.269596
-55	 0.980892	 1.000000	 1.000000	 9.424121
-54	 0.944954	 1.000000	 1.000000	 9.475085
-57	 0.975207	 1.000000	 1.000000	 9.593941
-56	 0.960452	 1.000000	 1.000000	 9.680702
-61	 0.966480	 1.000000	 1.000000	 9.769896
-54	 0.975904	 1.000000	 1.000000	 9.896467
-60	 0.981928	 1.000000	 1.000000	 10.060294
-59	 0.922078	 1.000000	 1.000000	 10.101154
-58	 0.952756	 1.000000	 1.000000	 10.165210
-61	 0.978022	 1.000000	 1.000000	 10.298213
-63	 0.966480	 1.000000	 1.000000	 10.385814
-61	 0.975904	 1.000000	 1.000000	 10.506885
-60	 0.983871	 1.000000	 1.000000	 10.686607
-61	 0.915493	 1.000000	 1.000000	 10.722450
-57	 0.968254	 1.000000	 1.000000	 10.816268
-59	 0.957447	 1.000000	 1.000000	 10.885995
-61	 0.977941	 1.000000	 1.000000	 11.017139
-58	 0.948276	 1.000000	 1.000000	 11.074197
-60	 0.905882	 1.000000	 1.000000	 11.117712
-62	 0.954887	 1.000000	 1.000000	 11.185039
-68	 0.991678	 1.000000	 1.000000	 11.605770
-71	 0.968750	 1.000000	 1.000000	 11.703433
-74	 0.957143	 1.000000	 1.000000	 11.772101
-71	 0.964286	 1.000000	 1.000000	 11.868987
-71	 0.966527	 1.000000	 1.000000	 11.985662
-68	 0.970588	 1.000000	 1.000000	 12.086889
-69	 0.976744	 1.000000	 1.000000	 12.215514
-72	 0.965909	 1.000000	 1.000000	 12.302680
-72	 0.953125	 1.000000	 1.000000	 12.369814
-71	 0.892308	 1.000000	 1.000000	 12.404914
-72	 0.950413	 1.000000	 1.000000	 12.467256
-73	 0.963636	 1.000000	 1.000000	 12.564957
-71	 0.928571	 1.000000	 1.000000	 12.609908
-74	 0.955556	 1.000000	 1.000000	 12.679387
-74	 0.837838	 1.000000	 1.000000	 12.707107
-74	 0.940000	 1.000000	 1.000000	 12.758023
-74	 0.825000	 1.000000	 1.000000	 12.781129
-75	 0.910448	 1.000000	 1.000000	 12.817510
-70	 0.964072	 1.000000	 1.000000	 12.899232
-72	 0.967213	 1.000000	 1.000000	 12.993789
-70	 0.968912	 1.000000	 1.000000	 13.090478
-69	 0.978571	 1.000000	 1.000000	 13.231679
-67	 0.958333	 1.000000	 1.000000	 13.304236
-67	 0.971292	 1.000000	 1.000000	 13.407988
-72	 0.910448	 1.000000	 1.000000	 13.445514
-73	 0.924731	 1.000000	 1.000000	 13.500531
-75	 0.906250	 1.000000	 1.000000	 13.537478
-74	 0.940000	 1.000000	 1.000000	 13.588130
-73	 0.926829	 1.000000	 1.000000	 13.652673
-77	 0.142857	 1.000000	 -nan	 13.682785
-75	 0.904762	 1.000000	 1.000000	 13.714853
-78	 0.812500	 1.000000	 1.000000	 13.735708
-75	 0.900000	 1.000000	 1.000000	 13.777276
-78	 0.500000	 1.000000	 1.000000	 13.814612
-76	 0.939394	 1.000000	 1.000000	 13.866642
-74	 0.968254	 1.000000	 1.000000	 13.961671
-75	 0.879310	 1.000000	 1.000000	 13.993239
-77	 0.454545	 1.000000	 1.000000	 14.003146
-74	 0.957747	 1.000000	 1.000000	 14.071545
-75	 0.947761	 1.000000	 1.000000	 14.148613
-75	 0.000000	 1.000000	 -nan	 14.183251
-74	 0.695652	 1.000000	 1.000000	 14.205215
-76	 0.739130	 1.000000	 1.000000	 14.219228
-76	 0.919192	 1.000000	 1.000000	 14.283148
-76	 0.932584	 1.000000	 1.000000	 14.329681
-75	 0.846154	 1.000000	 1.000000	 14.352596
-72	 0.971014	 1.000000	 1.000000	 14.454241
-72	 0.666667	 1.000000	 1.000000	 14.482211
-71	 0.930693	 1.000000	 1.000000	 14.533195
-75	 0.959302	 1.000000	 1.000000	 14.616852
-73	 0.946429	 1.000000	 1.000000	 14.672910
-71	 0.869565	 1.000000	 1.000000	 14.708969
-70	 0.960784	 1.000000	 1.000000	 14.785120
-71	 0.948529	 1.000000	 1.000000	 14.857126
-73	 0.890909	 1.000000	 1.000000	 14.890888
-74	 0.938144	 1.000000	 1.000000	 14.943468
-78	 0.000000	 1.000000	 1.000000	 14.989192
-77	 0.611111	 1.000000	 -nan	 15.009515
-78	 0.760000	 1.000000	 1.000000	 15.036002
-79	 0.400000	 1.000000	 1.000000	 15.059471
-76	 0.922078	 1.000000	 1.000000	 15.120064
-74	 0.000000	 1.000000	 -nan	 15.165785
-77	 0.500000	 1.000000	 1.000000	 15.180274
-77	 0.538462	 1.000000	 1.000000	 15.192783
-78	 0.454545	 1.000000	 1.000000	 15.220949
-76	 0.500000	 1.000000	 1.000000	 15.246783
-78	 0.923077	 1.000000	 1.000000	 15.289929
-77	 0.000000	 1.000000	 1.000000	 15.325386
-78	 0.454545	 1.000000	 1.000000	 15.335707
-77	 0.400000	 1.000000	 1.000000	 15.347787
-75	 0.333333	 1.000000	 1.000000	 15.389266
-78	 0.833333	 1.000000	 1.000000	 15.432813
-74	 0.571429	 1.000000	 -nan	 15.461112
-76	 0.952756	 1.000000	 1.000000	 15.525102
-75	 0.922078	 1.000000	 1.000000	 15.565244
-77	 0.785714	 1.000000	 1.000000	 15.604339
-76	 0.875000	 1.000000	 1.000000	 15.642804
-81	 0.684211	 1.000000	 1.000000	 15.689771
-77	 0.000000	 1.000000	 -nan	 15.725538
-77	 0.500000	 1.000000	 -nan	 15.744056
-78	 0.571429	 1.000000	 -nan	 15.770112
-79	 0.000000	 1.000000	 -nan	 15.811146
-78	 0.000000	 1.000000	 1.000000	 15.853512
-81	 0.000000	 1.000000	 1.000000	 15.901179
-76	 0.000000	 1.000000	 1.000000	 15.935313
-73	 0.000000	 1.000000	 1.000000	 15.980439
-78	 0.000000	 1.000000	 1.000000	 15.997505
-79	 0.000000	 1.000000	 1.000000	 16.036304
-78	 0.777778	 1.000000	 1.000000	 16.069168
-80	 0.000000	 1.000000	 1.000000	 16.092794
-78	 0.384615	 1.000000	 1.000000	 16.117144
-78	 0.000000	 1.000000	 1.000000	 16.131851
-77	 0.758621	 1.000000	 1.000000	 16.161633
-77	 0.000000	 1.000000	 -nan	 16.176653
-75	 0.914634	 1.000000	 1.000000	 16.237185
-76	 0.142857	 1.000000	 -nan	 16.261642
-77	 0.909091	 1.000000	 1.000000	 16.295855
-77	 0.946903	 1.000000	 1.000000	 16.361223
-77	 0.945946	 1.000000	 1.000000	 16.424667
-78	 0.727273	 1.000000	 1.000000	 16.448256
-77	 0.625000	 1.000000	 1.000000	 16.460024
-76	 0.913043	 1.000000	 1.000000	 16.509150
-78	 0.000000	 1.000000	 -nan	 16.547506
-79	 0.000000	 1.000000	 1.000000	 16.596115
-79	 0.000000	 1.000000	 -nan	 16.633865
-78	 0.000000	 1.000000	 -nan	 16.677240
-77	 0.000000	 1.000000	 -nan	 16.704140
-76	 0.714286	 1.000000	 -nan	 16.717983
-76	 0.571429	 1.000000	 1.000000	 16.732828
-75	 0.720000	 1.000000	 1.000000	 16.747309
-77	 0.588235	 1.000000	 1.000000	 16.765337
-75	 0.823529	 1.000000	 -nan	 16.805132
-77	 0.818182	 1.000000	 1.000000	 16.823532
-75	 0.880000	 1.000000	 1.000000	 16.857162
-77	 0.958904	 1.000000	 1.000000	 16.931524
-76	 0.953488	 1.000000	 1.000000	 17.005276
-74	 0.929412	 1.000000	 1.000000	 17.065069
-74	 0.970588	 1.000000	 1.000000	 17.168726
-76	 0.857143	 1.000000	 1.000000	 17.196856
-75	 0.894737	 1.000000	 1.000000	 17.228588
-72	 0.904762	 1.000000	 1.000000	 17.261852
-74	 0.969231	 1.000000	 1.000000	 17.356981
-74	 0.890909	 1.000000	 1.000000	 17.392164
-76	 0.955556	 1.000000	 1.000000	 17.458736
-72	 0.935484	 1.000000	 1.000000	 17.505310
-74	 0.944444	 1.000000	 1.000000	 17.568716
-71	 0.959459	 1.000000	 1.000000	 17.642748
-70	 0.969697	 1.000000	 1.000000	 17.739855
-66	 0.977186	 1.000000	 1.000000	 17.866970
-69	 0.971429	 1.000000	 1.000000	 17.970413
-70	 0.978339	 1.000000	 1.000000	 18.104143
-71	 0.962733	 1.000000	 1.000000	 18.184729
-71	 0.967914	 1.000000	 1.000000	 18.278008
-68	 0.978648	 1.000000	 1.000000	 18.416039
-67	 0.962963	 1.000000	 1.000000	 18.510260
-68	 0.975510	 1.000000	 1.000000	 18.629168
-69	 0.970297	 1.000000	 1.000000	 18.728176
-71	 0.949153	 1.000000	 1.000000	 18.789846
-68	 0.962963	 1.000000	 1.000000	 18.869875
-64	 0.947761	 1.000000	 1.000000	 18.936707
-65	 0.960452	 1.000000	 1.000000	 19.024792
-63	 0.981132	 1.000000	 1.000000	 19.178829
-62	 0.962733	 1.000000	 1.000000	 19.257046
-62	 0.959184	 1.000000	 1.000000	 19.329515
-61	 0.953947	 1.000000	 1.000000	 19.405231
-64	 0.971014	 1.000000	 1.000000	 19.504641
-63	 0.966480	 1.000000	 1.000000	 19.593222
-64	 0.975104	 1.000000	 1.000000	 19.711308
-67	 0.959184	 1.000000	 1.000000	 19.785345
-70	 0.927835	 1.000000	 1.000000	 19.836542
-64	 0.880000	 1.000000	 1.000000	 19.865856
-69	 0.968085	 1.000000	 1.000000	 19.958986
-65	 0.968750	 1.000000	 1.000000	 20.053703
-68	 0.966667	 1.000000	 1.000000	 20.142237
-66	 0.976562	 1.000000	 1.000000	 20.268074
-66	 0.966851	 1.000000	 1.000000	 20.356861
-64	 0.980198	 1.000000	 1.000000	 20.504442
-66	 0.978261	 1.000000	 1.000000	 20.639473
-65	 0.981818	 1.000000	 1.000000	 20.803841
-65	 0.939394	 1.000000	 1.000000	 20.853996
-65	 0.978339	 1.000000	 1.000000	 20.992125
-64	 0.977273	 1.000000	 1.000000	 21.123003
-63	 0.983333	 1.000000	 1.000000	 21.298506
-62	 0.979021	 1.000000	 1.000000	 21.436930
-63	 0.970443	 1.000000	 1.000000	 21.545778
-60	 0.982507	 1.000000	 1.000000	 21.712502
-58	 0.981191	 1.000000	 1.000000	 21.868561
-58	 0.955556	 1.000000	 1.000000	 21.946783
-57	 0.666667	 1.000000	 1.000000	 21.958153
-57	 0.973451	 1.000000	 1.000000	 22.066242
-59	 0.982507	 1.000000	 1.000000	 22.233086
-56	 0.965909	 1.000000	 1.000000	 22.321442
-59	 0.968586	 1.000000	 1.000000	 22.415710
-54	 0.985849	 1.000000	 1.000000	 22.630493
-59	 0.941748	 1.000000	 1.000000	 22.680981
-54	 0.977444	 1.000000	 1.000000	 22.810553
-54	 0.955882	 1.000000	 1.000000	 22.878607
-50	 0.970874	 1.000000	 1.000000	 22.982464
-56	 0.982196	 1.000000	 1.000000	 23.148230
-54	 0.990132	 1.000000	 1.000000	 23.440548
-48	 0.966667	 1.000000	 1.000000	 23.531193
-50	 0.972477	 1.000000	 1.000000	 23.637251
-45	 0.976190	 1.000000	 1.000000	 23.760105
-42	 0.973568	 1.000000	 1.000000	 23.874865
-50	 0.970588	 1.000000	 1.000000	 23.978357
-50	 0.980263	 1.000000	 1.000000	 24.124092
-47	 0.978102	 1.000000	 1.000000	 24.284101
-47	 0.980952	 1.000000	 1.000000	 24.452835
-50	 0.983287	 1.000000	 1.000000	 24.626436
-55	 0.988528	 1.000000	 1.000000	 24.877321
-59	 0.972603	 1.000000	 1.000000	 24.985029
-56	 0.933333	 1.000000	 1.000000	 25.030863
-53	 0.970000	 1.000000	 1.000000	 25.132587
-68	 0.980583	 1.000000	 1.000000	 25.285465
-67	 0.959459	 1.000000	 1.000000	 25.361120
-66	 0.966851	 1.000000	 1.000000	 25.449162
-69	 0.983784	 1.000000	 1.000000	 25.627541
-71	 0.942308	 1.000000	 1.000000	 25.679520
-68	 0.964072	 1.000000	 1.000000	 25.762899
-69	 0.980645	 1.000000	 1.000000	 25.916494
-70	 0.975000	 1.000000	 1.000000	 26.036560
-71	 0.966102	 1.000000	 1.000000	 26.126184
-74	 0.982405	 1.000000	 1.000000	 26.293045
-74	 0.926829	 1.000000	 1.000000	 26.337109
-72	 0.975708	 1.000000	 1.000000	 26.456802
-70	 0.960526	 1.000000	 1.000000	 26.532946
-70	 0.966667	 1.000000	 1.000000	 26.621260
-72	 0.979730	 1.000000	 1.000000	 26.765177
-72	 0.978723	 1.000000	 1.000000	 26.900637
-74	 0.921053	 1.000000	 1.000000	 26.943638
-74	 0.750000	 1.000000	 1.000000	 26.980610
-72	 0.956522	 1.000000	 1.000000	 27.048420
-71	 0.970000	 1.000000	 1.000000	 27.146111
-75	 0.970874	 1.000000	 1.000000	 27.247925
-73	 0.948718	 1.000000	 1.000000	 27.305992
-73	 0.973333	 1.000000	 1.000000	 27.416676
-77	 0.890909	 1.000000	 1.000000	 27.446491
-73	 0.906250	 1.000000	 1.000000	 27.500885
-72	 0.966102	 1.000000	 1.000000	 27.588713
-74	 0.909091	 1.000000	 1.000000	 27.622789
-71	 0.969231	 1.000000	 1.000000	 27.719204
-70	 0.943925	 1.000000	 1.000000	 27.773468
-74	 0.972000	 1.000000	 1.000000	 27.893204
-72	 0.967568	 1.000000	 1.000000	 27.985397
-78	 0.978261	 1.000000	 1.000000	 28.131088
-74	 0.956522	 1.000000	 1.000000	 28.204634
-76	 0.955224	 1.000000	 1.000000	 28.274374
-76	 0.944444	 1.000000	 1.000000	 28.341091
-74	 0.938931	 1.000000	 1.000000	 28.425140
-73	 0.975000	 1.000000	 1.000000	 28.564837
-76	 0.946429	 1.000000	 1.000000	 28.625139
-73	 0.955882	 1.000000	 1.000000	 28.704979
-74	 0.976285	 1.000000	 1.000000	 28.828905
-75	 0.948529	 1.000000	 1.000000	 28.901283
-74	 0.857143	 1.000000	 1.000000	 28.944712
-74	 0.500000	 1.000000	 1.000000	 28.959972
-71	 0.963415	 1.000000	 1.000000	 29.042482
-72	 0.948718	 1.000000	 1.000000	 29.101772
-74	 0.960784	 1.000000	 1.000000	 29.180021
-75	 0.959184	 1.000000	 1.000000	 29.254889
-77	 0.947368	 1.000000	 1.000000	 29.311516
-77	 0.842105	 1.000000	 1.000000	 29.333183
-76	 0.625000	 1.000000	 1.000000	 29.362938
-72	 0.922078	 1.000000	 1.000000	 29.413296
-76	 0.947826	 1.000000	 1.000000	 29.473972
-75	 0.500000	 1.000000	 1.000000	 29.491516
-75	 0.894737	 1.000000	 1.000000	 29.536905
-69	 0.932584	 1.000000	 1.000000	 29.596991
-76	 0.931818	 1.000000	 1.000000	 29.648190
-77	 0.956522	 1.000000	 1.000000	 29.722282
-76	 0.000000	 1.000000	 -nan	 29.757547
-73	 0.750000	 1.000000	 1.000000	 29.784632
-76	 0.910448	 1.000000	 1.000000	 29.821095
-75	 0.884058	 1.000000	 1.000000	 29.869148
-76	 0.975806	 1.000000	 1.000000	 29.993099
-77	 0.842105	 1.000000	 1.000000	 30.016256
-77	 0.500000	 1.000000	 -nan	 30.029165
-77	 0.684211	 1.000000	 1.000000	 30.042027
-73	 0.915493	 1.000000	 1.000000	 30.079672
-74	 0.945455	 1.000000	 1.000000	 30.135792
-73	 0.961039	 1.000000	 1.000000	 30.212626
-74	 0.934066	 1.000000	 1.000000	 30.258738
-75	 0.965909	 1.000000	 1.000000	 30.343725
-76	 0.538462	 1.000000	 1.000000	 30.375525
-76	 0.720000	 1.000000	 1.000000	 30.406298
-76	 0.930233	 1.000000	 1.000000	 30.451773
-76	 0.806452	 1.000000	 1.000000	 30.470573
-74	 0.125000	 1.000000	 1.000000	 30.520597
-75	 0.885246	 1.000000	 1.000000	 30.553051
-75	 0.949580	 1.000000	 1.000000	 30.612906
-74	 0.931818	 1.000000	 1.000000	 30.670221
-75	 0.588235	 1.000000	 1.000000	 30.705011
-76	 0.400000	 1.000000	 -nan	 30.713263
-76	 0.714286	 1.000000	 1.000000	 30.741425
-75	 0.812500	 1.000000	 1.000000	 30.760946
-75	 0.880000	 1.000000	 1.000000	 30.795835
-76	 0.000000	 1.000000	 1.000000	 30.840984
-75	 0.142857	 1.000000	 -nan	 30.872990
-76	 0.533333	 1.000000	 -nan	 30.889149
-74	 0.250000	 1.000000	 1.000000	 30.925327
-74	 0.933333	 1.000000	 1.000000	 30.981274
-74	 0.000000	 1.000000	 1.000000	 31.018530
-77	 0.000000	 1.000000	 -nan	 31.065157
-78	 0.000000	 1.000000	 -nan	 31.099792
-78	 0.000000	 1.000000	 -nan	 31.145252
-77	 0.000000	 1.000000	 -nan	 31.185722
-76	 0.411765	 1.000000	 1.000000	 31.220667
-76	 0.666667	 1.000000	 1.000000	 31.231457
-74	 0.936170	 1.000000	 1.000000	 31.281050
-77	 0.853659	 1.000000	 1.000000	 31.302931
-74	 0.923077	 1.000000	 1.000000	 31.348688
-75	 0.000000	 1.000000	 -nan	 31.390757
-78	 0.925000	 1.000000	 1.000000	 31.436602
-79	 0.933333	 1.000000	 1.000000	 31.499117
-75	 0.833333	 1.000000	 1.000000	 31.537685
-73	 0.833333	 1.000000	 1.000000	 31.569244
-79	 0.500000	 1.000000	 1.000000	 31.601946
-79	 0.142857	 1.000000	 -nan	 31.636740
-79	 0.600000	 1.000000	 -nan	 31.649343
-78	 0.142857	 1.000000	 1.000000	 31.677332
-76	 0.886792	 1.000000	 1.000000	 31.712723
-77	 0.888889	 1.000000	 1.000000	 31.753668
-77	 0.000000	 1.000000	 -nan	 31.769419
-76	 0.857143	 1.000000	 1.000000	 31.805300
-76	 0.946429	 1.000000	 1.000000	 31.865850
-75	 0.892857	 1.000000	 1.000000	 31.894194
-76	 0.888889	 1.000000	 1.000000	 31.925213
-74	 0.571429	 1.000000	 1.000000	 31.951212
-76	 0.222222	 1.000000	 -nan	 31.976900
-79	 0.918919	 1.000000	 1.000000	 32.024700
-78	 0.500000	 1.000000	 -nan	 32.053448
-76	 0.867925	 1.000000	 1.000000	 32.084587
-77	 0.884615	 1.000000	 1.000000	 32.111427
-76	 0.851064	 1.000000	 1.000000	 32.137234
-75	 0.857143	 1.000000	 1.000000	 32.160984
-75	 0.884615	 1.000000	 1.000000	 32.208466
-78	 0.911765	 1.000000	 1.000000	 32.244869
-79	 0.250000	 1.000000	 1.000000	 32.289364
-78	 0.333333	 1.000000	 -nan	 32.306469
-77	 0.222222	 1.000000	 -nan	 32.341431
-76	 0.731707	 1.000000	 1.000000	 32.366917
-77	 0.625000	 1.000000	 1.000000	 32.380829
-78	 0.000000	 1.000000	 1.000000	 32.404701
-77	 0.800000	 1.000000	 1.000000	 32.421356
-75	 0.777778	 1.000000	 1.000000	 32.454437
-78	 0.571429	 1.000000	 1.000000	 32.489056
-71	 0.901639	 1.000000	 1.000000	 32.539963
-79	 0.571429	 1.000000	 1.000000	 32.581173
-75	 0.903226	 1.000000	 1.000000	 32.629086
-78	 0.000000	 1.000000	 -nan	 32.675320
-77	 0.750000	 1.000000	 1.000000	 32.693253
-78	 0.793103	 1.000000	 1.000000	 32.710556
-78	 0.250000	 1.000000	 1.000000	 32.734707
-77	 0.000000	 1.000000	 1.000000	 32.777294
-76	 0.230769	 1.000000	 1.000000	 32.820946
-78	 0.910448	 1.000000	 1.000000	 32.856052
-79	 0.333333	 1.000000	 1.000000	 32.885193
-76	 0.000000	 1.000000	 -nan	 32.919460
-78	 0.000000	 1.000000	 1.000000	 32.964508
-79	 0.000000	 1.000000	 -nan	 33.012928
-79	 0.000000	 1.000000	 1.000000	 33.056839
-80	 0.000000	 1.000000	 1.000000	 33.091179
-78	 0.000000	 1.000000	 1.000000	 33.130745
-78	 0.000000	 1.000000	 1.000000	 33.171520
-80	 0.000000	 1.000000	 1.000000	 33.213657
-79	 0.000000	 1.000000	 1.000000	 33.261593
-81	 0.000000	 1.000000	 1.000000	 33.305237
-84	 0.000000	 1.000000	 1.000000	 33.342846
-79	 0.000000	 1.000000	 1.000000	 33.372837
-79	 0.000000	 1.000000	 1.000000	 33.391846
-78	 0.000000	 1.000000	 1.000000	 33.407780
-79	 0.000000	 1.000000	 1.000000	 33.423183
-81	 0.000000	 1.000000	 1.000000	 33.439644
-80	 0.000000	 1.000000	 1.000000	 33.455013
-79	 0.000000	 1.000000	 1.000000	 33.473301
-81	 0.000000	 1.000000	 1.000000	 33.489494
-81	 0.000000	 1.000000	 1.000000	 33.506317
-82	 0.000000	 1.000000	 1.000000	 33.522568
-82	 0.000000	 1.000000	 1.000000	 33.540821
-82	 0.000000	 1.000000	 1.000000	 33.559715
-80	 0.000000	 1.000000	 1.000000	 33.575871
-81	 0.000000	 1.000000	 1.000000	 33.595135
-82	 0.000000	 1.000000	 1.000000	 33.612267
-83	 0.000000	 1.000000	 1.000000	 33.625595
-81	 0.000000	 1.000000	 1.000000	 33.641563
-82	 0.000000	 1.000000	 1.000000	 33.665237
-81	 0.000000	 1.000000	 1.000000	 33.678959
-80	 0.000000	 1.000000	 1.000000	 33.695679
-78	 0.000000	 1.000000	 1.000000	 33.713699
-80	 0.000000	 1.000000	 1.000000	 33.730167
-79	 0.000000	 1.000000	 1.000000	 33.748726
-78	 0.000000	 1.000000	 1.000000	 33.769188
-79	 0.000000	 1.000000	 1.000000	 33.782619
-77	 0.000000	 1.000000	 1.000000	 33.804935
-79	 0.000000	 1.000000	 1.000000	 33.822876
-82	 0.000000	 1.000000	 1.000000	 33.845013
-82	 0.000000	 1.000000	 -nan	 33.859398
-81	 0.000000	 1.000000	 1.000000	 33.877960
-82	 0.000000	 1.000000	 1.000000	 33.904724
-82	 0.000000	 1.000000	 1.000000	 33.927250
-82	 0.000000	 1.000000	 1.000000	 33.948273
-82	 0.000000	 1.000000	 -nan	 33.963535
-83	 0.000000	 1.000000	 1.000000	 33.981117
-80	 0.000000	 1.000000	 -nan	 33.998703
-81	 0.000000	 1.000000	 1.000000	 34.023872
-81	 0.000000	 1.000000	 1.000000	 34.042061
-82	 0.000000	 1.000000	 1.000000	 34.058353
-81	 0.000000	 1.000000	 1.000000	 34.074383
-82	 0.000000	 1.000000	 1.000000	 34.090755
-83	 0.000000	 1.000000	 1.000000	 34.106861
-82	 0.000000	 1.000000	 1.000000	 34.127422
-82	 0.000000	 1.000000	 1.000000	 34.152599
-82	 0.125000	 1.000000	 1.000000	 34.177200
-83	 0.000000	 1.000000	 1.000000	 34.276577
-84	 0.000000	 1.000000	 1.000000	 34.296108
-82	 0.000000	 1.000000	 1.000000	 34.344074
-82	 0.000000	 1.000000	 1.000000	 34.613361
-80	 0.000000	 1.000000	 1.000000	 34.899593
-82	 0.000000	 1.000000	 1.000000	 35.130142
-81	 0.000000	 1.000000	 1.000000	 35.156349
-84	 0.021277	 1.000000	 1.000000	 35.421432
-84	 0.002262	 1.000000	 1.000000	 38.169167
