HT20/SGI	 T	 MCS13	 50.5	98.5	 98.6	 152(154)	| 0.989474	 1.000000	 1.000000 |	-28	 1.048616
HT20/SGI	 T	 MCS13	 50.0	97.5	 98.0	 153(156)	| 0.982709	 1.000000	 1.000000 |	-32	 1.778387
HT20/SGI	 T	 MCS13	 50.3	98.1	 96.8	 93(	| 0.984127	 1.000000	 1.000000 |	-35	 2.286068
HT20/SGI	 T	 MCS13	 50.2	97.9	 98.6	 143(145)	| 0.982883	 1.000000	 1.000000 |	-39	 3.440098
HT20/SGI	 T	 MCS13	 50.6	98.6	 98.6	 142(144)	| 0.988722	 1.000000	 1.000000 |	-47	 4.726339
HT20/SGI	 T	 MCS13	 49.9	97.4	 97.2	 143(147)	| 0.963636	 1.000000	 1.000000 |	-45	 5.564875
HT20/SGI	 T	 MCS13	 50.2	97.9	 97.9	 142(145)	| 0.984456	 1.000000	 1.000000 |	-48	 6.089127
HT20/SGI	 T	 MCS13	 50.3	98.1	 98.5	 140(142)	| 0.976683	 1.000000	 1.000000 |	-60	 9.785165
HT20/SGI	 T	 MCS13	 48.9	95.5	 97.3	 146(150)	| 0.961538	 1.000000	 1.000000 |	-59	 10.757459
HT20/SGI	 T	 MCS13	 48.8	95.3	 90.8	 139(153)	| 0.766667	 1.000000	 1.000000 |	-63	 11.076856
HT20/SGI	 T	 MCS13	 43.5	84.8	 89.9	 125(139)	| 0.935484	 1.000000	 1.000000 |	-57	 11.340377
HT20/SGI	 T	 MCS13	 6.9	13.5	 0.0	 0(	| 0.000000	 1.000000	 1.000000 |	-63	 12.517075
HT20/SGI	 MCS13	 5.2	 10.1	0.0	 0(	 44)	| 0.000000	 1.000000	 1.000000 |	-69	 12.561171
HT20/SGI	 MCS13	 0.0	 7.6	0.0	 0(	 42)	| 0.000000	 1.000000	 1.000000 |	-72	 12.616942
HT20/SGI	 MCS13	 0.0	 1.0	0.0	 0(	 21)	| 0.000000	 1.000000	 1.000000 |	-73	 12.978397
HT20/SGI	 MCS13	 0.0	 0.1	0.0	 0(	 20)	| 0.000000	 1.000000	 1.000000 |	-71	 13.296498
HT20/SGI	 MCS13	 0.0	 0.1	0.0	 0(	 21)	| 0.000000	 1.000000	 1.000000 |	-74	 13.343809
HT20/SGI	 MCS13	 0.0	 0.0	0.0	 0(	 20)	| 0.000000	 1.000000	 1.000000 |	-76	 13.664965
HT20/SGI	 MCS13	 0.0	 0.0	0.0	 0(	 20)	| 0.000000	 1.000000	 1.000000 |	-77	 13.819242
HT20/SGI	 MCS13	 0.0	 0.0	0.0	 0(	 21)	| 0.000000	 1.000000	 1.000000 |	-79	 14.129085
HT20/SGI	 MCS13	 0.0	 0.0	0.0	 0(	 20)	| 0.000000	 1.000000	 1.000000 |	-77	 14.285093
HT20/SGI	 MCS13	 0.0	 0.0	0.0	 0(	 20)	| 0.000000	 1.000000	 1.000000 |	-77	 14.336569
HT20/SGI	 MCS13	 0.0	 0.0	0.0	 0(	 20)	| 0.000000	 1.000000	 1.000000 |	-72	 14.431663
HT20/SGI	 MCS13	 0.0	 0.0	0.0	 0(	 20)	| 0.000000	 1.000000	 1.000000 |	-69	 14.777134
HT20/SGI	 MCS13	 0.0	 0.0	0.0	 0(	 19)	| 0.000000	 1.000000	 1.000000 |	-71	 16.251726
HT20/SGI	 MCS13	 0.0	 0.0	0.0	 0(	 20)	| 0.000000	 1.000000	 1.000000 |	-71	 16.302809
HT20/SGI	 MCS13	 0.0	 0.0	0.0	 0(	 21)	| 0.000000	 1.000000	 1.000000 |	-68	 16.351315
HT20/SGI	 MCS13	 0.0	 0.0	0.0	 0(	 20)	| 0.000000	 1.000000	 1.000000 |	-72	 16.416491
HT20/SGI	 MCS13	 0.0	 0.0	0.0	 0(	 20)	| 0.000000	 1.000000	 1.000000 |	-72	 16.470436
HT20/SGI	 MCS13	 0.0	 0.0	0.0	 0(	 20)	| 0.000000	 1.000000	 1.000000 |	-72	 16.672482
HT20/SGI	 MCS13	 0.0	 0.0	0.0	 0(	 20)	| 0.000000	 1.000000	 1.000000 |	-75	 16.733032
HT20/SGI	 MCS13	 0.0	 0.0	0.0	 0(	 20)	| 0.000000	 1.000000	 1.000000 |	-74	 16.779915
HT20/SGI	 MCS13	 0.0	 0.0	0.0	 0(	 20)	| 0.000000	 1.000000	 1.000000 |	-78	 17.085009
HT20/SGI	 MCS13	 0.0	 0.0	0.0	 0(	 20)	| 0.000000	 1.000000	 1.000000 |	-81	 17.501051
HT20/SGI	 MCS13	 0.0	 0.0	0.0	 0(	 20)	| 0.000000	 1.000000	 1.000000 |	-78	 17.866638
HT20/SGI	 MCS13	 0.0	 0.0	0.0	 0(	 20)	| 0.000000	 1.000000	 1.000000 |	-73	 18.178131
HT20/SGI	 MCS13	 0.0	 0.0	0.0	 0(	 21)	| 0.111111	 1.000000	 1.000000 |	-72	 18.232983
HT20/SGI	 MCS13	 0.0	 0.0	0.0	 0(	 19)	| 0.000000	 1.000000	 1.000000 |	-73	 18.281572
HT20/SGI	 MCS13	 0.0	 0.0	0.0	 0(	 20)	| 0.002564	 1.000000	 1.000000 |	-73	 19.479822
HT20/SGI	 T	 MCS13	 36.0	70.2	 97.2	 139(143)	| 0.373211	 1.000000	 1.000000 |	-63	 22.484238
HT20/SGI	 T	 MCS13	 32.7	63.7	 81.1	 116(143)	| 0.887324	 1.000000	 1.000000 |	-64	 22.864864
HT20/SGI	 T	 MCS13	 45.7	89.2	 87.8	 116(132)	| 0.846154	 1.000000	 1.000000 |	-60	 23.248695
HT20/SGI	 T	 MCS13	 49.3	96.2	 95.7	 134(140)	| 0.969543	 1.000000	 1.000000 |	-59	 23.918257
HT20/SGI	 T	 MCS13	 49.7	97.0	 97.2	 141(145)	| 0.967213	 1.000000	 1.000000 |	-53	 24.908978
HT20/SGI	 T	 MCS13	 49.8	97.1	 96.7	 149(154)	| 0.972350	 1.000000	 1.000000 |	-53	 25.065191
HT20/SGI	 T	 MCS13	 49.8	97.2	 97.2	 143(147)	| 0.975309	 1.000000	 1.000000 |	-46	 25.217800
HT20/SGI	 T	 MCS13	 48.0	93.7	 95.8	 137(143)	| 0.985611	 1.000000	 1.000000 |	-50	 25.786776
HT20/SGI	 T	 MCS13	 48.4	94.4	 88.1	 127(144)	| 0.906977	 1.000000	 1.000000 |	-50	 26.260983
HT20/SGI	 T	 MCS13	 45.8	89.4	 83.5	 117(140)	| 0.500000	 1.000000	 1.000000 |	-47	 26.416437
HT20/SGI	 MCS13	 0.0	 3.9	0.0	 0(	 42)	| 0.000000	 1.000000	 1.000000 |	-65	 27.963310
HT20/SGI	 T	 MCS13	 11.2	21.9	 69.1	 56(	| 0.142857	 1.000000	 1.000000 |	-67	 28.061821
HT20/SGI	 T	 MCS13	 8.4	16.4	 0.0	 0(	| 0.000000	 1.000000	 1.000000 |	-68	 28.112888
HT20/SGI	 T	 MCS13	 6.4	12.5	 13.0	 3(	| 0.142857	 1.000000	 1.000000 |	-66	 28.217779
HT20/SGI	 MCS13	 0.0	 5.8	0.0	 0(	 51)	| 0.000000	 1.000000	 1.000000 |	-65	 28.375492
HT20/SGI	 MCS13	 0.0	 4.3	0.0	 0(	 25)	| 0.000000	 1.000000	 1.000000 |	-67	 28.429447
HT20/SGI	 MCS13	 0.0	 3.2	0.0	 0(	 20)	| 0.000000	 1.000000	 1.000000 |	-67	 28.480532
HT20/SGI	 T	 MCS13	 6.9	13.6	 47.0	 16(	| 0.250000	 1.000000	 1.000000 |	-65	 28.586136
HT20/SGI	 MCS13	 0.0	 2.2	0.0	 0(	 21)	| 0.000000	 1.000000	 1.000000 |	-68	 28.952841
HT20/SGI	 MCS13	 0.0	 1.6	0.0	 0(	 19)	| 0.000000	 1.000000	 1.000000 |	-70	 29.002522
HT20/SGI	 MCS13	 0.0	 0.3	0.0	 0(	 20)	| 0.000000	 1.000000	 1.000000 |	-70	 29.261765
HT20/SGI	 MCS13	 0.0	 0.2	0.0	 0(	 20)	| 0.000000	 1.000000	 -nan |	-74	 29.364944
HT20/SGI	 MCS13	 0.0	 0.0	0.0	 0(	 20)	| 0.000000	 1.000000	 1.000000 |	-74	 29.581039
HT20/SGI	 MCS13	 0.0	 0.0	0.0	 0(	 20)	| 0.000000	 1.000000	 1.000000 |	-77	 29.676704
HT20/SGI	 MCS13	 0.0	 0.0	0.0	 0(	 20)	| 0.000000	 1.000000	 1.000000 |	-72	 29.834341
HT20/SGI	 MCS13	 0.0	 0.0	0.0	 0(	 20)	| 0.000000	 1.000000	 1.000000 |	-74	 29.940756
HT20/SGI	 MCS13	 0.0	 0.0	0.0	 0(	 20)	| 0.000000	 1.000000	 1.000000 |	-76	 29.997042
HT20/SGI	 MCS13	 0.0	 0.0	0.0	 0(	 18)	| 0.000000	 1.000000	 1.000000 |	-75	 30.044348
HT20/SGI	 MCS13	 0.0	 0.0	0.0	 0(	 20)	| 0.000000	 1.000000	 1.000000 |	-75	 30.200438
HT20/SGI	 MCS13	 0.0	 0.0	0.0	 0(	 21)	| 0.000000	 1.000000	 1.000000 |	-75	 30.359991
HT20/SGI	 MCS13	 0.0	 0.0	0.0	 0(	 20)	| 0.000000	 1.000000	 1.000000 |	-76	 30.404930
HT20/SGI	 MCS13	 0.0	 0.0	0.0	 0(	 20)	| 0.000000	 1.000000	 1.000000 |	-75	 30.666121
HT20/SGI	 MCS13	 0.0	 0.0	0.0	 0(	 20)	| 0.000000	 1.000000	 1.000000 |	-76	 30.821098
HT20/SGI	 MCS13	 0.0	 0.0	0.0	 0(	 20)	| 0.000000	 1.000000	 1.000000 |	-75	 30.985037
HT20/SGI	 MCS13	 0.0	 0.0	0.0	 0(	 20)	| 0.000000	 1.000000	 1.000000 |	-69	 31.036991
HT20/SGI	 MCS13	 0.0	 0.0	0.0	 0(	 20)	| 0.000000	 1.000000	 1.000000 |	-73	 31.133434
HT20/SGI	 MCS13	 0.0	 0.0	0.0	 0(	 21)	| 0.000000	 1.000000	 1.000000 |	-74	 31.187181
HT20/SGI	 MCS13	 0.0	 0.0	0.0	 0(	 20)	| 0.000000	 1.000000	 1.000000 |	-77	 34.240505
HT20/SGI	 MCS13	 0.0	 0.0	0.0	 0(	 20)	| 0.000000	 1.000000	 -nan |	-78	 34.280727
HT20/SGI	 MCS13	 0.0	 0.0	0.0	 0(	 20)	| 0.000000	 1.000000	 1.000000 |	-72	 34.586437
HT20/SGI	 MCS13	 0.0	 0.0	0.0	 0(	 12)	| 0.000000	 1.000000	 1.000000 |	-76	 35.521435
HT20/SGI	 MCS13	 0.0	 0.0	0.0	 0(	 19)	| 0.000000	 1.000000	 1.000000 |	-75	 35.684414
HT20/SGI	 MCS13	 0.0	 0.0	0.0	 0(	 16)	| 0.000000	 1.000000	 1.000000 |	-77	 35.902893
HT20/SGI	 MCS13	 0.0	 0.0	0.0	 0(	 21)	| 0.000000	 1.000000	 1.000000 |	-77	 36.059517
HT20/SGI	 MCS13	 0.0	 0.0	0.0	 0(	 10)	| 0.000000	 1.000000	 1.000000 |	-77	 36.411079
HT20/SGI	 MCS13	 0.0	 0.0	0.0	 0(	 18)	| 0.000000	 1.000000	 1.000000 |	-83	 36.464161
HT20/SGI	 MCS13	 0.0	 0.0	0.0	 0(	 18)	| 0.000000	 1.000000	 1.000000 |	-81	 37.605106
HT20/SGI	 MCS13	 0.0	 0.0	0.0	 0(	 20)	| 0.000000	 1.000000	 1.000000 |	-79	 38.807026
HT20/SGI	 MCS13	 0.0	 0.0	0.0	 0(	 21)	| 0.000000	 1.000000	 1.000000 |	-79	 38.854851
HT20/SGI	 MCS13	 0.0	 0.0	0.0	 0(	 19)	| 0.000000	 1.000000	 1.000000 |	-80	 38.913723
HT20/SGI	 MCS13	 0.0	 0.0	0.0	 0(	 20)	| 0.000000	 1.000000	 1.000000 |	-82	 39.021107
HT20/SGI	 MCS13	 0.0	 0.0	0.0	 0(	 17)	| 0.000000	 1.000000	 1.000000 |	-83	 39.058800
HT20/SGI	 MCS13	 0.0	 0.0	0.0	 0(	 20)	| 0.000000	 1.000000	 1.000000 |	-79	 39.180595
HT20/SGI	 MCS13	 0.0	 0.0	0.0	 0(	 21)	| 0.000000	 1.000000	 1.000000 |	-81	 39.216595
HT20/SGI	 MCS13	 0.0	 0.0	0.0	 0(	 19)	| 0.000000	 1.000000	 1.000000 |	-82	 39.315411
HT20/SGI	 MCS13	 0.0	 0.0	0.0	 0(	 21)	| 0.000000	 1.000000	 1.000000 |	-81	 39.380779
HT20/SGI	 MCS13	 0.0	 0.0	0.0	 0(	 19)	| 0.000000	 1.000000	 1.000000 |	-78	 39.437004
HT20/SGI	 MCS13	 0.0	 0.0	0.0	 0(	 19)	| 0.000000	 1.000000	 1.000000 |	-83	 39.581387
HT20/SGI	 MCS13	 0.0	 0.0	0.0	 0(	 20)	| 0.000000	 1.000000	 1.000000 |	-81	 39.840626
HT20/SGI	 MCS13	 0.0	 0.0	0.0	 0(	 19)	| 0.000000	 1.000000	 1.000000 |	-83	 39.997093
HT20/SGI	 MCS13	 0.0	 0.0	0.0	 0(	 19)	| 0.000000	 1.000000	 1.000000 |	-82	 41.032944
HT20/SGI	 MCS13	 0.0	 0.0	0.0	 0(	 18)	| 0.080000	 1.000000	 1.000000 |	-80	 41.512581
HT20/SGI	 MCS13	 0.0	 0.0	0.0	 0(	 21)	| 0.008130	 1.000000	 1.000000 |	-83	 41.828358
