-26	 0.957447	 1.000000	 1.000000	 0.047843
-27	 0.972477	 1.000000	 1.000000	 0.155157
-26	 0.886792	 1.000000	 1.000000	 0.175817
-26	 0.740741	 1.000000	 1.000000	 0.187145
-27	 0.714286	 1.000000	 1.000000	 0.196791
-27	 0.850000	 1.000000	 1.000000	 0.212678
-27	 0.936170	 1.000000	 1.000000	 0.245895
-28	 0.942308	 1.000000	 1.000000	 0.281991
-28	 0.837838	 1.000000	 1.000000	 0.295366
-28	 0.978571	 1.000000	 1.000000	 0.388205
-27	 0.972851	 1.000000	 1.000000	 0.462090
-28	 0.980519	 1.000000	 1.000000	 0.564087
-29	 0.987124	 1.000000	 1.000000	 0.716207
-27	 0.987680	 1.000000	 1.000000	 0.880515
-29	 0.981595	 1.000000	 1.000000	 0.988159
-29	 0.953846	 1.000000	 1.000000	 1.034563
-25	 0.972350	 1.000000	 1.000000	 1.111517
-26	 0.957143	 1.000000	 1.000000	 1.173907
-26	 0.913043	 1.000000	 1.000000	 1.198291
-28	 0.990712	 1.000000	 1.000000	 1.408637
-28	 0.989779	 1.000000	 1.000000	 1.599284
-28	 0.982558	 1.000000	 1.000000	 1.716766
-26	 0.988166	 1.000000	 1.000000	 1.880422
-27	 0.987179	 1.000000	 1.000000	 2.057801
-29	 0.987124	 1.000000	 1.000000	 2.207227
-31	 0.994992	 1.000000	 1.000000	 2.600022
-30	 0.979661	 1.000000	 1.000000	 2.695605
-34	 0.987654	 1.000000	 1.000000	 2.851368
-30	 0.989247	 1.000000	 1.000000	 3.028235
-30	 0.965909	 1.000000	 1.000000	 3.089461
-31	 0.985366	 1.000000	 1.000000	 3.223840
-33	 0.989228	 1.000000	 1.000000	 3.402347
-35	 0.981818	 1.000000	 1.000000	 3.514020
-36	 0.979104	 1.000000	 1.000000	 3.625580
-38	 0.957317	 1.000000	 1.000000	 3.693872
-37	 0.933333	 1.000000	 1.000000	 3.733498
-42	 0.987976	 1.000000	 1.000000	 3.896848
-38	 0.956757	 1.000000	 1.000000	 3.961726
-41	 0.988462	 1.000000	 1.000000	 4.127538
-36	 0.968421	 1.000000	 1.000000	 4.189930
-38	 0.975207	 1.000000	 1.000000	 4.269769
-37	 0.984456	 1.000000	 1.000000	 4.402237
-34	 0.962025	 1.000000	 1.000000	 4.457051
-35	 0.956522	 1.000000	 1.000000	 4.503370
-36	 0.684211	 1.000000	 1.000000	 4.512988
-37	 0.500000	 1.000000	 1.000000	 4.520831
-45	 0.960526	 1.000000	 1.000000	 4.571114
-46	 0.882353	 1.000000	 1.000000	 4.592184
-45	 0.991342	 1.000000	 1.000000	 4.820730
-45	 0.970732	 1.000000	 1.000000	 4.889603
-43	 0.985037	 1.000000	 1.000000	 5.026026
-45	 0.973214	 1.000000	 1.000000	 5.101573
-44	 0.966102	 1.000000	 1.000000	 5.162491
-44	 0.978571	 1.000000	 1.000000	 5.257664
-46	 0.967033	 1.000000	 1.000000	 5.321935
-49	 0.977528	 1.000000	 1.000000	 5.411877
-45	 0.979592	 1.000000	 1.000000	 5.559129
-42	 0.977941	 1.000000	 1.000000	 5.650588
-41	 0.976471	 1.000000	 1.000000	 5.733898
-41	 0.333333	 1.000000	 1.000000	 5.751343
-42	 0.333333	 1.000000	 1.000000	 5.769609
-42	 0.885246	 1.000000	 1.000000	 5.790006
-42	 0.600000	 1.000000	 -nan	 5.797512
-43	 0.576923	 1.000000	 1.000000	 5.820789
-45	 0.950704	 1.000000	 1.000000	 5.869745
-45	 0.739130	 1.000000	 1.000000	 5.889521
-46	 0.500000	 1.000000	 1.000000	 5.896397
-43	 0.866667	 1.000000	 1.000000	 5.912877
-43	 0.910256	 1.000000	 1.000000	 5.941900
-39	 0.983784	 1.000000	 1.000000	 6.065591
-48	 0.987755	 1.000000	 1.000000	 6.252686
-50	 0.739130	 1.000000	 1.000000	 6.265014
-48	 0.983871	 1.000000	 1.000000	 6.386564
-49	 0.933333	 1.000000	 1.000000	 6.441854
-46	 0.983051	 1.000000	 1.000000	 6.562351
-47	 0.984375	 1.000000	 1.000000	 6.690521
-48	 0.977778	 1.000000	 1.000000	 6.780818
-49	 0.973333	 1.000000	 1.000000	 6.858128
-47	 0.973333	 1.000000	 1.000000	 6.933622
-40	 0.500000	 1.000000	 1.000000	 6.945965
-49	 0.894737	 1.000000	 1.000000	 6.974328
-48	 0.981538	 1.000000	 1.000000	 7.081517
-49	 0.987879	 1.000000	 1.000000	 7.245958
-49	 0.973783	 1.000000	 1.000000	 7.338016
-51	 0.949580	 1.000000	 1.000000	 7.376716
-48	 0.965517	 1.000000	 1.000000	 7.436554
-47	 0.967033	 1.000000	 1.000000	 7.501892
-47	 0.962963	 1.000000	 1.000000	 7.558388
-49	 0.930693	 1.000000	 1.000000	 7.594326
-50	 0.922222	 1.000000	 1.000000	 7.626036
-45	 0.979933	 1.000000	 1.000000	 7.724034
-44	 0.925926	 1.000000	 1.000000	 7.752969
-47	 0.969388	 1.000000	 1.000000	 7.820332
-47	 0.969697	 1.000000	 1.000000	 7.888086
-47	 0.974576	 1.000000	 1.000000	 7.968960
-49	 0.942623	 1.000000	 1.000000	 8.010376
-49	 0.750000	 1.000000	 1.000000	 8.020445
-49	 0.727273	 1.000000	 1.000000	 8.030543
-49	 0.938462	 1.000000	 1.000000	 8.078273
-51	 0.950413	 1.000000	 1.000000	 8.120500
-50	 0.976562	 1.000000	 1.000000	 8.210608
-52	 0.940594	 1.000000	 1.000000	 8.247201
-53	 0.938776	 1.000000	 1.000000	 8.282700
-52	 0.538462	 1.000000	 1.000000	 8.291739
-53	 0.500000	 1.000000	 1.000000	 8.303146
-52	 0.958042	 1.000000	 1.000000	 8.352119
-52	 0.961538	 1.000000	 1.000000	 8.406391
-51	 0.787879	 1.000000	 1.000000	 8.421453
-52	 0.992116	 1.000000	 1.000000	 8.694450
-51	 0.974684	 1.000000	 1.000000	 8.776980
-50	 0.932692	 1.000000	 1.000000	 8.813803
-50	 0.967914	 1.000000	 1.000000	 8.878554
-50	 0.991701	 1.000000	 1.000000	 9.151939
-51	 0.600000	 1.000000	 1.000000	 9.161495
-50	 0.730769	 1.000000	 1.000000	 9.185643
-51	 0.977359	 1.000000	 1.000000	 9.277879
-52	 0.972477	 1.000000	 1.000000	 9.353955
-53	 0.981912	 1.000000	 1.000000	 9.485989
-55	 0.987261	 1.000000	 1.000000	 9.644218
-58	 0.984655	 1.000000	 1.000000	 9.776785
-54	 0.962500	 1.000000	 1.000000	 9.830721
-53	 0.984085	 1.000000	 1.000000	 9.958138
-54	 0.979021	 1.000000	 1.000000	 10.053654
-54	 0.884615	 1.000000	 1.000000	 10.073376
-54	 0.500000	 1.000000	 1.000000	 10.080257
-56	 0.909091	 1.000000	 1.000000	 10.105391
-56	 0.981366	 1.000000	 1.000000	 10.210786
-55	 0.967391	 1.000000	 1.000000	 10.273911
-57	 0.300000	 1.000000	 1.000000	 10.281500
-56	 0.454545	 1.000000	 1.000000	 10.295828
-55	 0.853659	 1.000000	 1.000000	 10.310596
-56	 0.840000	 1.000000	 1.000000	 10.330248
-55	 0.666667	 1.000000	 1.000000	 10.345679
-56	 0.090909	 1.000000	 1.000000	 10.373690
-56	 0.833333	 1.000000	 -nan	 10.388500
-54	 0.953020	 1.000000	 1.000000	 10.438181
-56	 0.974468	 1.000000	 1.000000	 10.519637
-55	 0.964706	 1.000000	 1.000000	 10.579121
-55	 0.969697	 1.000000	 1.000000	 10.645905
-57	 0.909091	 1.000000	 1.000000	 10.670723
-57	 0.862069	 1.000000	 1.000000	 10.693476
-57	 0.500000	 1.000000	 1.000000	 10.717914
-55	 0.600000	 1.000000	 -nan	 10.738314
-55	 0.800000	 1.000000	 1.000000	 10.750180
-54	 0.739130	 1.000000	 1.000000	 10.774914
-55	 0.000000	 1.000000	 -nan	 10.808715
-57	 0.000000	 1.000000	 -nan	 10.853928
-57	 0.600000	 1.000000	 -nan	 10.866077
-57	 0.538462	 1.000000	 1.000000	 10.872862
-57	 0.222222	 1.000000	 1.000000	 10.897856
-62	 0.250000	 1.000000	 -nan	 10.933939
-59	 0.000000	 1.000000	 1.000000	 10.975536
-56	 0.125000	 1.000000	 1.000000	 11.009810
-57	 0.700000	 1.000000	 1.000000	 11.026443
-57	 0.142857	 1.000000	 1.000000	 11.060212
-56	 0.600000	 1.000000	 1.000000	 11.088794
-57	 0.705882	 1.000000	 1.000000	 11.108877
-50	 0.000000	 1.000000	 1.000000	 11.145394
-58	 0.416667	 1.000000	 -nan	 11.158357
-58	 0.625000	 1.000000	 1.000000	 11.167412
-57	 0.767442	 1.000000	 1.000000	 11.186784
-59	 0.333333	 1.000000	 1.000000	 11.200040
-59	 0.214286	 1.000000	 1.000000	 11.242351
-58	 0.000000	 1.000000	 1.000000	 11.278796
-56	 0.925926	 1.000000	 1.000000	 11.323257
-58	 0.708333	 1.000000	 1.000000	 11.333710
-56	 0.565217	 1.000000	 1.000000	 11.349457
-56	 0.500000	 1.000000	 1.000000	 11.359743
-58	 0.142857	 1.000000	 1.000000	 11.365446
-59	 0.333333	 1.000000	 1.000000	 11.390397
-56	 0.625000	 1.000000	 1.000000	 11.409521
-57	 0.777778	 1.000000	 1.000000	 11.419706
-56	 0.600000	 1.000000	 1.000000	 11.428098
-57	 0.363636	 1.000000	 1.000000	 11.434463
-56	 0.333333	 1.000000	 1.000000	 11.442875
-56	 0.806452	 1.000000	 1.000000	 11.458526
-56	 0.853659	 1.000000	 1.000000	 11.473941
-55	 0.571429	 1.000000	 1.000000	 11.480789
-56	 0.454545	 1.000000	 1.000000	 11.486477
-58	 0.142857	 1.000000	 -nan	 11.546822
-58	 0.000000	 1.000000	 -nan	 11.580390
-58	 0.142857	 1.000000	 -nan	 11.605668
-58	 0.333333	 1.000000	 -nan	 11.646541
-57	 0.800000	 1.000000	 1.000000	 11.658318
-58	 0.785714	 1.000000	 1.000000	 11.681681
-59	 0.793103	 1.000000	 1.000000	 11.692979
-59	 0.820513	 1.000000	 1.000000	 11.708308
-61	 0.142857	 1.000000	 1.000000	 11.737647
-60	 0.000000	 1.000000	 -nan	 11.784299
-61	 0.250000	 1.000000	 -nan	 11.829898
-63	 0.000000	 1.000000	 -nan	 11.886239
-58	 0.000000	 1.000000	 -nan	 11.933553
-60	 0.000000	 1.000000	 -nan	 11.985402
-63	 0.000000	 1.000000	 -nan	 12.032230
-64	 0.000000	 1.000000	 -nan	 12.081766
-59	 0.000000	 1.000000	 -nan	 12.123735
-60	 0.000000	 1.000000	 -nan	 12.185983
-58	 0.000000	 1.000000	 1.000000	 12.226955
-61	 0.166667	 1.000000	 1.000000	 12.241914
-59	 0.142857	 1.000000	 1.000000	 12.268602
-63	 0.000000	 1.000000	 1.000000	 12.334361
-51	 0.142857	 1.000000	 1.000000	 12.371984
-58	 0.142857	 1.000000	 1.000000	 12.386981
-58	 0.000000	 1.000000	 1.000000	 12.421501
-59	 0.000000	 1.000000	 1.000000	 12.436197
-57	 0.000000	 1.000000	 1.000000	 12.452277
-59	 0.000000	 1.000000	 1.000000	 12.466396
-60	 0.000000	 1.000000	 1.000000	 12.481378
-60	 0.000000	 1.000000	 1.000000	 12.496417
-57	 0.000000	 1.000000	 1.000000	 12.511318
-60	 0.000000	 1.000000	 1.000000	 12.526752
-59	 0.000000	 1.000000	 1.000000	 12.541760
-61	 0.000000	 1.000000	 1.000000	 12.556789
-59	 0.000000	 1.000000	 1.000000	 12.572016
-58	 0.000000	 1.000000	 1.000000	 12.587513
-60	 0.000000	 1.000000	 1.000000	 12.602673
-63	 0.000000	 1.000000	 1.000000	 12.622137
-62	 0.000000	 1.000000	 1.000000	 12.635508
-62	 0.000000	 1.000000	 1.000000	 12.652445
-62	 0.000000	 1.000000	 1.000000	 12.668276
-64	 0.000000	 1.000000	 1.000000	 12.683098
-64	 0.000000	 1.000000	 1.000000	 12.698286
-62	 0.000000	 1.000000	 1.000000	 12.714060
-64	 0.000000	 1.000000	 1.000000	 12.729257
-64	 0.000000	 1.000000	 1.000000	 12.746796
-65	 0.000000	 1.000000	 1.000000	 12.763643
-63	 0.000000	 1.000000	 1.000000	 12.779342
-64	 0.000000	 1.000000	 1.000000	 12.805741
-65	 0.000000	 1.000000	 1.000000	 12.825310
-65	 0.000000	 1.000000	 1.000000	 12.839933
-65	 0.000000	 1.000000	 1.000000	 12.854614
-65	 0.000000	 1.000000	 1.000000	 12.873833
-66	 0.000000	 1.000000	 1.000000	 12.898503
-65	 0.000000	 1.000000	 1.000000	 12.913401
-69	 0.000000	 1.000000	 1.000000	 12.930554
-65	 0.000000	 1.000000	 1.000000	 12.945705
-65	 0.000000	 1.000000	 1.000000	 12.958397
-66	 0.000000	 1.000000	 1.000000	 12.976209
-66	 0.000000	 1.000000	 1.000000	 12.991428
-66	 0.000000	 1.000000	 1.000000	 13.006163
-67	 0.000000	 1.000000	 1.000000	 13.027352
-68	 0.000000	 1.000000	 1.000000	 13.046174
-65	 0.000000	 1.000000	 1.000000	 13.061075
-66	 0.000000	 1.000000	 1.000000	 13.076184
-65	 0.000000	 1.000000	 1.000000	 13.091002
-68	 0.000000	 1.000000	 1.000000	 13.106378
-66	 0.000000	 1.000000	 1.000000	 13.122892
-66	 0.000000	 1.000000	 1.000000	 13.136718
-66	 0.000000	 1.000000	 1.000000	 13.152118
-66	 0.000000	 1.000000	 1.000000	 13.169568
-65	 0.000000	 1.000000	 1.000000	 13.184703
-66	 0.000000	 1.000000	 1.000000	 13.200309
-66	 0.000000	 1.000000	 1.000000	 13.217352
-66	 0.000000	 1.000000	 1.000000	 13.229922
-66	 0.000000	 1.000000	 1.000000	 13.244948
-65	 0.000000	 1.000000	 1.000000	 13.260123
-64	 0.000000	 1.000000	 1.000000	 13.284918
-65	 0.000000	 1.000000	 1.000000	 13.301056
-66	 0.000000	 1.000000	 1.000000	 13.316078
-66	 0.000000	 1.000000	 -nan	 13.330913
-63	 0.000000	 1.000000	 1.000000	 13.355265
-65	 0.000000	 1.000000	 1.000000	 13.368788
-65	 0.000000	 1.000000	 1.000000	 13.383603
-66	 0.000000	 1.000000	 1.000000	 13.399730
-66	 0.000000	 1.000000	 1.000000	 13.422011
-64	 0.000000	 1.000000	 1.000000	 13.436723
-63	 0.000000	 1.000000	 1.000000	 13.454102
-64	 0.000000	 1.000000	 1.000000	 13.473837
-65	 0.000000	 1.000000	 1.000000	 13.493664
-66	 0.000000	 1.000000	 1.000000	 13.508922
-66	 0.000000	 1.000000	 1.000000	 13.523229
-67	 0.000000	 1.000000	 1.000000	 13.541955
-67	 0.000000	 1.000000	 -nan	 13.556851
-68	 0.000000	 1.000000	 1.000000	 13.576804
-67	 0.000000	 1.000000	 1.000000	 13.589760
-68	 0.000000	 1.000000	 1.000000	 13.609042
-71	 0.000000	 1.000000	 1.000000	 13.623466
-71	 0.000000	 1.000000	 1.000000	 13.641785
-71	 0.000000	 1.000000	 1.000000	 13.659184
-70	 0.000000	 1.000000	 1.000000	 13.673362
-70	 0.000000	 1.000000	 1.000000	 13.688140
-70	 0.000000	 1.000000	 1.000000	 13.703758
-71	 0.000000	 1.000000	 1.000000	 13.722287
-70	 0.000000	 1.000000	 1.000000	 13.736746
-69	 0.000000	 1.000000	 1.000000	 13.757852
-69	 0.000000	 1.000000	 1.000000	 13.777703
-68	 0.000000	 1.000000	 1.000000	 13.791073
-69	 0.000000	 1.000000	 1.000000	 13.810450
-69	 0.000000	 1.000000	 1.000000	 13.824200
-69	 0.000000	 1.000000	 1.000000	 13.846004
-75	 0.000000	 1.000000	 1.000000	 13.864747
-76	 0.000000	 1.000000	 1.000000	 13.880918
-78	 0.000000	 1.000000	 1.000000	 13.896250
-74	 0.000000	 1.000000	 1.000000	 13.912380
-74	 0.000000	 1.000000	 1.000000	 13.926974
-73	 0.000000	 1.000000	 1.000000	 13.943019
-71	 0.000000	 1.000000	 1.000000	 13.957942
-74	 0.000000	 1.000000	 1.000000	 13.973359
-76	 0.000000	 1.000000	 1.000000	 13.988226
-74	 0.000000	 1.000000	 1.000000	 14.003387
-71	 0.000000	 1.000000	 -nan	 14.018291
-76	 0.000000	 1.000000	 1.000000	 14.032911
-73	 0.000000	 1.000000	 1.000000	 14.053659
-75	 0.000000	 1.000000	 1.000000	 14.068988
-75	 0.000000	 1.000000	 1.000000	 14.089756
-73	 0.000000	 1.000000	 1.000000	 14.109338
-69	 0.000000	 1.000000	 -nan	 14.127983
-72	 0.000000	 1.000000	 1.000000	 14.141955
-73	 0.000000	 1.000000	 1.000000	 14.161454
-74	 0.000000	 1.000000	 1.000000	 14.174956
-73	 0.000000	 1.000000	 1.000000	 14.190687
-71	 0.000000	 1.000000	 1.000000	 14.213851
-72	 0.000000	 1.000000	 1.000000	 14.228939
-72	 0.000000	 1.000000	 1.000000	 14.244256
-70	 0.000000	 1.000000	 1.000000	 14.261720
-70	 0.000000	 1.000000	 1.000000	 14.281268
-69	 0.000000	 1.000000	 1.000000	 14.301045
-69	 0.000000	 1.000000	 1.000000	 14.321677
-70	 0.000000	 1.000000	 1.000000	 14.337098
-71	 0.000000	 1.000000	 1.000000	 14.352553
-70	 0.000000	 1.000000	 1.000000	 14.376587
-70	 0.000000	 1.000000	 1.000000	 14.389628
-71	 0.000000	 1.000000	 1.000000	 14.405841
-67	 0.000000	 1.000000	 1.000000	 14.421637
-71	 0.000000	 1.000000	 1.000000	 14.436097
-71	 0.000000	 1.000000	 1.000000	 14.450496
-69	 0.000000	 1.000000	 1.000000	 14.477283
-71	 0.000000	 1.000000	 1.000000	 14.491369
-71	 0.142857	 1.000000	 1.000000	 14.510155
-72	 0.000000	 1.000000	 1.000000	 14.652974
-74	 0.000000	 1.000000	 1.000000	 14.772415
-75	 0.000000	 1.000000	 1.000000	 14.828182
-76	 0.000000	 1.000000	 1.000000	 14.856456
-75	 0.000000	 1.000000	 1.000000	 14.874518
-75	 0.000000	 1.000000	 1.000000	 14.937485
-76	 0.000000	 1.000000	 1.000000	 14.982722
-76	 0.000000	 1.000000	 1.000000	 15.045765
-77	 0.000000	 1.000000	 1.000000	 15.065822
-76	 0.000000	 1.000000	 1.000000	 15.299359
-75	 0.000000	 1.000000	 1.000000	 15.668229
-74	 0.000000	 1.000000	 1.000000	 15.718573
-75	 0.000000	 1.000000	 1.000000	 15.751468
-76	 0.000000	 1.000000	 1.000000	 15.769273
-73	 0.000000	 1.000000	 1.000000	 15.847000
-73	 0.000000	 1.000000	 1.000000	 15.887146
-72	 0.000000	 1.000000	 1.000000	 16.278109
-76	 0.000000	 1.000000	 1.000000	 16.391338
-77	 0.000000	 1.000000	 1.000000	 16.509424
-80	 0.142857	 1.000000	 1.000000	 16.529703
-81	 0.000000	 1.000000	 1.000000	 17.277205
-73	 0.000000	 0.813559	 0.854786	 20.357809
-72	 0.000000	 1.000000	 1.000000	 20.373545
-74	 0.142857	 1.000000	 1.000000	 20.388792
-74	 0.142857	 1.000000	 1.000000	 20.404352
-74	 0.250000	 1.000000	 1.000000	 20.420309
-74	 0.000000	 1.000000	 1.000000	 20.435768
-75	 0.000000	 1.000000	 1.000000	 20.452202
-74	 0.000000	 1.000000	 1.000000	 20.470194
-73	 0.142857	 1.000000	 1.000000	 20.486170
-73	 0.538462	 1.000000	 1.000000	 20.503664
-75	 0.000000	 1.000000	 1.000000	 20.514824
-75	 0.000000	 1.000000	 1.000000	 20.530630
-73	 0.000000	 1.000000	 1.000000	 20.546083
-72	 0.000000	 1.000000	 1.000000	 20.561584
-72	 0.000000	 1.000000	 1.000000	 20.578655
-72	 0.000000	 1.000000	 1.000000	 20.593954
-72	 0.000000	 1.000000	 1.000000	 20.607723
-71	 0.000000	 1.000000	 1.000000	 20.622852
-74	 0.000000	 1.000000	 1.000000	 20.639017
-73	 0.000000	 1.000000	 1.000000	 20.653702
-73	 0.000000	 1.000000	 1.000000	 20.668865
-73	 0.000000	 1.000000	 1.000000	 20.683697
-72	 0.000000	 1.000000	 1.000000	 20.699841
-72	 0.000000	 1.000000	 1.000000	 20.714027
-72	 0.000000	 1.000000	 1.000000	 20.729780
-74	 0.000000	 1.000000	 1.000000	 20.744331
-73	 0.000000	 1.000000	 1.000000	 20.759951
-71	 0.000000	 1.000000	 1.000000	 20.774954
-69	 0.000000	 1.000000	 1.000000	 20.790016
-70	 0.000000	 1.000000	 1.000000	 20.805073
-70	 0.000000	 1.000000	 1.000000	 20.826170
-69	 0.000000	 1.000000	 1.000000	 20.845488
-68	 0.000000	 1.000000	 1.000000	 20.862185
-68	 0.000000	 1.000000	 1.000000	 20.876411
-68	 0.000000	 1.000000	 1.000000	 20.890493
-69	 0.000000	 1.000000	 1.000000	 20.906490
-72	 0.333333	 1.000000	 1.000000	 20.929356
-58	 0.000000	 1.000000	 1.000000	 23.437796
-60	 0.500000	 1.000000	 1.000000	 23.456446
-60	 0.937500	 1.000000	 1.000000	 23.501415
-58	 0.869565	 1.000000	 1.000000	 23.529802
-59	 0.680000	 1.000000	 1.000000	 23.544556
-60	 0.000000	 1.000000	 1.000000	 23.569803
-62	 0.142857	 1.000000	 1.000000	 23.592239
-61	 0.400000	 1.000000	 1.000000	 23.605547
-60	 0.647059	 1.000000	 1.000000	 23.613745
-61	 0.600000	 1.000000	 1.000000	 23.624853
-59	 0.739130	 1.000000	 1.000000	 23.646866
-60	 0.785714	 1.000000	 1.000000	 23.659273
-59	 0.684211	 1.000000	 1.000000	 23.670622
-60	 0.500000	 1.000000	 1.000000	 23.676422
-61	 0.952381	 1.000000	 1.000000	 23.721361
-59	 0.907692	 1.000000	 1.000000	 23.746231
-59	 0.854167	 1.000000	 1.000000	 23.765968
-52	 0.833333	 1.000000	 1.000000	 23.780943
-55	 0.939130	 1.000000	 1.000000	 23.822054
-57	 0.904255	 1.000000	 1.000000	 23.857756
-56	 0.700000	 1.000000	 1.000000	 23.867308
-57	 0.600000	 1.000000	 1.000000	 23.874302
-57	 0.333333	 1.000000	 1.000000	 23.897863
-55	 0.823529	 1.000000	 1.000000	 23.914558
-57	 0.970297	 1.000000	 1.000000	 23.987303
-59	 0.970732	 1.000000	 1.000000	 24.058605
-58	 0.904762	 1.000000	 1.000000	 24.082600
-58	 0.977359	 1.000000	 1.000000	 24.175299
-56	 0.333333	 1.000000	 -nan	 24.215164
-58	 0.142857	 1.000000	 -nan	 24.226671
-56	 0.454545	 1.000000	 -nan	 24.238018
-56	 0.714286	 1.000000	 1.000000	 24.246538
-59	 0.946154	 1.000000	 1.000000	 24.293531
-58	 0.850000	 1.000000	 1.000000	 24.307856
-59	 0.884615	 1.000000	 1.000000	 24.327160
-60	 0.900000	 1.000000	 1.000000	 24.350195
-57	 0.800000	 1.000000	 1.000000	 24.361954
-59	 0.860465	 1.000000	 1.000000	 24.377922
-60	 0.853659	 1.000000	 1.000000	 24.393831
-59	 0.942857	 1.000000	 1.000000	 24.430466
-61	 0.812500	 1.000000	 1.000000	 24.443888
-61	 0.416667	 1.000000	 1.000000	 24.477757
-59	 0.000000	 1.000000	 -nan	 24.529232
-59	 0.700000	 1.000000	 -nan	 24.545115
-48	 0.877551	 1.000000	 -nan	 24.561722
-48	 0.666667	 1.000000	 -nan	 24.568836
-56	 0.814815	 1.000000	 1.000000	 24.661558
-55	 0.454545	 1.000000	 1.000000	 24.667765
-55	 0.400000	 1.000000	 -nan	 24.674864
-60	 0.454545	 1.000000	 1.000000	 24.686909
-56	 0.955882	 1.000000	 1.000000	 24.817719
-56	 0.886792	 1.000000	 1.000000	 24.837852
-54	 0.730769	 1.000000	 1.000000	 24.849720
-57	 0.921739	 1.000000	 1.000000	 24.890339
-55	 0.950820	 1.000000	 1.000000	 24.933727
-53	 0.909091	 1.000000	 1.000000	 24.958097
-53	 0.822222	 1.000000	 1.000000	 24.997585
-53	 0.888889	 1.000000	 1.000000	 25.018978
-53	 0.862069	 1.000000	 1.000000	 25.045971
-55	 0.936620	 1.000000	 1.000000	 25.096931
-54	 0.800000	 1.000000	 1.000000	 25.109743
-54	 0.940594	 1.000000	 1.000000	 25.145206
-53	 0.961538	 1.000000	 1.000000	 25.200130
-52	 0.978648	 1.000000	 1.000000	 25.296305
-53	 0.142857	 1.000000	 -nan	 25.301760
-56	 0.000000	 1.000000	 -nan	 25.348122
-53	 0.877551	 1.000000	 1.000000	 25.366821
-51	 0.946429	 1.000000	 1.000000	 25.406782
-51	 0.125000	 1.000000	 1.000000	 25.422146
-52	 0.953846	 1.000000	 1.000000	 25.468128
-56	 0.922078	 1.000000	 1.000000	 25.507433
-58	 0.974895	 1.000000	 1.000000	 25.593342
-47	 0.931373	 1.000000	 1.000000	 25.643795
-52	 0.884615	 1.000000	 1.000000	 25.665895
-51	 0.972222	 1.000000	 1.000000	 25.737320
-45	 0.940000	 1.000000	 1.000000	 25.777857
-52	 0.769231	 1.000000	 1.000000	 25.809254
-54	 0.915493	 1.000000	 1.000000	 25.833059
-49	 0.932584	 1.000000	 1.000000	 25.864662
-48	 0.538462	 1.000000	 1.000000	 25.872496
-46	 0.000000	 1.000000	 1.000000	 25.923195
-47	 0.000000	 1.000000	 -nan	 25.965815
-53	 0.142857	 1.000000	 1.000000	 25.986286
-53	 0.875000	 1.000000	 1.000000	 26.004503
-47	 0.872340	 1.000000	 1.000000	 26.053371
-49	 0.590909	 1.000000	 1.000000	 26.077909
-51	 0.725000	 1.000000	 1.000000	 26.097939
-52	 0.142857	 1.000000	 1.000000	 26.112450
-55	 0.911765	 1.000000	 1.000000	 26.143810
-54	 0.872340	 1.000000	 1.000000	 26.170208
-51	 0.000000	 1.000000	 1.000000	 26.204897
-50	 0.333333	 1.000000	 -nan	 26.228811
-50	 0.533333	 1.000000	 -nan	 26.238249
-53	 0.947368	 1.000000	 1.000000	 26.278828
-52	 0.954545	 1.000000	 1.000000	 26.322586
-51	 0.785714	 1.000000	 1.000000	 26.334120
-51	 0.793103	 1.000000	 1.000000	 26.345144
-52	 0.813559	 1.000000	 1.000000	 26.368013
-52	 0.880000	 1.000000	 1.000000	 26.387835
-51	 0.300000	 1.000000	 1.000000	 26.394840
-51	 0.142857	 1.000000	 1.000000	 26.437986
-54	 0.894737	 1.000000	 1.000000	 26.458027
-54	 0.947368	 1.000000	 1.000000	 26.499142
-53	 0.625000	 1.000000	 1.000000	 26.524586
-54	 0.872340	 1.000000	 1.000000	 26.544773
-54	 0.965318	 1.000000	 1.000000	 26.603298
-53	 0.777778	 1.000000	 1.000000	 26.629101
-53	 0.965714	 1.000000	 1.000000	 26.689518
-50	 0.416667	 1.000000	 1.000000	 26.730665
-50	 0.000000	 1.000000	 -nan	 26.741522
-51	 0.250000	 1.000000	 -nan	 26.748138
-51	 0.739130	 1.000000	 -nan	 26.759190
-52	 0.727273	 1.000000	 1.000000	 26.769047
-52	 0.647059	 1.000000	 1.000000	 26.779503
-49	 0.125000	 1.000000	 1.000000	 26.829683
-45	 0.000000	 1.000000	 -nan	 26.878658
-45	 0.000000	 1.000000	 -nan	 26.921892
-46	 0.000000	 1.000000	 1.000000	 26.977743
-42	 0.000000	 1.000000	 -nan	 27.037277
-50	 0.000000	 1.000000	 -nan	 27.084938
-45	 0.000000	 1.000000	 1.000000	 27.137564
-53	 0.000000	 1.000000	 1.000000	 27.180929
-54	 0.454545	 1.000000	 1.000000	 27.195929
-54	 0.571429	 1.000000	 1.000000	 27.206369
-55	 0.837838	 1.000000	 1.000000	 27.225035
-55	 0.800000	 1.000000	 1.000000	 27.240154
-55	 0.647059	 1.000000	 1.000000	 27.247906
-55	 0.600000	 1.000000	 1.000000	 27.254513
-56	 0.884615	 1.000000	 1.000000	 27.273233
-57	 0.911765	 1.000000	 1.000000	 27.297565
-58	 0.842105	 1.000000	 1.000000	 27.313562
-58	 0.571429	 1.000000	 1.000000	 27.323606
-57	 0.625000	 1.000000	 -nan	 27.330757
-58	 0.111111	 1.000000	 1.000000	 27.346239
-59	 0.000000	 1.000000	 1.000000	 27.393509
-61	 0.000000	 1.000000	 -nan	 27.441887
-60	 0.000000	 1.000000	 1.000000	 27.493835
-62	 0.000000	 1.000000	 1.000000	 27.541513
-64	 0.000000	 1.000000	 1.000000	 27.594900
-62	 0.000000	 1.000000	 1.000000	 27.638744
-62	 0.000000	 1.000000	 1.000000	 27.689081
-61	 0.000000	 1.000000	 1.000000	 27.738277
-58	 0.333333	 1.000000	 1.000000	 27.766636
-58	 0.538462	 1.000000	 1.000000	 27.775518
-58	 0.142857	 1.000000	 1.000000	 27.796314
-60	 0.000000	 1.000000	 -nan	 27.816177
-59	 0.000000	 1.000000	 -nan	 27.830719
-63	 0.000000	 1.000000	 -nan	 27.851042
-65	 0.000000	 1.000000	 -nan	 27.866884
-63	 0.000000	 1.000000	 1.000000	 27.890301
-64	 0.125000	 1.000000	 1.000000	 27.913742
-65	 0.000000	 1.000000	 1.000000	 27.935888
-65	 0.000000	 1.000000	 1.000000	 28.017229
-63	 0.000000	 1.000000	 1.000000	 28.037863
-63	 0.000000	 1.000000	 1.000000	 28.078943
-67	 0.000000	 1.000000	 1.000000	 28.250849
-65	 0.000000	 1.000000	 1.000000	 28.288445
-69	 0.000000	 1.000000	 1.000000	 28.386915
-75	 0.000000	 1.000000	 1.000000	 29.590248
-77	 0.000000	 1.000000	 1.000000	 29.820490
-72	 0.000000	 1.000000	 1.000000	 30.037491
-73	 0.000000	 1.000000	 1.000000	 30.110931
-74	 0.000000	 1.000000	 1.000000	 30.256165
-73	 0.000000	 1.000000	 1.000000	 30.339853
-72	 0.000000	 1.000000	 1.000000	 30.372423
-75	 0.000000	 1.000000	 1.000000	 30.569796
-77	 0.000000	 1.000000	 1.000000	 30.668186
-75	 0.000000	 1.000000	 1.000000	 30.822886
-75	 0.000000	 1.000000	 1.000000	 30.865557
-76	 0.000000	 1.000000	 1.000000	 30.972607
-76	 0.000000	 1.000000	 1.000000	 31.170155
-79	 0.000000	 1.000000	 1.000000	 31.322273
-76	 0.000000	 1.000000	 1.000000	 31.389589
-75	 0.000000	 1.000000	 1.000000	 31.465433
-74	 0.000000	 1.000000	 1.000000	 31.480459
-72	 0.010417	 1.000000	 1.000000	 31.725229
-73	 0.037736	 1.000000	 1.000000	 31.861458
-78	 0.002053	 1.000000	 1.000000	 33.101231
