HT20/SGI	 T	 MCS14	 51.7	95.1	 99.3	 146(147)	| 0.989708	 1.000000	 1.000000 |	-29	 1.066213
HT20/SGI	 T	 MCS14	 53.5	98.5	 98.0	 152(155)	| 0.990323	 1.000000	 1.000000 |	-37	 2.061383
HT20/SGI	 T	 MCS14	 52.2	96.1	 91.7	 133(145)	| 0.942623	 1.000000	 1.000000 |	-35	 4.189422
HT20/SGI	 T	 MCS14	 51.9	95.5	 98.0	 149(152)	| 0.985000	 1.000000	 1.000000 |	-46	 4.910225
HT20/SGI	 T	 MCS14	 52.3	96.4	 95.4	 148(155)	| 0.950704	 1.000000	 1.000000 |	-45	 5.269448
HT20/SGI	 T	 MCS14	 53.3	98.0	 96.2	 104(108)	| 0.981424	 1.000000	 1.000000 |	-42	 6.212515
HT20/SGI	 T	 MCS14	 53.3	98.1	 98.1	 158(161)	| 0.988048	 1.000000	 1.000000 |	-49	 8.137107
HT20/SGI	 T	 MCS14	 52.9	97.4	 97.4	 150(154)	| 0.971631	 1.000000	 1.000000 |	-49	 8.356749
HT20/SGI	 T	 MCS14	 53.4	98.2	 98.0	 148(151)	| 0.989529	 1.000000	 1.000000 |	-49	 8.560349
HT20/SGI	 T	 MCS14	 52.8	97.2	 96.6	 144(149)	| 0.972727	 1.000000	 1.000000 |	-54	 9.018548
HT20/SGI	 T	 MCS14	 52.7	97.0	 96.6	 144(149)	| 0.974910	 1.000000	 1.000000 |	-51	 9.233507
HT20/SGI	 T	 MCS14	 53.2	97.9	 98.0	 150(153)	| 0.976000	 1.000000	 1.000000 |	-52	 9.808911
HT20/SGI	 T	 MCS14	 53.0	97.6	 98.0	 149(152)	| 0.974729	 1.000000	 1.000000 |	-51	 10.013546
HT20/SGI	 T	 MCS14	 52.3	96.3	 96.6	 145(150)	| 0.958084	 1.000000	 1.000000 |	-54	 10.641974
HT20/SGI	 T	 MCS14	 46.4	85.3	 62.7	 69(110)	| 0.600000	 1.000000	 1.000000 |	-63	 11.053088
HT20/SGI	 T	 MCS14	 23.4	43.2	 6.5	 3(	| 0.000000	 1.000000	 -nan |	-61	 11.797402
HT20/SGI	 T	 MCS14	 28.1	51.8	 44.4	 36(	| 0.687500	 1.000000	 -nan |	-62	 11.909519
HT20/SGI	 T	 MCS14	 40.7	74.9	 76.8	 116(151)	| 0.666667	 1.000000	 1.000000 |	-64	 12.263329
HT20/SGI	 T	 MCS14	 44.9	82.7	 91.2	 136(149)	| 0.684211	 1.000000	 1.000000 |	-66	 12.377503
HT20/SGI	 T	 MCS14	 33.7	62.0	 0.0	 0(	| 0.000000	 1.000000	 -nan |	-66	 12.424792
HT20/SGI	 T	 MCS14	 18.9	34.9	 0.0	 0(	| 0.000000	 1.000000	 -nan |	-64	 12.531638
HT20/SGI	 T	 MCS14	 14.2	26.1	 0.0	 0(	| 0.000000	 1.000000	 -nan |	-63	 12.584271
HT20/SGI	 MCS14	 0.0	 0.8	0.0	 0(	 21)	| 0.000000	 1.000000	 1.000000 |	-73	 13.241057
HT20/SGI	 MCS14	 0.0	 0.0	0.0	 0(	 20)	| 0.111111	 1.000000	 1.000000 |	-71	 13.659620
HT20/SGI	 T	 MCS14	 9.8	18.1	 72.5	 37(	| 0.809524	 1.000000	 1.000000 |	-66	 22.977230
HT20/SGI	 T	 MCS14	 16.5	30.4	 42.4	 31(	| 0.600000	 1.000000	 1.000000 |	-64	 23.068878
HT20/SGI	 T	 MCS14	 36.5	67.1	 50.8	 57(112)	| 0.571429	 1.000000	 -nan |	-59	 23.329817
HT20/SGI	 T	 MCS14	 44.7	82.3	 78.6	 118(150)	| 0.860465	 1.000000	 1.000000 |	-60	 23.535660
HT20/SGI	 T	 MCS14	 48.9	90.0	 94.5	 139(147)	| 0.942308	 1.000000	 1.000000 |	-59	 23.693115
HT20/SGI	 T	 MCS14	 50.1	92.2	 96.6	 143(148)	| 0.965116	 1.000000	 1.000000 |	-56	 23.853027
HT20/SGI	 T	 MCS14	 52.1	96.0	 97.9	 147(150)	| 0.975862	 1.000000	 1.000000 |	-54	 24.061502
HT20/SGI	 T	 MCS14	 52.8	97.1	 96.6	 144(149)	| 0.982456	 1.000000	 1.000000 |	-56	 24.732504
HT20/SGI	 T	 MCS14	 52.7	97.1	 99.4	 168(169)	| 0.982090	 1.000000	 1.000000 |	-48	 25.356653
HT20/SGI	 T	 MCS14	 52.0	95.7	 91.3	 138(151)	| 0.684211	 1.000000	 1.000000 |	-47	 25.563080
HT20/SGI	 T	 MCS14	 48.1	88.6	 89.7	 132(147)	| 0.898305	 1.000000	 1.000000 |	-49	 25.981531
HT20/SGI	 T	 MCS14	 28.0	51.5	 33.8	 23(	| 0.100000	 1.000000	 -nan |	-52	 26.717113
HT20/SGI	 T	 MCS14	 30.5	56.2	 70.1	 80(114)	| 0.836735	 1.000000	 1.000000 |	-51	 26.762106
HT20/SGI	 T	 MCS14	 45.9	84.5	 70.8	 114(161)	| 0.538462	 1.000000	 -nan |	-55	 27.115744
HT20/SGI	 T	 MCS14	 13.0	23.9	 0.0	 0(	| 0.000000	 1.000000	 -nan |	-57	 27.396847
HT20/SGI	 T	 MCS14	 14.1	26.0	 32.1	 27(	| 0.272727	 1.000000	 -nan |	-59	 27.448339
HT20/SGI	 MCS14	 0.0	 9.8	0.0	 0(	 49)	| 0.000000	 1.000000	 1.000000 |	-67	 27.940256
HT20/SGI	 MCS14	 0.0	 7.4	0.0	 0(	 42)	| 0.000000	 1.000000	 1.000000 |	-68	 27.981421
HT20/SGI	 MCS14	 0.0	 0.7	0.0	 0(	 21)	| 0.000000	 1.000000	 1.000000 |	-64	 28.419825
HT20/SGI	 MCS14	 0.0	 0.5	0.0	 0(	 19)	| 0.000000	 1.000000	 1.000000 |	-64	 28.466593
HT20/SGI	 MCS14	 0.0	 0.2	0.0	 0(	 21)	| 0.000000	 1.000000	 1.000000 |	-65	 28.624926
HT20/SGI	 MCS14	 0.0	 0.1	0.0	 0(	 21)	| 0.000000	 1.000000	 1.000000 |	-65	 28.674362
HT20/SGI	 MCS14	 0.0	 0.0	0.0	 0(	 20)	| 0.000000	 1.000000	 1.000000 |	-67	 28.842918
HT20/SGI	 MCS14	 0.0	 0.0	0.0	 0(	 21)	| 0.000000	 1.000000	 1.000000 |	-67	 28.945093
HT20/SGI	 MCS14	 0.0	 0.0	0.0	 0(	 20)	| 0.000000	 1.000000	 1.000000 |	-64	 28.989731
HT20/SGI	 MCS14	 0.0	 0.0	0.0	 0(	 21)	| 0.000000	 1.000000	 1.000000 |	-69	 29.038425
HT20/SGI	 MCS14	 0.0	 0.0	0.0	 0(	 20)	| 0.000000	 1.000000	 1.000000 |	-71	 29.416700
HT20/SGI	 MCS14	 0.0	 0.0	0.0	 0(	 20)	| 0.000000	 1.000000	 1.000000 |	-71	 29.460714
HT20/SGI	 MCS14	 0.0	 0.0	0.0	 0(	 21)	| 0.000000	 1.000000	 1.000000 |	-68	 29.513300
HT20/SGI	 MCS14	 0.0	 0.0	0.0	 0(	 20)	| 0.000000	 1.000000	 1.000000 |	-74	 29.659460
HT20/SGI	 MCS14	 0.0	 0.0	0.0	 0(	 20)	| 0.000000	 1.000000	 1.000000 |	-75	 29.763531
HT20/SGI	 MCS14	 0.0	 0.0	0.0	 0(	 20)	| 0.000000	 1.000000	 1.000000 |	-73	 30.085455
HT20/SGI	 MCS14	 0.0	 0.0	0.0	 0(	 20)	| 0.000000	 1.000000	 1.000000 |	-72	 30.136927
HT20/SGI	 MCS14	 0.0	 0.0	0.0	 0(	 20)	| 0.000000	 1.000000	 1.000000 |	-75	 30.186392
HT20/SGI	 MCS14	 0.0	 0.0	0.0	 0(	 20)	| 0.000000	 1.000000	 1.000000 |	-77	 30.238539
HT20/SGI	 MCS14	 0.0	 0.0	0.0	 0(	 20)	| 0.400000	 1.000000	 1.000000 |	-74	 32.863205
HT20/SGI	 MCS14	 0.0	 0.0	0.0	 0(	 21)	| 0.000000	 1.000000	 1.000000 |	-78	 33.382896
HT20/SGI	 MCS14	 0.0	 0.0	0.0	 0(	 20)	| 0.000000	 1.000000	 1.000000 |	-78	 33.644993
HT20/SGI	 MCS14	 0.0	 0.0	0.0	 0(	 20)	| 0.000000	 1.000000	 1.000000 |	-77	 33.749191
HT20/SGI	 MCS14	 0.0	 0.0	0.0	 0(	 19)	| 0.000000	 1.000000	 1.000000 |	-76	 35.774715
