-23	 0.989343	 1.000000	 1.000000	 0.193341
-24	 0.990964	 1.000000	 1.000000	 0.406742
-27	 0.989933	 1.000000	 1.000000	 0.616154
-25	 0.971564	 1.000000	 1.000000	 0.743396
-25	 0.812500	 1.000000	 1.000000	 0.758915
-26	 0.571429	 1.000000	 1.000000	 0.777555
-26	 0.333333	 1.000000	 1.000000	 0.786709
-26	 0.538462	 1.000000	 1.000000	 0.803101
-25	 0.727273	 1.000000	 1.000000	 0.815298
-29	 0.989708	 1.000000	 1.000000	 1.066213
-32	 0.993450	 1.000000	 1.000000	 1.418419
-32	 0.914286	 1.000000	 1.000000	 1.443782
-33	 0.969697	 1.000000	 1.000000	 1.515094
-31	 0.964072	 1.000000	 1.000000	 1.573709
-32	 0.973684	 1.000000	 1.000000	 1.662761
-33	 0.983379	 1.000000	 1.000000	 1.852172
-37	 0.990323	 1.000000	 1.000000	 2.061383
-33	 0.972892	 1.000000	 1.000000	 2.177579
-33	 0.985401	 1.000000	 1.000000	 2.320076
-32	 0.988971	 1.000000	 1.000000	 2.499662
-30	 0.973485	 1.000000	 1.000000	 2.607103
-29	 0.973568	 1.000000	 1.000000	 2.688517
-30	 0.982709	 1.000000	 1.000000	 2.809597
-28	 0.974249	 1.000000	 1.000000	 2.892376
-31	 0.980663	 1.000000	 1.000000	 3.017500
-31	 0.982249	 1.000000	 1.000000	 3.132102
-31	 0.963636	 1.000000	 1.000000	 3.191495
-30	 0.980952	 1.000000	 1.000000	 3.300173
-32	 0.979933	 1.000000	 1.000000	 3.402725
-33	 0.959459	 1.000000	 1.000000	 3.456261
-35	 0.974910	 1.000000	 1.000000	 3.556859
-34	 0.974359	 1.000000	 1.000000	 3.639442
-36	 0.961749	 1.000000	 1.000000	 3.705689
-36	 0.955882	 1.000000	 1.000000	 3.755499
-32	 0.951613	 1.000000	 1.000000	 3.799571
-34	 0.971154	 1.000000	 1.000000	 3.874838
-38	 0.985542	 1.000000	 1.000000	 4.015725
-41	 0.936842	 1.000000	 1.000000	 4.049750
-36	 0.976285	 1.000000	 1.000000	 4.141654
-35	 0.942623	 1.000000	 1.000000	 4.189422
-36	 0.968085	 1.000000	 1.000000	 4.255494
-37	 0.989655	 1.000000	 1.000000	 4.450899
-39	 0.958621	 1.000000	 1.000000	 4.503283
-39	 0.400000	 1.000000	 1.000000	 4.526618
-37	 0.750000	 1.000000	 -nan	 4.557946
-35	 0.909091	 1.000000	 1.000000	 4.598192
-41	 0.988258	 1.000000	 1.000000	 4.771973
-46	 0.985000	 1.000000	 1.000000	 4.910225
-43	 0.970874	 1.000000	 1.000000	 4.982619
-44	 0.969388	 1.000000	 1.000000	 5.053815
-46	 0.979866	 1.000000	 1.000000	 5.159132
-45	 0.962025	 1.000000	 1.000000	 5.218130
-45	 0.950704	 1.000000	 1.000000	 5.269448
-42	 0.990812	 1.000000	 1.000000	 5.491996
-46	 0.988571	 1.000000	 1.000000	 5.668876
-46	 0.983287	 1.000000	 1.000000	 5.788155
-46	 0.988615	 1.000000	 1.000000	 5.961583
-45	 0.983562	 1.000000	 1.000000	 6.082010
-42	 0.981424	 1.000000	 1.000000	 6.212515
-51	 0.980645	 1.000000	 1.000000	 6.341326
-44	 0.988304	 1.000000	 1.000000	 6.523629
-46	 0.981191	 1.000000	 1.000000	 6.634866
-46	 0.958333	 1.000000	 1.000000	 6.687483
-48	 0.985037	 1.000000	 1.000000	 6.830080
-45	 0.974576	 1.000000	 1.000000	 6.913423
-48	 0.990551	 1.000000	 1.000000	 7.135418
-46	 0.984127	 1.000000	 1.000000	 7.267149
-46	 0.980328	 1.000000	 1.000000	 7.372396
-47	 0.959184	 1.000000	 1.000000	 7.426576
-49	 0.968085	 1.000000	 1.000000	 7.492984
-49	 0.984127	 1.000000	 1.000000	 7.625584
-50	 0.937500	 1.000000	 1.000000	 7.659641
-49	 0.982906	 1.000000	 1.000000	 7.784246
-48	 0.975410	 1.000000	 1.000000	 7.870726
-46	 0.976923	 1.000000	 1.000000	 7.963265
-49	 0.988048	 1.000000	 1.000000	 8.137107
-50	 0.951613	 1.000000	 1.000000	 8.182645
-51	 0.971014	 1.000000	 1.000000	 8.257877
-49	 0.971631	 1.000000	 1.000000	 8.356749
-49	 0.989529	 1.000000	 1.000000	 8.560349
-51	 0.985437	 1.000000	 1.000000	 8.705355
-53	 0.968085	 1.000000	 1.000000	 8.771870
-50	 0.975610	 1.000000	 1.000000	 8.858549
-51	 0.972973	 1.000000	 1.000000	 8.940692
-54	 0.972727	 1.000000	 1.000000	 9.018548
-52	 0.966851	 1.000000	 1.000000	 9.084786
-52	 0.956835	 1.000000	 1.000000	 9.134224
-51	 0.974910	 1.000000	 1.000000	 9.233507
-53	 0.965116	 1.000000	 1.000000	 9.295101
-54	 0.983425	 1.000000	 1.000000	 9.422918
-52	 0.963415	 1.000000	 1.000000	 9.481375
-54	 0.974249	 1.000000	 1.000000	 9.565241
-53	 0.986517	 1.000000	 1.000000	 9.721139
-52	 0.976000	 1.000000	 1.000000	 9.808911
-53	 0.980132	 1.000000	 1.000000	 9.915099
-51	 0.974729	 1.000000	 1.000000	 10.013546
-54	 0.981538	 1.000000	 1.000000	 10.129186
-54	 0.971774	 1.000000	 1.000000	 10.218027
-55	 0.984416	 1.000000	 1.000000	 10.353717
-54	 0.957747	 1.000000	 1.000000	 10.404202
-56	 0.978339	 1.000000	 1.000000	 10.504708
-57	 0.958904	 1.000000	 1.000000	 10.559151
-55	 0.906250	 1.000000	 1.000000	 10.581330
-54	 0.958084	 1.000000	 1.000000	 10.641974
-56	 0.988417	 1.000000	 1.000000	 10.827026
-63	 0.949580	 1.000000	 1.000000	 10.869706
-63	 0.934783	 1.000000	 1.000000	 10.905738
-62	 0.945946	 1.000000	 1.000000	 10.956416
-60	 0.920455	 1.000000	 1.000000	 10.988926
-62	 0.828571	 1.000000	 1.000000	 11.004678
-58	 0.857143	 1.000000	 1.000000	 11.032013
-65	 0.142857	 1.000000	 1.000000	 11.046001
-63	 0.600000	 1.000000	 1.000000	 11.053088
-59	 0.964706	 1.000000	 1.000000	 11.116109
-58	 0.961783	 1.000000	 1.000000	 11.173489
-57	 0.973568	 1.000000	 1.000000	 11.255916
-60	 0.973214	 1.000000	 1.000000	 11.336849
-59	 0.976471	 1.000000	 1.000000	 11.459019
-55	 0.842105	 1.000000	 -nan	 11.473556
-64	 0.454545	 1.000000	 1.000000	 11.480332
-64	 0.400000	 1.000000	 -nan	 11.495964
-64	 0.250000	 1.000000	 -nan	 11.505998
-62	 0.000000	 1.000000	 1.000000	 11.546385
-59	 0.785714	 1.000000	 1.000000	 11.653237
-61	 0.333333	 1.000000	 1.000000	 11.684389
-60	 0.533333	 1.000000	 1.000000	 11.709748
-60	 0.666667	 1.000000	 1.000000	 11.718707
-61	 0.250000	 1.000000	 1.000000	 11.755343
-61	 0.000000	 1.000000	 -nan	 11.797402
-58	 0.939394	 1.000000	 1.000000	 11.847124
-60	 0.684211	 1.000000	 1.000000	 11.857726
-63	 0.454545	 1.000000	 -nan	 11.889373
-62	 0.687500	 1.000000	 -nan	 11.909519
-61	 0.973568	 1.000000	 1.000000	 11.992731
-63	 0.934783	 1.000000	 1.000000	 12.026324
-59	 0.906250	 1.000000	 1.000000	 12.052453
-59	 0.785714	 1.000000	 1.000000	 12.065333
-60	 0.142857	 1.000000	 1.000000	 12.097540
-58	 0.454545	 1.000000	 -nan	 12.125274
-58	 0.578947	 1.000000	 1.000000	 12.135201
-59	 0.837838	 1.000000	 1.000000	 12.150842
-62	 0.910448	 1.000000	 1.000000	 12.176093
-64	 0.954887	 1.000000	 1.000000	 12.223610
-64	 0.880000	 1.000000	 1.000000	 12.241861
-62	 0.625000	 1.000000	 1.000000	 12.250381
-64	 0.666667	 1.000000	 1.000000	 12.263329
-61	 0.957143	 1.000000	 1.000000	 12.314307
-64	 0.952381	 1.000000	 1.000000	 12.359600
-66	 0.684211	 1.000000	 1.000000	 12.377503
-66	 0.000000	 1.000000	 -nan	 12.424792
-67	 0.000000	 1.000000	 -nan	 12.473065
-64	 0.000000	 1.000000	 -nan	 12.531638
-63	 0.000000	 1.000000	 -nan	 12.584271
-66	 0.000000	 1.000000	 -nan	 12.643161
-66	 0.000000	 1.000000	 -nan	 12.688474
-72	 0.000000	 1.000000	 -nan	 12.745993
-71	 0.000000	 1.000000	 -nan	 12.789385
-70	 0.000000	 1.000000	 1.000000	 12.837377
-69	 0.000000	 1.000000	 1.000000	 12.885318
-74	 0.000000	 1.000000	 1.000000	 12.936240
-74	 0.000000	 1.000000	 1.000000	 12.986080
-70	 0.000000	 1.000000	 1.000000	 13.049067
-74	 0.000000	 1.000000	 1.000000	 13.101158
-72	 0.000000	 1.000000	 1.000000	 13.148469
-73	 0.000000	 1.000000	 1.000000	 13.192068
-74	 0.000000	 1.000000	 1.000000	 13.205920
-73	 0.000000	 1.000000	 1.000000	 13.222042
-73	 0.000000	 1.000000	 1.000000	 13.241057
-72	 0.000000	 1.000000	 1.000000	 13.254332
-71	 0.000000	 1.000000	 1.000000	 13.270652
-73	 0.000000	 1.000000	 1.000000	 13.285960
-74	 0.000000	 1.000000	 1.000000	 13.302355
-68	 0.000000	 1.000000	 1.000000	 13.317050
-73	 0.000000	 1.000000	 1.000000	 13.332407
-72	 0.000000	 1.000000	 1.000000	 13.347823
-72	 0.000000	 1.000000	 1.000000	 13.366642
-72	 0.000000	 1.000000	 1.000000	 13.383126
-74	 0.000000	 1.000000	 1.000000	 13.397831
-74	 0.000000	 1.000000	 1.000000	 13.413902
-75	 0.000000	 1.000000	 1.000000	 13.429607
-74	 0.000000	 1.000000	 1.000000	 13.444746
-73	 0.000000	 1.000000	 1.000000	 13.459601
-71	 0.000000	 1.000000	 1.000000	 13.474622
-73	 0.000000	 1.000000	 1.000000	 13.489536
-72	 0.000000	 1.000000	 1.000000	 13.505766
-71	 0.000000	 1.000000	 1.000000	 13.521683
-72	 0.000000	 1.000000	 1.000000	 13.536231
-72	 0.000000	 1.000000	 1.000000	 13.551446
-72	 0.000000	 1.000000	 1.000000	 13.566863
-71	 0.000000	 1.000000	 1.000000	 13.582238
-71	 0.000000	 1.000000	 1.000000	 13.600692
-68	 0.000000	 1.000000	 1.000000	 13.616843
-70	 0.000000	 1.000000	 1.000000	 13.639079
-71	 0.111111	 1.000000	 1.000000	 13.659620
-74	 0.000000	 1.000000	 1.000000	 13.786711
-75	 0.000000	 1.000000	 1.000000	 13.840565
-76	 0.000000	 1.000000	 1.000000	 13.858643
-75	 0.000000	 1.000000	 1.000000	 13.891178
-77	 0.000000	 1.000000	 1.000000	 13.964524
-77	 0.000000	 1.000000	 1.000000	 13.997609
-76	 0.000000	 1.000000	 1.000000	 14.012788
-78	 0.000000	 1.000000	 1.000000	 14.041283
-73	 0.000000	 1.000000	 1.000000	 14.317669
-70	 0.000000	 1.000000	 1.000000	 14.471973
-71	 0.000000	 1.000000	 1.000000	 14.507269
-74	 0.006061	 1.000000	 1.000000	 14.936820
-76	 0.001289	 1.000000	 1.000000	 16.916632
-65	 0.000427	 1.000000	 1.000000	 22.925880
-64	 0.666667	 1.000000	 1.000000	 22.943958
-66	 0.809524	 1.000000	 1.000000	 22.977230
-64	 0.300000	 1.000000	 1.000000	 23.000227
-63	 0.133333	 1.000000	 1.000000	 23.038067
-64	 0.333333	 1.000000	 1.000000	 23.057262
-64	 0.600000	 1.000000	 1.000000	 23.068878
-63	 0.780488	 1.000000	 1.000000	 23.093588
-60	 0.901639	 1.000000	 1.000000	 23.119503
-60	 0.500000	 1.000000	 1.000000	 23.126598
-61	 0.647059	 1.000000	 1.000000	 23.134283
-62	 0.945736	 1.000000	 1.000000	 23.181553
-61	 0.970588	 1.000000	 1.000000	 23.255415
-64	 0.915663	 1.000000	 1.000000	 23.286818
-63	 0.571429	 1.000000	 1.000000	 23.296301
-62	 0.142857	 1.000000	 1.000000	 23.321148
-59	 0.571429	 1.000000	 -nan	 23.329817
-58	 0.750000	 1.000000	 1.000000	 23.340761
-58	 0.923077	 1.000000	 1.000000	 23.370449
-59	 0.955882	 1.000000	 1.000000	 23.419300
-59	 0.974895	 1.000000	 1.000000	 23.505894
-59	 0.333333	 1.000000	 1.000000	 23.512007
-59	 0.400000	 1.000000	 -nan	 23.518364
-60	 0.860465	 1.000000	 1.000000	 23.535660
-58	 0.973799	 1.000000	 1.000000	 23.614143
-58	 0.944954	 1.000000	 1.000000	 23.653278
-59	 0.942308	 1.000000	 1.000000	 23.693115
-58	 0.793103	 1.000000	 1.000000	 23.706511
-58	 0.695652	 1.000000	 1.000000	 23.718718
-58	 0.969543	 1.000000	 1.000000	 23.790510
-56	 0.965116	 1.000000	 1.000000	 23.853027
-59	 0.976510	 1.000000	 1.000000	 23.958931
-54	 0.975862	 1.000000	 1.000000	 24.061502
-57	 0.965116	 1.000000	 1.000000	 24.123207
-58	 0.978339	 1.000000	 1.000000	 24.222479
-57	 0.890909	 1.000000	 1.000000	 24.248524
-55	 0.977444	 1.000000	 1.000000	 24.342030
-51	 0.967742	 1.000000	 1.000000	 24.407303
-52	 0.955696	 1.000000	 1.000000	 24.465315
-52	 0.972222	 1.000000	 1.000000	 24.543098
-51	 0.968421	 1.000000	 1.000000	 24.611469
-56	 0.982456	 1.000000	 1.000000	 24.732504
-56	 0.964497	 1.000000	 1.000000	 24.802393
-55	 0.926829	 1.000000	 1.000000	 24.833370
-55	 0.954545	 1.000000	 1.000000	 24.879530
-55	 0.971698	 1.000000	 1.000000	 24.955841
-53	 0.975510	 1.000000	 1.000000	 25.042213
-50	 0.901639	 1.000000	 1.000000	 25.075703
-54	 0.892857	 1.000000	 1.000000	 25.099319
-53	 0.985646	 1.000000	 1.000000	 25.247000
-48	 0.982090	 1.000000	 1.000000	 25.356653
-54	 0.978022	 1.000000	 1.000000	 25.446844
-46	 0.971338	 1.000000	 1.000000	 25.553415
-47	 0.684211	 1.000000	 1.000000	 25.563080
-47	 0.714286	 1.000000	 1.000000	 25.575611
-51	 0.886792	 1.000000	 1.000000	 25.597519
-53	 0.948148	 1.000000	 1.000000	 25.648176
-42	 0.890625	 1.000000	 1.000000	 25.675350
-39	 0.000000	 1.000000	 1.000000	 25.711731
-49	 0.904762	 1.000000	 1.000000	 25.737358
-47	 0.959184	 1.000000	 1.000000	 25.793627
-51	 0.946565	 1.000000	 1.000000	 25.857916
-49	 0.950000	 1.000000	 1.000000	 25.900028
-50	 0.942308	 1.000000	 1.000000	 25.957680
-49	 0.898305	 1.000000	 1.000000	 25.981531
-52	 0.962963	 1.000000	 1.000000	 26.053120
-51	 0.960000	 1.000000	 1.000000	 26.117710
-51	 0.917808	 1.000000	 1.000000	 26.144230
-54	 0.961290	 1.000000	 1.000000	 26.199263
-52	 0.977778	 1.000000	 1.000000	 26.294193
-50	 0.961686	 1.000000	 1.000000	 26.393209
-42	 0.142857	 1.000000	 -nan	 26.435852
-51	 0.939394	 1.000000	 1.000000	 26.474821
-51	 0.931624	 1.000000	 1.000000	 26.517691
-50	 0.400000	 1.000000	 1.000000	 26.524837
-50	 0.454545	 1.000000	 -nan	 26.530388
-51	 0.625000	 1.000000	 1.000000	 26.545549
-50	 0.250000	 1.000000	 -nan	 26.581564
-40	 0.000000	 1.000000	 -nan	 26.633713
-49	 0.571429	 1.000000	 -nan	 26.643435
-49	 0.739130	 1.000000	 1.000000	 26.655127
-49	 0.750000	 1.000000	 1.000000	 26.668249
-52	 0.100000	 1.000000	 -nan	 26.717113
-51	 0.500000	 1.000000	 1.000000	 26.728552
-51	 0.727273	 1.000000	 1.000000	 26.742262
-51	 0.836735	 1.000000	 1.000000	 26.762106
-51	 0.750000	 1.000000	 1.000000	 26.774128
-51	 0.904762	 1.000000	 1.000000	 26.798683
-51	 0.666667	 1.000000	 1.000000	 26.806427
-52	 0.805556	 1.000000	 1.000000	 26.820761
-53	 0.972222	 1.000000	 1.000000	 26.896446
-55	 0.986871	 1.000000	 1.000000	 27.049303
-55	 0.922078	 1.000000	 1.000000	 27.077509
-55	 0.760000	 1.000000	 1.000000	 27.087456
-55	 0.740741	 1.000000	 1.000000	 27.098013
-55	 0.636364	 1.000000	 -nan	 27.109480
-55	 0.538462	 1.000000	 -nan	 27.115744
-56	 0.466667	 1.000000	 1.000000	 27.126637
-54	 0.000000	 1.000000	 1.000000	 27.168943
-53	 0.000000	 1.000000	 1.000000	 27.223200
-58	 0.000000	 1.000000	 1.000000	 27.269514
-60	 0.250000	 1.000000	 -nan	 27.314665
-54	 0.250000	 1.000000	 -nan	 27.349361
-57	 0.000000	 1.000000	 -nan	 27.396847
-59	 0.142857	 1.000000	 -nan	 27.428303
-59	 0.538462	 1.000000	 -nan	 27.436205
-59	 0.272727	 1.000000	 -nan	 27.448339
-58	 0.250000	 1.000000	 1.000000	 27.467340
-60	 0.948718	 1.000000	 1.000000	 27.520508
-61	 0.333333	 1.000000	 1.000000	 27.536547
-61	 0.600000	 1.000000	 1.000000	 27.557240
-63	 0.792453	 1.000000	 1.000000	 27.589512
-65	 0.454545	 1.000000	 1.000000	 27.617188
-63	 0.000000	 1.000000	 -nan	 27.669182
-73	 0.000000	 1.000000	 -nan	 27.716381
-67	 0.000000	 1.000000	 1.000000	 27.770731
-66	 0.000000	 1.000000	 1.000000	 27.828552
-66	 0.000000	 1.000000	 1.000000	 27.885149
-67	 0.000000	 1.000000	 1.000000	 27.940256
-68	 0.000000	 1.000000	 1.000000	 27.981421
-68	 0.000000	 1.000000	 1.000000	 28.031200
-71	 0.000000	 1.000000	 1.000000	 28.079046
-69	 0.000000	 1.000000	 1.000000	 28.124336
-68	 0.000000	 1.000000	 1.000000	 28.179504
-66	 0.000000	 1.000000	 1.000000	 28.226355
-66	 0.000000	 1.000000	 1.000000	 28.257217
-67	 0.000000	 1.000000	 1.000000	 28.273611
-68	 0.000000	 1.000000	 1.000000	 28.287756
-67	 0.000000	 1.000000	 1.000000	 28.307753
-67	 0.000000	 1.000000	 1.000000	 28.325172
-68	 0.000000	 1.000000	 1.000000	 28.340469
-68	 0.000000	 1.000000	 1.000000	 28.355864
-67	 0.000000	 1.000000	 1.000000	 28.372307
-66	 0.000000	 1.000000	 1.000000	 28.387152
-66	 0.000000	 1.000000	 1.000000	 28.406063
-64	 0.000000	 1.000000	 1.000000	 28.419825
-64	 0.000000	 1.000000	 1.000000	 28.434977
-64	 0.000000	 1.000000	 1.000000	 28.453341
-64	 0.000000	 1.000000	 1.000000	 28.466593
-65	 0.000000	 1.000000	 1.000000	 28.481855
-65	 0.000000	 1.000000	 1.000000	 28.497742
-67	 0.000000	 1.000000	 1.000000	 28.517000
-67	 0.000000	 1.000000	 1.000000	 28.532127
-70	 0.000000	 1.000000	 1.000000	 28.547915
-70	 0.000000	 1.000000	 1.000000	 28.562128
-69	 0.000000	 1.000000	 1.000000	 28.578503
-66	 0.000000	 1.000000	 1.000000	 28.605452
-65	 0.000000	 1.000000	 1.000000	 28.624926
-66	 0.000000	 1.000000	 1.000000	 28.645460
-65	 0.000000	 1.000000	 1.000000	 28.660822
-65	 0.000000	 1.000000	 1.000000	 28.674362
-64	 0.000000	 1.000000	 1.000000	 28.689211
-66	 0.000000	 1.000000	 1.000000	 28.705765
-68	 0.000000	 1.000000	 1.000000	 28.721466
-66	 0.000000	 1.000000	 1.000000	 28.737726
-66	 0.000000	 1.000000	 1.000000	 28.752069
-67	 0.000000	 1.000000	 1.000000	 28.768759
-67	 0.000000	 1.000000	 1.000000	 28.789278
-68	 0.000000	 1.000000	 1.000000	 28.805653
-67	 0.000000	 1.000000	 1.000000	 28.820196
-67	 0.000000	 1.000000	 1.000000	 28.842918
-67	 0.000000	 1.000000	 1.000000	 28.861456
-66	 0.000000	 1.000000	 1.000000	 28.875332
-68	 0.000000	 1.000000	 1.000000	 28.893904
-67	 0.000000	 1.000000	 1.000000	 28.909166
-67	 0.000000	 1.000000	 1.000000	 28.924152
-67	 0.000000	 1.000000	 1.000000	 28.945093
-65	 0.000000	 1.000000	 1.000000	 28.958548
-67	 0.000000	 1.000000	 1.000000	 28.974775
-64	 0.000000	 1.000000	 1.000000	 28.989731
-68	 0.000000	 1.000000	 1.000000	 29.008837
-69	 0.000000	 1.000000	 1.000000	 29.023363
-69	 0.000000	 1.000000	 1.000000	 29.038425
-69	 0.000000	 1.000000	 1.000000	 29.053694
-69	 0.000000	 1.000000	 1.000000	 29.068958
-70	 0.000000	 1.000000	 1.000000	 29.083584
-70	 0.000000	 1.000000	 1.000000	 29.098717
-71	 0.000000	 1.000000	 1.000000	 29.117376
-71	 0.000000	 1.000000	 1.000000	 29.131924
-71	 0.000000	 1.000000	 1.000000	 29.147835
-71	 0.000000	 1.000000	 1.000000	 29.163618
-72	 0.000000	 1.000000	 1.000000	 29.178207
-73	 0.000000	 1.000000	 1.000000	 29.195297
-72	 0.000000	 1.000000	 1.000000	 29.209826
-73	 0.000000	 1.000000	 1.000000	 29.225830
-72	 0.000000	 1.000000	 1.000000	 29.240976
-72	 0.000000	 1.000000	 1.000000	 29.263035
-71	 0.000000	 1.000000	 1.000000	 29.281523
-71	 0.000000	 1.000000	 1.000000	 29.297132
-73	 0.000000	 1.000000	 1.000000	 29.312696
-73	 0.000000	 1.000000	 1.000000	 29.327503
-72	 0.000000	 1.000000	 1.000000	 29.342737
-72	 0.000000	 1.000000	 1.000000	 29.358070
-69	 0.000000	 1.000000	 1.000000	 29.377129
-69	 0.000000	 1.000000	 1.000000	 29.392090
-71	 0.000000	 1.000000	 1.000000	 29.416700
-71	 0.000000	 1.000000	 1.000000	 29.440718
-71	 0.000000	 1.000000	 1.000000	 29.460714
-69	 0.000000	 1.000000	 1.000000	 29.478886
-68	 0.000000	 1.000000	 1.000000	 29.497377
-68	 0.000000	 1.000000	 1.000000	 29.513300
-68	 0.000000	 1.000000	 1.000000	 29.528145
-69	 0.000000	 1.000000	 1.000000	 29.545528
-69	 0.000000	 1.000000	 1.000000	 29.561678
-69	 0.000000	 1.000000	 1.000000	 29.576559
-68	 0.000000	 1.000000	 1.000000	 29.592901
-69	 0.000000	 1.000000	 1.000000	 29.609329
-72	 0.000000	 1.000000	 1.000000	 29.623259
-73	 0.000000	 1.000000	 1.000000	 29.645319
-74	 0.000000	 1.000000	 1.000000	 29.659460
-74	 0.000000	 1.000000	 1.000000	 29.674011
-71	 0.000000	 1.000000	 1.000000	 29.693672
-70	 0.000000	 1.000000	 1.000000	 29.707628
-73	 0.000000	 1.000000	 1.000000	 29.725649
-74	 0.000000	 1.000000	 1.000000	 29.748791
-75	 0.000000	 1.000000	 1.000000	 29.763531
-74	 0.000000	 1.000000	 1.000000	 29.778553
-75	 0.000000	 1.000000	 1.000000	 29.795788
-74	 0.000000	 1.000000	 1.000000	 29.813162
-74	 0.000000	 1.000000	 1.000000	 29.826309
-71	 0.000000	 1.000000	 1.000000	 29.853392
-73	 0.000000	 1.000000	 1.000000	 29.872866
-72	 0.000000	 1.000000	 1.000000	 29.893347
-72	 0.000000	 1.000000	 1.000000	 29.907837
-73	 0.000000	 1.000000	 1.000000	 29.925196
-74	 0.000000	 1.000000	 1.000000	 29.939901
-73	 0.000000	 1.000000	 1.000000	 29.955130
-73	 0.000000	 1.000000	 1.000000	 29.972992
-72	 0.000000	 1.000000	 1.000000	 29.989250
-73	 0.000000	 1.000000	 1.000000	 30.004299
-73	 0.000000	 1.000000	 1.000000	 30.025700
-75	 0.000000	 1.000000	 1.000000	 30.041439
-74	 0.000000	 1.000000	 1.000000	 30.065023
-73	 0.000000	 1.000000	 1.000000	 30.085455
-74	 0.000000	 1.000000	 1.000000	 30.100298
-74	 0.000000	 1.000000	 1.000000	 30.119493
-72	 0.000000	 1.000000	 1.000000	 30.136927
-74	 0.000000	 1.000000	 1.000000	 30.157095
-74	 0.000000	 1.000000	 1.000000	 30.171946
-75	 0.000000	 1.000000	 1.000000	 30.186392
-73	 0.000000	 1.000000	 1.000000	 30.209576
-78	 0.000000	 1.000000	 1.000000	 30.224174
-77	 0.000000	 1.000000	 1.000000	 30.238539
-76	 0.000000	 1.000000	 1.000000	 30.257402
-74	 0.000000	 -6.166667	 0.385714	 32.764820
-76	 0.222222	 1.000000	 1.000000	 32.784740
-75	 0.333333	 1.000000	 1.000000	 32.800236
-74	 0.333333	 1.000000	 1.000000	 32.815056
-74	 0.250000	 1.000000	 1.000000	 32.830765
-73	 0.333333	 1.000000	 1.000000	 32.847809
-74	 0.400000	 1.000000	 1.000000	 32.863205
-76	 0.333333	 1.000000	 1.000000	 32.884872
-76	 0.500000	 1.000000	 1.000000	 32.902466
-76	 0.400000	 1.000000	 1.000000	 32.918533
-76	 0.333333	 1.000000	 1.000000	 32.933987
-77	 0.000000	 1.000000	 1.000000	 32.955376
-76	 0.000000	 1.000000	 1.000000	 32.969189
-75	 0.000000	 1.000000	 1.000000	 32.985302
-75	 0.000000	 1.000000	 1.000000	 33.000141
-75	 0.000000	 1.000000	 1.000000	 33.015751
-75	 0.000000	 1.000000	 1.000000	 33.033298
-75	 0.000000	 1.000000	 1.000000	 33.047756
-76	 0.000000	 1.000000	 1.000000	 33.065426
-73	 0.000000	 1.000000	 1.000000	 33.081154
-77	 0.000000	 1.000000	 1.000000	 33.096546
-75	 0.000000	 1.000000	 1.000000	 33.116917
-75	 0.000000	 1.000000	 1.000000	 33.131599
-74	 0.000000	 1.000000	 1.000000	 33.149410
-74	 0.000000	 1.000000	 1.000000	 33.163857
-69	 0.000000	 1.000000	 1.000000	 33.181080
-74	 0.000000	 1.000000	 1.000000	 33.195145
-75	 0.000000	 1.000000	 1.000000	 33.209545
-74	 0.000000	 1.000000	 1.000000	 33.225899
-74	 0.000000	 1.000000	 1.000000	 33.239906
-74	 0.000000	 1.000000	 1.000000	 33.255054
-76	 0.000000	 1.000000	 1.000000	 33.273952
-77	 0.000000	 1.000000	 1.000000	 33.290932
-77	 0.000000	 1.000000	 1.000000	 33.305302
-76	 0.000000	 1.000000	 1.000000	 33.322994
-78	 0.000000	 1.000000	 1.000000	 33.337410
-78	 0.000000	 1.000000	 1.000000	 33.352558
-78	 0.000000	 1.000000	 1.000000	 33.367668
-78	 0.000000	 1.000000	 1.000000	 33.382896
-77	 0.000000	 1.000000	 1.000000	 33.398697
-76	 0.000000	 1.000000	 1.000000	 33.413731
-76	 0.000000	 1.000000	 1.000000	 33.429005
-79	 0.000000	 1.000000	 1.000000	 33.449772
-77	 0.000000	 1.000000	 1.000000	 33.467957
-77	 0.000000	 1.000000	 1.000000	 33.482071
-75	 0.000000	 1.000000	 1.000000	 33.501057
-74	 0.000000	 1.000000	 1.000000	 33.515079
-75	 0.000000	 1.000000	 1.000000	 33.531227
-77	 0.000000	 1.000000	 1.000000	 33.545528
-78	 0.000000	 1.000000	 1.000000	 33.561440
-79	 0.000000	 1.000000	 1.000000	 33.575912
-75	 0.000000	 1.000000	 1.000000	 33.594788
-79	 0.000000	 1.000000	 1.000000	 33.610909
-78	 0.000000	 1.000000	 1.000000	 33.628181
-78	 0.000000	 1.000000	 1.000000	 33.644993
-78	 0.000000	 1.000000	 1.000000	 33.659943
-78	 0.000000	 1.000000	 1.000000	 33.676025
-79	 0.000000	 1.000000	 1.000000	 33.691231
-79	 0.000000	 1.000000	 1.000000	 33.706013
-81	 0.000000	 1.000000	 1.000000	 33.726246
-77	 0.000000	 1.000000	 1.000000	 33.749191
-76	 0.000000	 1.000000	 1.000000	 33.763077
-78	 0.000000	 1.000000	 1.000000	 33.778221
-77	 0.000000	 1.000000	 1.000000	 33.797306
-79	 0.000000	 1.000000	 1.000000	 33.817345
-79	 0.000000	 1.000000	 1.000000	 33.832722
-79	 0.000000	 1.000000	 1.000000	 33.849419
-78	 0.000000	 1.000000	 1.000000	 33.865326
-78	 0.000000	 1.000000	 1.000000	 33.880100
-77	 0.000000	 1.000000	 1.000000	 33.897240
-77	 0.000000	 1.000000	 1.000000	 33.912498
-75	 0.000000	 1.000000	 1.000000	 33.928177
-77	 0.111111	 1.000000	 1.000000	 33.950439
-78	 0.000000	 1.000000	 1.000000	 34.190693
-77	 0.000000	 1.000000	 1.000000	 34.216503
-74	 0.000000	 1.000000	 1.000000	 34.269165
-76	 0.000000	 1.000000	 1.000000	 34.310078
-77	 0.000000	 1.000000	 1.000000	 34.499031
-75	 0.000000	 1.000000	 1.000000	 34.699512
-77	 0.000000	 1.000000	 1.000000	 34.806534
-78	 0.000000	 1.000000	 1.000000	 35.002705
-76	 0.000000	 1.000000	 1.000000	 35.197853
-76	 0.000000	 1.000000	 1.000000	 35.251106
-79	 0.000000	 1.000000	 1.000000	 35.302509
-76	 0.000000	 1.000000	 1.000000	 35.346035
-80	 0.000000	 1.000000	 1.000000	 35.448616
-79	 0.000000	 1.000000	 1.000000	 35.476940
-77	 0.000000	 1.000000	 1.000000	 35.649673
-78	 0.000000	 1.000000	 1.000000	 35.696224
-76	 0.000000	 1.000000	 1.000000	 35.774715
-80	 0.000000	 1.000000	 1.000000	 35.822887
-78	 0.100000	 1.000000	 1.000000	 35.876759
-78	 0.000000	 1.000000	 1.000000	 36.286400
-80	 0.007273	 1.000000	 1.000000	 37.004684
