HT20/SGI	 T	 MCS15	 55.6	98.5	 97.5	 160(164)	| 0.989247	 1.000000	 1.000000 |	-30	 3.028235
HT20/SGI	 T	 MCS15	 55.0	97.4	 96.7	 151(156)	| 0.966102	 1.000000	 1.000000 |	-44	 5.162491
HT20/SGI	 T	 MCS15	 54.9	97.3	 96.1	 148(154)	| 0.967033	 1.000000	 1.000000 |	-46	 5.321935
HT20/SGI	 T	 MCS15	 53.4	94.5	 83.3	 125(150)	| 0.333333	 1.000000	 1.000000 |	-41	 5.751343
HT20/SGI	 T	 MCS15	 47.6	84.3	 75.7	 106(140)	| 0.500000	 1.000000	 1.000000 |	-46	 5.896397
HT20/SGI	 T	 MCS15	 55.1	97.6	 98.0	 150(153)	| 0.984375	 1.000000	 1.000000 |	-47	 6.690521
HT20/SGI	 T	 MCS15	 54.5	96.5	 97.4	 154(158)	| 0.969697	 1.000000	 1.000000 |	-47	 7.888086
HT20/SGI	 T	 MCS15	 53.8	95.3	 97.3	 146(150)	| 0.976562	 1.000000	 1.000000 |	-50	 8.210608
HT20/SGI	 T	 MCS15	 54.8	97.0	 93.5	 145(155)	| 0.884615	 1.000000	 1.000000 |	-54	 10.073376
HT20/SGI	 T	 MCS15	 53.2	94.3	 87.5	 141(161)	| 0.300000	 1.000000	 1.000000 |	-57	 10.281500
HT20/SGI	 T	 MCS15	 47.1	83.4	 93.9	 156(166)	| 0.953020	 1.000000	 1.000000 |	-54	 10.438181
HT20/SGI	 T	 MCS15	 52.3	92.7	 96.1	 150(156)	| 0.969697	 1.000000	 1.000000 |	-55	 10.645905
HT20/SGI	 T	 MCS15	 45.9	81.3	 51.7	 45(	| 0.800000	 1.000000	 1.000000 |	-55	 10.750180
HT20/SGI	 T	 MCS15	 29.7	52.6	 0.0	 0(	| 0.000000	 1.000000	 -nan |	-57	 10.853928
HT20/SGI	 T	 MCS15	 28.5	50.5	 62.1	 97(156)	| 0.363636	 1.000000	 1.000000 |	-57	 11.434463
HT20/SGI	 T	 MCS15	 31.2	55.3	 69.7	 104(149)	| 0.571429	 1.000000	 1.000000 |	-55	 11.480789
HT20/SGI	 T	 MCS15	 7.6	13.5	 0.0	 0(	| 0.000000	 1.000000	 -nan |	-60	 11.985402
HT20/SGI	 MCS15	 5.7	 10.1	0.0	 0(	 42)	| 0.000000	 1.000000	 -nan |	-63	 12.032230
HT20/SGI	 MCS15	 0.0	 8.7	22.0	 15(	 68)	| 0.166667	 1.000000	 1.000000 |	-61	 12.241914
HT20/SGI	 MCS15	 0.0	 4.7	0.0	 0(	 21)	| 0.000000	 1.000000	 1.000000 |	-57	 12.511318
HT20/SGI	 MCS15	 0.0	 2.6	0.0	 0(	 21)	| 0.000000	 1.000000	 1.000000 |	-63	 12.622137
HT20/SGI	 MCS15	 0.0	 1.9	0.0	 0(	 20)	| 0.000000	 1.000000	 1.000000 |	-62	 12.668276
HT20/SGI	 MCS15	 0.0	 0.8	0.0	 0(	 19)	| 0.000000	 1.000000	 1.000000 |	-65	 12.825310
HT20/SGI	 MCS15	 0.0	 0.6	0.0	 0(	 21)	| 0.000000	 1.000000	 1.000000 |	-65	 12.873833
HT20/SGI	 MCS15	 0.0	 0.1	0.0	 0(	 21)	| 0.000000	 1.000000	 1.000000 |	-65	 13.184703
HT20/SGI	 MCS15	 0.0	 0.0	0.0	 0(	 21)	| 0.000000	 1.000000	 1.000000 |	-71	 13.659184
HT20/SGI	 MCS15	 0.0	 0.0	0.0	 0(	 20)	| 0.000000	 1.000000	 1.000000 |	-70	 13.703758
HT20/SGI	 MCS15	 0.0	 0.0	0.0	 0(	 21)	| 0.000000	 1.000000	 1.000000 |	-69	 13.757852
HT20/SGI	 MCS15	 0.0	 0.0	0.0	 0(	 21)	| 0.000000	 1.000000	 1.000000 |	-69	 13.810450
HT20/SGI	 MCS15	 0.0	 0.0	0.0	 0(	 19)	| 0.000000	 1.000000	 1.000000 |	-75	 13.864747
HT20/SGI	 MCS15	 0.0	 0.0	0.0	 0(	 20)	| 0.000000	 1.000000	 -nan |	-71	 14.018291
HT20/SGI	 MCS15	 0.0	 0.0	0.0	 0(	 21)	| 0.000000	 1.000000	 1.000000 |	-75	 14.068988
HT20/SGI	 MCS15	 0.0	 0.0	0.0	 0(	 21)	| 0.000000	 1.000000	 1.000000 |	-74	 14.174956
HT20/SGI	 MCS15	 0.0	 0.0	0.0	 0(	 20)	| 0.000000	 1.000000	 1.000000 |	-72	 14.228939
HT20/SGI	 MCS15	 0.0	 0.0	0.0	 0(	 21)	| 0.000000	 1.000000	 1.000000 |	-70	 14.281268
HT20/SGI	 MCS15	 0.0	 0.0	0.0	 0(	 19)	| 0.000000	 1.000000	 1.000000 |	-72	 20.593954
HT20/SGI	 MCS15	 0.0	 0.0	0.0	 0(	 20)	| 0.000000	 1.000000	 1.000000 |	-69	 20.906490
HT20/SGI	 MCS15	 0.0	 7.4	29.6	 8(	 27)	| 0.500000	 1.000000	 1.000000 |	-60	 23.456446
HT20/SGI	 T	 MCS15	 16.0	28.3	 91.1	 93(102)	| 0.937500	 1.000000	 1.000000 |	-60	 23.501415
HT20/SGI	 T	 MCS15	 21.3	37.7	 65.9	 66(100)	| 0.000000	 1.000000	 1.000000 |	-60	 23.569803
HT20/SGI	 T	 MCS15	 36.0	63.7	 88.7	 134(151)	| 0.854167	 1.000000	 1.000000 |	-59	 23.765968
HT20/SGI	 T	 MCS15	 39.6	70.2	 89.6	 138(154)	| 0.939130	 1.000000	 1.000000 |	-55	 23.822054
HT20/SGI	 T	 MCS15	 40.8	72.3	 25.3	 18(	| 0.454545	 1.000000	 -nan |	-56	 24.238018
HT20/SGI	 T	 MCS15	 43.6	77.3	 92.0	 139(151)	| 0.946154	 1.000000	 1.000000 |	-59	 24.293531
HT20/SGI	 T	 MCS15	 45.9	81.4	 84.6	 132(156)	| 0.853659	 1.000000	 1.000000 |	-60	 24.393831
HT20/SGI	 T	 MCS15	 47.2	83.6	 90.4	 142(157)	| 0.812500	 1.000000	 1.000000 |	-61	 24.443888
HT20/SGI	 T	 MCS15	 39.8	70.5	 83.3	 35(	| 0.814815	 1.000000	 1.000000 |	-56	 24.661558
HT20/SGI	 T	 MCS15	 43.3	76.7	 92.3	 72(	| 0.955882	 1.000000	 1.000000 |	-56	 24.817719
HT20/SGI	 T	 MCS15	 39.2	69.4	 16.3	 10(	| 0.000000	 1.000000	 1.000000 |	-46	 25.923195
HT20/SGI	 T	 MCS15	 29.7	52.6	 32.3	 21(	| 0.590909	 1.000000	 1.000000 |	-49	 26.077909
HT20/SGI	 T	 MCS15	 29.2	51.8	 26.5	 22(	| 0.533333	 1.000000	 -nan |	-50	 26.238249
HT20/SGI	 T	 MCS15	 39.8	70.4	 42.8	 45(105)	| 0.739130	 1.000000	 -nan |	-51	 26.759190
HT20/SGI	 T	 MCS15	 20.0	35.5	 0.0	 0(	| 0.000000	 1.000000	 -nan |	-45	 26.921892
HT20/SGI	 T	 MCS15	 11.3	20.0	 0.0	 0(	| 0.000000	 1.000000	 -nan |	-42	 27.037277
HT20/SGI	 T	 MCS15	 23.6	41.8	 87.6	 142(162)	| 0.911765	 1.000000	 1.000000 |	-57	 27.297565
HT20/SGI	 T	 MCS15	 6.3	11.1	 26.4	 18(	| 0.538462	 1.000000	 1.000000 |	-58	 27.775518
HT20/SGI	 MCS15	 0.0	 3.2	0.0	 0(	 34)	| 0.000000	 1.000000	 1.000000 |	-63	 28.037863
HT20/SGI	 MCS15	 0.0	 0.0	0.0	 0(	 20)	| 0.000000	 1.000000	 1.000000 |	-73	 30.110931
HT20/SGI	 MCS15	 0.0	 0.0	0.0	 0(	 20)	| 0.000000	 1.000000	 1.000000 |	-75	 31.465433
