HT40/LGI	 T	 MCS15	 16.2	23.4	 17.3	 12(	| 0.250000	 1.000000	 1.000000 |	-13	 0.102276
HT40/LGI	 T	 MCS15	 13.9	20.1	 9.6	 5(	| 0.000000	 1.000000	 1.000000 |	-16	 0.902047
HT40/LGI	 T	 MCS15	 13.9	20.1	 20.2	 18(	| 0.000000	 1.000000	 1.000000 |	-18	 0.959715
HT40/LGI	 T	 MCS15	 21.7	31.3	 59.9	 72(120)	| 0.600000	 1.000000	 1.000000 |	-21	 1.807932
HT40/LGI	 T	 MCS15	 17.6	25.4	 31.2	 10(	| 0.142857	 1.000000	 1.000000 |	-35	 2.565433
HT40/LGI	 T	 MCS15	 14.9	21.4	 22.8	 16(	| 0.333333	 1.000000	 1.000000 |	-36	 3.093221
HT40/LGI	 T	 MCS15	 11.3	16.3	 20.3	 12(	| 0.250000	 1.000000	 1.000000 |	-40	 3.361960
HT40/LGI	 MCS15	 13.8	 19.9	23.1	 16(	 69)	| 0.454545	 1.000000	 -nan |	-42	 3.408384
HT40/LGI	 T	 MCS15	 12.1	17.5	 10.1	 6(	| 0.184149	 1.000000	 1.000000 |	-43	 4.360335
HT40/LGI	 T	 MCS15	 17.2	24.8	 46.9	 46(	| 0.142857	 1.000000	 1.000000 |	-43	 4.403060
HT40/LGI	 MCS15	 0.0	 3.7	0.0	 0(	 30)	| 0.125000	 1.000000	 1.000000 |	-47	 5.363988
HT40/LGI	 MCS15	 0.0	 5.0	9.0	 2(	 22)	| 0.142857	 1.000000	 1.000000 |	-45	 5.408459
HT40/LGI	 T	 MCS15	 13.9	20.0	 46.0	 41(	| 0.533333	 1.000000	 1.000000 |	-46	 5.719193
HT40/LGI	 T	 MCS15	 8.6	12.3	 0.0	 0(	| 0.000000	 1.000000	 1.000000 |	-50	 5.826331
HT40/LGI	 MCS15	 0.0	 5.8	0.0	 0(	 39)	| 0.000000	 1.000000	 1.000000 |	-50	 6.032549
HT40/LGI	 MCS15	 0.0	 0.7	0.0	 0(	 20)	| 0.000000	 1.000000	 1.000000 |	-46	 6.401435
HT40/LGI	 MCS15	 0.0	 0.0	0.0	 0(	 21)	| 0.000000	 1.000000	 1.000000 |	-53	 7.649716
HT40/LGI	 MCS15	 0.0	 0.0	0.0	 0(	 21)	| 0.000000	 1.000000	 1.000000 |	-56	 8.013059
HT40/LGI	 MCS15	 0.0	 0.0	0.0	 0(	 21)	| 0.000000	 1.000000	 1.000000 |	-57	 8.116674
HT40/LGI	 MCS15	 0.0	 0.0	0.0	 0(	 22)	| 0.000000	 1.000000	 1.000000 |	-58	 8.221538
HT40/LGI	 MCS15	 0.0	 0.0	0.0	 0(	 21)	| 0.000000	 1.000000	 1.000000 |	-58	 8.325757
HT40/LGI	 MCS15	 0.0	 0.0	0.0	 0(	 20)	| 0.000000	 1.000000	 1.000000 |	-62	 8.740575
HT40/LGI	 MCS15	 0.0	 0.0	0.0	 0(	 21)	| 0.000000	 1.000000	 1.000000 |	-58	 8.844487
HT40/LGI	 MCS15	 0.0	 0.0	0.0	 0(	 20)	| 0.000000	 1.000000	 1.000000 |	-63	 9.440344
HT40/LGI	 MCS15	 0.0	 0.0	0.0	 0(	 20)	| 0.000000	 1.000000	 1.000000 |	-75	 11.394348
HT40/LGI	 MCS15	 0.0	 0.0	0.0	 0(	 20)	| 0.000000	 1.000000	 1.000000 |	-76	 12.223863
HT40/LGI	 MCS15	 0.0	 0.0	0.0	 0(	 21)	| 0.000000	 1.000000	 1.000000 |	-78	 12.328703
HT40/LGI	 MCS15	 0.0	 0.0	0.0	 0(	 20)	| 0.000000	 1.000000	 1.000000 |	-76	 12.590105
HT40/LGI	 MCS15	 0.0	 0.0	0.0	 0(	 21)	| 0.000000	 1.000000	 1.000000 |	-77	 12.911839
HT40/LGI	 MCS15	 0.0	 0.0	0.0	 0(	 20)	| 0.000000	 1.000000	 1.000000 |	-73	 13.211937
HT40/LGI	 MCS15	 0.0	 0.0	0.0	 0(	 20)	| 0.000000	 1.000000	 1.000000 |	-79	 13.576898
HT40/LGI	 MCS15	 0.0	 0.0	0.0	 0(	 18)	| 0.000000	 1.000000	 1.000000 |	-77	 13.628864
HT40/LGI	 MCS15	 0.0	 0.0	0.0	 0(	 21)	| 0.000000	 1.000000	 1.000000 |	-75	 13.836874
HT40/LGI	 MCS15	 0.0	 0.0	0.0	 0(	 21)	| 0.000000	 1.000000	 1.000000 |	-75	 13.941152
HT40/LGI	 MCS15	 0.0	 0.0	0.0	 0(	 21)	| 0.000000	 1.000000	 1.000000 |	-75	 13.993338
HT40/LGI	 MCS15	 0.0	 0.0	0.0	 0(	 21)	| 0.000000	 1.000000	 1.000000 |	-77	 14.669080
HT40/LGI	 MCS15	 0.0	 0.0	0.0	 0(	 21)	| 0.000000	 1.000000	 1.000000 |	-78	 14.773512
HT40/LGI	 MCS15	 0.0	 0.0	0.0	 0(	 20)	| 0.000000	 1.000000	 1.000000 |	-76	 15.084517
HT40/LGI	 MCS15	 0.0	 0.0	0.0	 0(	 21)	| 0.000000	 1.000000	 1.000000 |	-77	 15.188580
HT40/LGI	 MCS15	 0.0	 0.0	0.0	 0(	 20)	| 0.000000	 1.000000	 1.000000 |	-77	 15.751006
HT40/LGI	 MCS15	 0.0	 0.0	0.0	 0(	 21)	| 0.000000	 1.000000	 1.000000 |	-66	 19.452602
HT40/LGI	 MCS15	 0.0	 0.0	0.0	 0(	 21)	| 0.000000	 1.000000	 1.000000 |	-54	 21.640060
HT40/LGI	 MCS15	 0.0	 0.0	0.0	 0(	 21)	| 0.000000	 1.000000	 1.000000 |	-70	 24.137222
HT40/LGI	 MCS15	 0.0	 0.0	0.0	 0(	 20)	| 0.000000	 1.000000	 1.000000 |	-73	 24.761257
HT40/LGI	 MCS15	 0.0	 0.0	0.0	 0(	 20)	| 0.000000	 1.000000	 1.000000 |	-79	 25.332710
