-29	 0.982249	 1.000000	 1.000000	 0.137638
-30	 0.974026	 1.000000	 1.000000	 0.236880
-26	 0.953125	 1.000000	 1.000000	 0.297932
-27	 0.987879	 1.000000	 1.000000	 0.601032
-28	 0.988095	 1.000000	 1.000000	 0.842330
-29	 0.969072	 1.000000	 1.000000	 0.923558
-28	 0.970732	 1.000000	 1.000000	 1.011052
-25	 0.969697	 1.000000	 1.000000	 1.095102
-27	 0.976654	 1.000000	 1.000000	 1.203985
-28	 0.967033	 1.000000	 1.000000	 1.281845
-30	 0.971564	 1.000000	 1.000000	 1.371897
-29	 0.960526	 1.000000	 1.000000	 1.438041
-32	 0.980645	 1.000000	 1.000000	 1.569523
-29	 0.976471	 1.000000	 1.000000	 1.679322
-32	 0.943396	 1.000000	 1.000000	 1.725674
-31	 0.977528	 1.000000	 1.000000	 1.838557
-29	 0.951219	 1.000000	 1.000000	 1.890774
-29	 0.971564	 1.000000	 1.000000	 1.978101
-30	 0.990000	 1.000000	 1.000000	 2.228909
-30	 0.952381	 1.000000	 1.000000	 2.280580
-31	 0.977860	 1.000000	 1.000000	 2.391034
-35	 0.984496	 1.000000	 1.000000	 2.551984
-34	 0.977860	 1.000000	 1.000000	 2.668013
-35	 0.971292	 1.000000	 1.000000	 2.755993
-37	 0.969072	 1.000000	 1.000000	 2.837747
-38	 0.979021	 1.000000	 1.000000	 2.958848
-39	 0.979730	 1.000000	 1.000000	 3.083134
-39	 0.975904	 1.000000	 1.000000	 3.195481
-39	 0.977612	 1.000000	 1.000000	 3.310537
-41	 0.969231	 1.000000	 1.000000	 3.395158
-40	 0.961783	 1.000000	 1.000000	 3.463994
-43	 0.990698	 1.000000	 1.000000	 3.730876
-40	 0.967033	 1.000000	 1.000000	 3.807007
-44	 0.983333	 1.000000	 1.000000	 3.959535
-40	 0.974468	 1.000000	 1.000000	 4.060585
-44	 0.991279	 1.000000	 1.000000	 4.344370
-41	 0.981073	 1.000000	 1.000000	 4.480800
-42	 0.974684	 1.000000	 1.000000	 4.582435
-44	 0.973568	 1.000000	 1.000000	 4.678961
-44	 0.960000	 1.000000	 1.000000	 4.744830
-50	 0.980831	 1.000000	 1.000000	 4.883606
-44	 0.951219	 1.000000	 1.000000	 4.937333
-41	 0.983099	 1.000000	 1.000000	 5.083463
-48	 0.981982	 1.000000	 1.000000	 5.220915
-44	 0.979661	 1.000000	 1.000000	 5.347469
-45	 0.952000	 1.000000	 1.000000	 5.400043
-47	 0.975207	 1.000000	 1.000000	 5.508314
-49	 0.924051	 1.000000	 1.000000	 5.542929
-48	 0.980263	 1.000000	 1.000000	 5.671131
-46	 0.981818	 1.000000	 1.000000	 5.806411
-46	 0.980831	 1.000000	 1.000000	 5.935578
-46	 0.975309	 1.000000	 1.000000	 6.039157
-46	 0.975104	 1.000000	 1.000000	 6.142039
-50	 0.974549	 1.000000	 1.000000	 7.454862
-52	 0.971698	 1.000000	 1.000000	 7.544386
-49	 0.963415	 1.000000	 1.000000	 7.615220
-51	 0.974895	 1.000000	 1.000000	 7.717378
-51	 0.971014	 1.000000	 1.000000	 7.808914
-51	 0.948718	 1.000000	 1.000000	 7.861453
-53	 0.974026	 1.000000	 1.000000	 7.960243
-53	 0.981013	 1.000000	 1.000000	 8.092319
-53	 0.979381	 1.000000	 1.000000	 8.212142
-55	 0.983425	 1.000000	 1.000000	 8.362922
-58	 0.961538	 1.000000	 1.000000	 8.429464
-57	 0.959732	 1.000000	 1.000000	 8.496387
-54	 0.969697	 1.000000	 1.000000	 8.581495
-56	 0.978022	 1.000000	 1.000000	 8.697616
-55	 0.987578	 1.000000	 1.000000	 8.905477
-51	 0.978495	 1.000000	 1.000000	 9.022340
-57	 0.984334	 1.000000	 1.000000	 9.182155
-56	 0.985037	 1.000000	 1.000000	 9.352397
-57	 0.988550	 1.000000	 1.000000	 9.566932
-60	 0.977012	 1.000000	 1.000000	 9.675473
-57	 0.970874	 1.000000	 1.000000	 9.761406
-56	 0.977528	 1.000000	 1.000000	 9.878499
-57	 0.979866	 1.000000	 1.000000	 10.007114
-59	 0.979452	 1.000000	 1.000000	 10.131120
-58	 0.964912	 1.000000	 1.000000	 10.205549
-57	 0.918919	 1.000000	 1.000000	 10.241617
-59	 0.953846	 1.000000	 1.000000	 10.298398
-65	 0.984810	 1.000000	 1.000000	 10.467316
-61	 0.970588	 1.000000	 1.000000	 10.556264
-57	 0.988048	 1.000000	 1.000000	 10.764396
-59	 0.981818	 1.000000	 1.000000	 10.905277
-59	 0.981073	 1.000000	 1.000000	 11.038365
-62	 0.984655	 1.000000	 1.000000	 11.206490
-64	 0.972093	 1.000000	 1.000000	 11.299229
-67	 0.979381	 1.000000	 1.000000	 11.425679
-66	 0.953846	 1.000000	 1.000000	 11.483384
-61	 0.979239	 1.000000	 1.000000	 11.606783
-66	 0.970588	 1.000000	 1.000000	 11.693312
-64	 0.957747	 1.000000	 1.000000	 11.756734
-74	 0.972727	 1.000000	 1.000000	 11.854801
-74	 0.979452	 1.000000	 1.000000	 11.982906
-73	 0.948718	 1.000000	 1.000000	 12.036476
-73	 0.945946	 1.000000	 1.000000	 12.085612
-71	 0.760000	 1.000000	 1.000000	 12.108486
-71	 0.922078	 1.000000	 1.000000	 12.143453
-70	 0.300000	 1.000000	 1.000000	 12.153327
-71	 0.963415	 1.000000	 1.000000	 12.223591
-74	 0.942308	 1.000000	 1.000000	 12.269939
-68	 0.888889	 1.000000	 1.000000	 12.345573
-72	 0.913043	 1.000000	 1.000000	 12.392033
-72	 0.000000	 1.000000	 -nan	 12.405298
-72	 0.647059	 1.000000	 1.000000	 12.429851
-75	 0.901639	 1.000000	 1.000000	 12.467613
-78	 0.472084	 1.000000	 1.000000	 13.648140
-77	 0.000000	 1.000000	 1.000000	 13.652174
-76	 0.000000	 1.000000	 1.000000	 13.657468
-76	 0.000000	 1.000000	 1.000000	 13.663131
-76	 0.000000	 1.000000	 1.000000	 13.668357
-75	 0.000000	 1.000000	 1.000000	 13.674990
-76	 0.823529	 1.000000	 1.000000	 13.692552
-75	 0.250000	 1.000000	 1.000000	 13.699039
-75	 0.000000	 1.000000	 1.000000	 13.704356
-74	 0.000000	 1.000000	 1.000000	 13.709910
-74	 0.000000	 1.000000	 1.000000	 13.715856
-75	 0.142857	 1.000000	 1.000000	 13.721500
-74	 0.000000	 1.000000	 1.000000	 13.735789
-76	 0.000000	 1.000000	 1.000000	 13.814663
-76	 0.058824	 1.000000	 1.000000	 13.828514
-76	 0.142857	 1.000000	 1.000000	 13.837023
-76	 0.500000	 1.000000	 1.000000	 13.848835
-76	 0.650000	 1.000000	 1.000000	 13.860624
-76	 0.000000	 1.000000	 1.000000	 13.866540
-75	 0.000000	 1.000000	 1.000000	 13.871552
-75	 0.000000	 1.000000	 1.000000	 13.877561
-75	 0.000000	 1.000000	 -nan	 13.883081
-75	 0.000000	 1.000000	 1.000000	 13.890009
-75	 0.000000	 1.000000	 1.000000	 13.895887
-75	 0.571429	 1.000000	 1.000000	 13.903721
-74	 0.647059	 1.000000	 1.000000	 13.913871
-75	 0.142857	 1.000000	 1.000000	 13.920105
-76	 0.000000	 1.000000	 -nan	 13.925006
-76	 0.000000	 1.000000	 -nan	 13.933987
-78	 0.000000	 1.000000	 -nan	 13.946043
-77	 0.000000	 1.000000	 1.000000	 13.953811
-76	 0.000000	 1.000000	 1.000000	 13.959082
-76	 0.000000	 1.000000	 1.000000	 13.964348
-68	 0.400000	 1.000000	 1.000000	 13.971341
-74	 0.872340	 1.000000	 1.000000	 13.993081
-75	 0.250000	 1.000000	 1.000000	 13.999292
-76	 0.000000	 1.000000	 1.000000	 14.005626
-77	 0.000000	 1.000000	 1.000000	 14.020481
-77	 0.000000	 1.000000	 1.000000	 14.035919
-76	 0.000000	 1.000000	 1.000000	 14.040861
-75	 0.000000	 1.000000	 1.000000	 14.046007
-75	 0.250000	 1.000000	 1.000000	 14.051310
-74	 0.820513	 1.000000	 -nan	 14.071958
-75	 0.000000	 1.000000	 1.000000	 14.077693
-75	 0.000000	 1.000000	 1.000000	 14.083560
-75	 0.000000	 1.000000	 -nan	 14.088684
-77	 0.000000	 1.000000	 -nan	 14.094320
-77	 0.000000	 1.000000	 -nan	 14.099577
-76	 0.000000	 1.000000	 1.000000	 14.105692
-77	 0.000000	 1.000000	 1.000000	 14.110823
-76	 0.333333	 1.000000	 1.000000	 14.116962
-75	 0.936170	 1.000000	 1.000000	 14.159669
-76	 0.142857	 1.000000	 -nan	 14.165635
-77	 0.300000	 1.000000	 -nan	 14.172747
-76	 0.000000	 1.000000	 -nan	 14.178459
-75	 0.000000	 1.000000	 1.000000	 14.185538
-76	 0.000000	 1.000000	 -nan	 14.190777
-75	 0.000000	 1.000000	 -nan	 14.196710
-75	 0.000000	 1.000000	 1.000000	 14.202591
-73	 0.000000	 1.000000	 1.000000	 14.207884
-73	 0.000000	 1.000000	 1.000000	 14.212689
-73	 0.000000	 1.000000	 1.000000	 14.219961
-74	 0.000000	 1.000000	 1.000000	 14.225121
-75	 0.000000	 1.000000	 1.000000	 14.230270
-75	 0.000000	 1.000000	 1.000000	 14.235784
-75	 0.000000	 1.000000	 1.000000	 14.241975
-75	 0.000000	 1.000000	 1.000000	 14.247263
-75	 0.000000	 1.000000	 1.000000	 14.253241
-74	 0.000000	 1.000000	 1.000000	 14.258215
-74	 0.125000	 1.000000	 1.000000	 14.265139
-74	 0.600000	 1.000000	 1.000000	 14.273025
-72	 0.954545	 1.000000	 1.000000	 14.327108
-71	 0.000000	 1.000000	 1.000000	 14.333021
-71	 0.000000	 1.000000	 1.000000	 14.338447
-70	 0.000000	 1.000000	 1.000000	 14.343296
-71	 0.000000	 1.000000	 1.000000	 14.349402
-72	 0.333333	 1.000000	 1.000000	 14.355300
-71	 0.872340	 1.000000	 1.000000	 14.379266
-71	 0.142857	 1.000000	 1.000000	 14.384562
-72	 0.000000	 1.000000	 1.000000	 14.390017
-72	 0.000000	 1.000000	 1.000000	 14.395273
-72	 0.000000	 1.000000	 1.000000	 14.400117
-73	 0.973214	 1.000000	 1.000000	 14.497738
-72	 0.000000	 1.000000	 1.000000	 14.502912
-72	 0.000000	 1.000000	 1.000000	 14.506972
-72	 0.000000	 1.000000	 1.000000	 14.512302
-72	 0.909091	 1.000000	 1.000000	 14.543350
-73	 0.538462	 1.000000	 1.000000	 14.552248
-73	 0.000000	 1.000000	 1.000000	 14.557470
-73	 0.000000	 1.000000	 1.000000	 14.570266
-72	 0.000000	 1.000000	 1.000000	 14.576319
-70	 0.500000	 1.000000	 1.000000	 14.583573
-72	 0.872340	 1.000000	 1.000000	 14.606043
-72	 0.333333	 1.000000	 1.000000	 14.613174
-71	 0.000000	 1.000000	 1.000000	 14.618458
-72	 0.000000	 1.000000	 -nan	 14.623786
-71	 0.142857	 1.000000	 -nan	 14.630197
-71	 0.454545	 1.000000	 -nan	 14.637380
-71	 0.333333	 1.000000	 1.000000	 14.643978
-71	 0.250000	 1.000000	 1.000000	 14.649800
-70	 0.400000	 1.000000	 1.000000	 14.656994
-69	 0.840909	 1.000000	 1.000000	 14.678392
-70	 0.250000	 1.000000	 1.000000	 14.684454
-69	 0.000000	 1.000000	 1.000000	 14.689410
-70	 0.000000	 1.000000	 1.000000	 14.694923
-69	 0.000000	 1.000000	 1.000000	 14.700686
-69	 0.000000	 1.000000	 1.000000	 14.705857
-70	 0.000000	 1.000000	 1.000000	 14.710750
-69	 0.000000	 1.000000	 1.000000	 14.715960
-69	 0.000000	 1.000000	 -nan	 14.721029
-70	 0.333333	 1.000000	 1.000000	 14.726857
-72	 0.769231	 1.000000	 1.000000	 14.739563
-71	 0.142857	 1.000000	 1.000000	 14.745821
-73	 0.000000	 1.000000	 1.000000	 14.751450
-73	 0.000000	 1.000000	 -nan	 14.757350
-72	 0.000000	 1.000000	 -nan	 14.763347
-72	 0.000000	 1.000000	 -nan	 14.769387
-70	 0.886792	 1.000000	 1.000000	 14.794059
-73	 0.850000	 1.000000	 1.000000	 14.814579
-72	 0.250000	 1.000000	 1.000000	 14.822257
-72	 0.142857	 1.000000	 1.000000	 14.827565
-72	 0.000000	 1.000000	 1.000000	 14.833500
-73	 0.000000	 1.000000	 1.000000	 14.838621
-73	 0.000000	 1.000000	 1.000000	 14.843685
-73	 0.062500	 1.000000	 1.000000	 14.857348
-73	 0.944444	 1.000000	 1.000000	 14.906688
-74	 0.000000	 1.000000	 1.000000	 14.911591
-73	 0.000000	 1.000000	 -nan	 14.920492
-74	 0.000000	 1.000000	 -nan	 14.925853
-73	 0.000000	 1.000000	 -nan	 14.931945
-73	 0.000000	 1.000000	 -nan	 14.936827
-74	 0.000000	 1.000000	 1.000000	 14.942272
-74	 0.000000	 1.000000	 1.000000	 14.947344
-74	 0.000000	 1.000000	 1.000000	 14.953388
-74	 0.571429	 1.000000	 1.000000	 14.961519
-74	 0.877551	 1.000000	 1.000000	 14.985362
-73	 0.250000	 1.000000	 -nan	 14.991305
-73	 0.000000	 1.000000	 1.000000	 15.000627
-73	 0.000000	 1.000000	 1.000000	 15.006763
-73	 0.000000	 1.000000	 1.000000	 15.014013
-74	 0.000000	 1.000000	 1.000000	 15.019192
-75	 0.000000	 1.000000	 1.000000	 15.024406
-75	 0.000000	 1.000000	 1.000000	 15.033652
-76	 0.000000	 1.000000	 -nan	 15.040104
-74	 0.000000	 1.000000	 1.000000	 15.045609
-74	 0.000000	 1.000000	 -nan	 15.050408
-74	 0.000000	 1.000000	 -nan	 15.056426
-76	 0.000000	 1.000000	 1.000000	 15.062735
-77	 0.000000	 1.000000	 1.000000	 15.068695
-76	 0.000000	 1.000000	 1.000000	 15.074003
-75	 0.000000	 1.000000	 1.000000	 15.079310
-75	 0.000000	 1.000000	 1.000000	 15.084370
-75	 0.000000	 1.000000	 -nan	 15.089439
-76	 0.000000	 1.000000	 -nan	 15.094201
-76	 0.500000	 1.000000	 1.000000	 15.104707
-75	 0.000000	 1.000000	 1.000000	 15.111300
-77	 0.000000	 1.000000	 1.000000	 15.116303
-76	 0.000000	 1.000000	 1.000000	 15.136823
-76	 0.000000	 1.000000	 -nan	 15.142418
-79	 0.000000	 1.000000	 1.000000	 15.172337
-75	 0.142857	 1.000000	 1.000000	 15.178511
-76	 0.915493	 1.000000	 1.000000	 15.217573
-75	 0.000000	 1.000000	 -nan	 15.233948
-73	 0.000000	 1.000000	 -nan	 15.240394
-73	 0.837209	 1.000000	 1.000000	 15.261775
-72	 0.142857	 1.000000	 1.000000	 15.267865
-74	 0.866667	 1.000000	 1.000000	 15.290481
-76	 0.000000	 1.000000	 1.000000	 15.295834
-76	 0.000000	 1.000000	 -nan	 15.303185
-77	 0.000000	 1.000000	 1.000000	 15.309457
-75	 0.000000	 1.000000	 -nan	 15.314435
-75	 0.000000	 1.000000	 -nan	 15.319340
-74	 0.000000	 1.000000	 1.000000	 15.325427
-72	 0.000000	 1.000000	 1.000000	 15.330775
-73	 0.333333	 1.000000	 -nan	 15.337213
-74	 0.600000	 1.000000	 1.000000	 15.346222
-74	 0.000000	 1.000000	 1.000000	 15.352313
-74	 0.000000	 1.000000	 1.000000	 15.358045
-75	 0.000000	 1.000000	 1.000000	 15.364411
-76	 0.936842	 1.000000	 1.000000	 15.406649
-76	 0.000000	 1.000000	 1.000000	 15.412834
-77	 0.000000	 1.000000	 -nan	 15.417936
-76	 0.000000	 1.000000	 1.000000	 15.430562
-76	 0.000000	 1.000000	 -nan	 15.435399
-76	 0.250000	 1.000000	 -nan	 15.441387
-76	 0.909091	 1.000000	 1.000000	 15.472450
-76	 0.000000	 1.000000	 1.000000	 15.479986
-76	 0.000000	 1.000000	 1.000000	 15.496592
-74	 0.000000	 1.000000	 -nan	 15.513024
-75	 0.000000	 1.000000	 1.000000	 15.519190
-74	 0.000000	 1.000000	 1.000000	 15.525565
-74	 0.000000	 1.000000	 1.000000	 15.534537
-76	 0.000000	 1.000000	 1.000000	 15.539681
-76	 0.000000	 1.000000	 1.000000	 15.544605
-76	 0.000000	 1.000000	 1.000000	 15.557640
-77	 0.000000	 1.000000	 1.000000	 15.587539
-75	 0.000000	 1.000000	 1.000000	 15.594588
-75	 0.000000	 1.000000	 1.000000	 15.600014
-74	 0.867925	 1.000000	 1.000000	 15.626083
-75	 0.000000	 1.000000	 1.000000	 15.632203
-75	 0.000000	 1.000000	 1.000000	 15.657701
-74	 0.000000	 1.000000	 -nan	 15.663733
-73	 0.000000	 1.000000	 1.000000	 15.670046
-73	 0.142857	 1.000000	 1.000000	 15.676325
-74	 0.708333	 1.000000	 1.000000	 15.690155
-75	 0.000000	 1.000000	 1.000000	 15.695118
-75	 0.125000	 1.000000	 1.000000	 15.702034
-75	 0.000000	 1.000000	 -nan	 15.707223
-76	 0.000000	 1.000000	 -nan	 15.713167
-78	 0.000000	 1.000000	 1.000000	 15.721413
-78	 0.000000	 1.000000	 1.000000	 15.728254
-77	 0.000000	 1.000000	 1.000000	 15.743256
-77	 0.000000	 1.000000	 1.000000	 15.748843
-78	 0.000000	 1.000000	 1.000000	 15.758026
-77	 0.000000	 1.000000	 1.000000	 15.779983
-77	 0.000000	 1.000000	 1.000000	 15.789619
-77	 0.400000	 1.000000	 1.000000	 15.796157
-76	 0.866667	 1.000000	 1.000000	 15.817674
-77	 0.000000	 1.000000	 1.000000	 15.823910
-76	 0.000000	 1.000000	 -nan	 15.828778
-76	 0.000000	 1.000000	 -nan	 15.868173
-79	 0.142857	 1.000000	 -nan	 15.892189
-74	 0.000000	 1.000000	 1.000000	 15.910357
-76	 0.000000	 1.000000	 1.000000	 15.927158
-76	 0.000000	 1.000000	 1.000000	 15.989593
-79	 0.000000	 1.000000	 1.000000	 16.021599
-76	 0.021739	 1.000000	 1.000000	 16.073828
-74	 0.877551	 1.000000	 1.000000	 16.094891
-75	 0.000000	 1.000000	 1.000000	 16.103315
-76	 0.000000	 1.000000	 1.000000	 16.107805
-75	 0.000000	 1.000000	 1.000000	 16.113750
-75	 0.000000	 1.000000	 1.000000	 16.120007
-78	 0.900000	 1.000000	 1.000000	 16.147303
-78	 0.200000	 1.000000	 1.000000	 16.155590
-76	 0.000000	 1.000000	 -nan	 16.161860
-75	 0.000000	 1.000000	 -nan	 16.166771
-74	 0.000000	 1.000000	 -nan	 16.172279
-74	 0.500000	 1.000000	 -nan	 16.179523
-77	 0.915493	 1.000000	 1.000000	 16.210592
-77	 0.000000	 1.000000	 -nan	 16.215557
-78	 0.000000	 1.000000	 1.000000	 16.221704
-78	 0.000000	 1.000000	 -nan	 16.227222
-77	 0.000000	 1.000000	 -nan	 16.233065
-77	 0.000000	 1.000000	 1.000000	 16.238070
-77	 0.000000	 1.000000	 1.000000	 16.243773
-77	 0.000000	 1.000000	 1.000000	 16.248781
-77	 0.000000	 1.000000	 -nan	 16.255686
-77	 0.000000	 1.000000	 1.000000	 16.261415
-79	 0.000000	 1.000000	 1.000000	 16.276636
-81	 0.000000	 1.000000	 -nan	 16.317852
-76	 0.000000	 1.000000	 -nan	 16.338987
-77	 0.000000	 1.000000	 1.000000	 16.347731
-76	 0.000000	 1.000000	 1.000000	 16.353352
-77	 0.000000	 1.000000	 1.000000	 16.358713
-77	 0.000000	 1.000000	 1.000000	 16.363724
-78	 0.000000	 1.000000	 1.000000	 16.369970
-78	 0.000000	 1.000000	 1.000000	 16.388136
-77	 0.000000	 1.000000	 1.000000	 16.409832
-77	 0.000000	 1.000000	 -nan	 16.415277
-77	 0.000000	 1.000000	 -nan	 16.420166
-77	 0.000000	 1.000000	 -nan	 16.425386
-75	 0.000000	 1.000000	 1.000000	 16.430321
-75	 0.000000	 1.000000	 -nan	 16.435867
-75	 0.000000	 1.000000	 1.000000	 16.442417
-76	 0.000000	 1.000000	 1.000000	 16.447569
-75	 0.000000	 1.000000	 -nan	 16.453106
-76	 0.000000	 1.000000	 -nan	 16.458467
-75	 0.000000	 1.000000	 -nan	 16.464193
-76	 0.000000	 1.000000	 -nan	 16.471226
-76	 0.000000	 1.000000	 -nan	 16.477365
-75	 0.000000	 1.000000	 -nan	 16.482447
-76	 0.000000	 1.000000	 -nan	 16.487900
-76	 0.142857	 1.000000	 1.000000	 16.493168
-76	 0.363636	 1.000000	 1.000000	 16.501337
-76	 0.684211	 1.000000	 1.000000	 16.512138
-76	 0.600000	 1.000000	 1.000000	 16.527069
-77	 0.250000	 1.000000	 1.000000	 16.534199
-76	 0.000000	 1.000000	 1.000000	 16.540113
-77	 0.000000	 1.000000	 1.000000	 16.545525
-77	 0.000000	 1.000000	 1.000000	 16.551311
-76	 0.000000	 1.000000	 1.000000	 16.565737
-76	 0.000000	 1.000000	 1.000000	 16.571707
-74	 0.846154	 1.000000	 1.000000	 16.590616
-74	 0.877551	 1.000000	 1.000000	 16.614344
-76	 0.875000	 1.000000	 1.000000	 16.637381
-77	 0.000000	 1.000000	 1.000000	 16.643646
-77	 0.142857	 1.000000	 -nan	 16.665880
-77	 0.000000	 1.000000	 -nan	 16.671585
-76	 0.142857	 1.000000	 1.000000	 16.677067
-76	 0.866667	 1.000000	 1.000000	 16.698284
-75	 0.400000	 1.000000	 1.000000	 16.706152
-75	 0.000000	 1.000000	 -nan	 16.710972
-76	 0.000000	 1.000000	 1.000000	 16.719141
-76	 0.000000	 1.000000	 1.000000	 16.770378
-74	 0.828571	 1.000000	 1.000000	 16.787804
-75	 0.850000	 1.000000	 1.000000	 16.808350
-75	 0.000000	 1.000000	 1.000000	 16.814018
-77	 0.000000	 1.000000	 1.000000	 16.831650
-77	 0.142857	 1.000000	 1.000000	 16.837231
-77	 0.853659	 1.000000	 1.000000	 16.857611
-74	 0.400000	 1.000000	 1.000000	 16.864565
-77	 0.000000	 1.000000	 1.000000	 16.884766
-77	 0.000000	 1.000000	 -nan	 16.890511
-77	 0.000000	 1.000000	 -nan	 16.895733
-77	 0.000000	 1.000000	 1.000000	 16.906906
-77	 0.000000	 1.000000	 1.000000	 16.944674
-77	 0.000000	 1.000000	 1.000000	 16.961483
-77	 0.000000	 1.000000	 1.000000	 16.968166
-77	 0.000000	 1.000000	 1.000000	 16.973347
-76	 0.000000	 1.000000	 1.000000	 16.981207
-78	 0.000000	 1.000000	 1.000000	 16.989756
-75	 0.000000	 1.000000	 1.000000	 17.013693
-75	 0.000000	 1.000000	 1.000000	 17.019003
-74	 0.837838	 1.000000	 1.000000	 17.038105
-76	 0.631579	 1.000000	 1.000000	 17.050545
-76	 0.000000	 1.000000	 -nan	 17.056341
-76	 0.000000	 1.000000	 1.000000	 17.061777
-76	 0.000000	 1.000000	 1.000000	 17.067659
-76	 0.125000	 1.000000	 1.000000	 17.074228
-76	 0.000000	 1.000000	 1.000000	 17.095633
-77	 0.000000	 1.000000	 1.000000	 17.114344
-74	 0.000000	 1.000000	 1.000000	 17.133718
-75	 0.000000	 1.000000	 1.000000	 17.169868
-77	 0.000000	 1.000000	 1.000000	 17.262564
-72	 0.000000	 1.000000	 1.000000	 17.303677
-73	 0.142857	 1.000000	 1.000000	 17.309216
-74	 0.538462	 1.000000	 1.000000	 17.317457
-74	 0.000000	 1.000000	 1.000000	 17.322378
-72	 0.000000	 1.000000	 1.000000	 17.339203
-72	 0.142857	 1.000000	 -nan	 17.344507
-73	 0.000000	 1.000000	 1.000000	 17.373837
-74	 0.000000	 1.000000	 1.000000	 17.379486
-74	 0.125000	 1.000000	 1.000000	 17.386040
-72	 0.944954	 1.000000	 1.000000	 17.433958
-76	 0.200000	 1.000000	 1.000000	 17.442141
-75	 0.000000	 1.000000	 1.000000	 17.448854
-73	 0.000000	 1.000000	 1.000000	 17.455116
-73	 0.000000	 1.000000	 -nan	 17.460007
-74	 0.931818	 1.000000	 1.000000	 17.501493
-75	 0.944444	 1.000000	 1.000000	 17.549568
-76	 0.000000	 1.000000	 1.000000	 17.555593
-71	 0.000000	 1.000000	 -nan	 17.567682
-75	 0.000000	 1.000000	 1.000000	 17.587734
-70	 0.000000	 1.000000	 -nan	 17.605980
-73	 0.000000	 1.000000	 -nan	 17.612173
-74	 0.000000	 1.000000	 -nan	 17.617025
-74	 0.000000	 1.000000	 -nan	 17.622663
-74	 0.142857	 1.000000	 -nan	 17.628372
-76	 0.000000	 1.000000	 -nan	 17.633684
-76	 0.000000	 1.000000	 -nan	 17.638437
-75	 0.000000	 1.000000	 1.000000	 17.644135
-75	 0.000000	 1.000000	 1.000000	 17.649258
-73	 0.000000	 1.000000	 1.000000	 17.654045
-72	 0.300000	 1.000000	 1.000000	 17.661961
-70	 0.869565	 1.000000	 1.000000	 17.683548
-71	 0.000000	 1.000000	 1.000000	 17.695272
-70	 0.000000	 1.000000	 -nan	 17.700977
-71	 0.000000	 1.000000	 -nan	 17.706705
-71	 0.000000	 1.000000	 -nan	 17.711412
-73	 0.000000	 1.000000	 -nan	 17.717409
-73	 0.000000	 1.000000	 -nan	 17.726200
-73	 0.000000	 1.000000	 -nan	 17.733093
-76	 0.000000	 1.000000	 -nan	 17.742287
-76	 0.000000	 1.000000	 -nan	 17.747644
-74	 0.000000	 1.000000	 1.000000	 17.754042
-73	 0.833333	 1.000000	 1.000000	 17.776367
-72	 0.000000	 1.000000	 1.000000	 17.781090
-72	 0.000000	 1.000000	 1.000000	 17.787195
-72	 0.000000	 1.000000	 1.000000	 17.793028
-71	 0.000000	 1.000000	 1.000000	 17.801916
-72	 0.000000	 1.000000	 1.000000	 17.807739
-71	 0.647059	 1.000000	 1.000000	 17.816910
-71	 0.750000	 1.000000	 1.000000	 17.834391
-72	 0.684211	 1.000000	 1.000000	 17.844687
-71	 0.962500	 1.000000	 1.000000	 17.915667
-69	 0.941748	 1.000000	 1.000000	 17.962963
-70	 0.000000	 1.000000	 -nan	 17.969076
-70	 0.873016	 1.000000	 1.000000	 17.998800
-71	 0.000000	 1.000000	 1.000000	 18.003775
-70	 0.000000	 1.000000	 -nan	 18.009708
-71	 0.866667	 1.000000	 1.000000	 18.031666
-71	 0.000000	 1.000000	 1.000000	 18.037298
-71	 0.000000	 1.000000	 1.000000	 18.042624
-71	 0.000000	 1.000000	 1.000000	 18.047489
-70	 0.222222	 1.000000	 1.000000	 18.054064
-70	 0.538462	 1.000000	 1.000000	 18.062992
-70	 0.760000	 1.000000	 1.000000	 18.076122
-71	 0.333333	 1.000000	 1.000000	 18.082561
-71	 0.571429	 1.000000	 1.000000	 18.090656
-71	 0.869565	 1.000000	 1.000000	 18.113813
-72	 0.000000	 1.000000	 1.000000	 18.119949
-72	 0.000000	 1.000000	 1.000000	 18.124819
-73	 0.000000	 1.000000	 -nan	 18.130636
-73	 0.000000	 1.000000	 1.000000	 18.136318
-74	 0.000000	 1.000000	 1.000000	 18.143316
-74	 0.000000	 1.000000	 1.000000	 18.148769
-75	 0.000000	 1.000000	 1.000000	 18.154196
-75	 0.000000	 1.000000	 1.000000	 18.159098
-74	 0.142857	 1.000000	 1.000000	 18.164701
-76	 0.750000	 1.000000	 1.000000	 18.178869
-75	 0.000000	 1.000000	 1.000000	 18.184088
-75	 0.000000	 1.000000	 1.000000	 18.189089
-75	 0.000000	 1.000000	 1.000000	 18.194925
-75	 0.000000	 1.000000	 1.000000	 18.200588
-74	 0.000000	 1.000000	 1.000000	 18.205917
-73	 0.142857	 1.000000	 1.000000	 18.211649
-72	 0.800000	 1.000000	 1.000000	 18.227505
-72	 0.938144	 1.000000	 1.000000	 18.270435
-73	 0.961783	 1.000000	 1.000000	 18.338631
-75	 0.916667	 1.000000	 1.000000	 18.371822
-76	 0.000000	 1.000000	 1.000000	 18.377985
-75	 0.000000	 1.000000	 1.000000	 18.384237
-74	 0.142857	 1.000000	 -nan	 18.389605
-73	 0.142857	 1.000000	 -nan	 18.394411
-71	 0.333333	 1.000000	 1.000000	 18.402824
-73	 0.125000	 1.000000	 -nan	 18.409540
-72	 0.882353	 1.000000	 1.000000	 18.433716
-71	 0.934066	 1.000000	 1.000000	 18.475349
-71	 0.962963	 1.000000	 1.000000	 18.550797
-72	 0.972973	 1.000000	 1.000000	 18.648401
-72	 0.950413	 1.000000	 1.000000	 18.708549
-73	 0.454545	 1.000000	 1.000000	 18.721302
-71	 0.955224	 1.000000	 1.000000	 18.781252
-73	 0.980519	 1.000000	 1.000000	 18.913649
-72	 0.959770	 1.000000	 1.000000	 18.987103
-71	 0.973684	 1.000000	 1.000000	 19.083618
-73	 0.953125	 1.000000	 1.000000	 19.140247
-72	 0.917808	 1.000000	 1.000000	 19.188644
-71	 0.953488	 1.000000	 1.000000	 19.254616
-69	 0.964706	 1.000000	 1.000000	 19.327616
-65	 0.985611	 1.000000	 1.000000	 19.504299
-63	 0.960000	 1.000000	 1.000000	 19.571131
-64	 0.985542	 1.000000	 1.000000	 19.744644
-64	 0.928571	 1.000000	 1.000000	 19.784691
-63	 0.906250	 1.000000	 1.000000	 19.822069
-66	 0.959732	 1.000000	 1.000000	 19.887709
-64	 0.978261	 1.000000	 1.000000	 20.004602
-64	 0.976834	 1.000000	 1.000000	 20.117229
-63	 0.945946	 1.000000	 1.000000	 20.165436
-66	 0.971429	 1.000000	 1.000000	 20.254168
-68	 0.984000	 1.000000	 1.000000	 20.413225
-67	 0.974138	 1.000000	 1.000000	 20.511011
-66	 0.979381	 1.000000	 1.000000	 20.634214
-69	 0.978102	 1.000000	 1.000000	 20.751987
-69	 0.977941	 1.000000	 1.000000	 20.868015
-65	 0.967568	 1.000000	 1.000000	 20.946220
-65	 0.972350	 1.000000	 1.000000	 21.038778
-59	 0.971429	 1.000000	 1.000000	 21.128614
-61	 0.966102	 1.000000	 1.000000	 21.204765
-57	 0.980831	 1.000000	 1.000000	 21.340792
-62	 0.987179	 1.000000	 1.000000	 21.539892
-61	 0.961039	 1.000000	 1.000000	 21.606724
-58	 0.986046	 1.000000	 1.000000	 21.791058
-58	 0.974249	 1.000000	 1.000000	 21.888317
-57	 0.966667	 1.000000	 1.000000	 21.966232
-59	 0.977359	 1.000000	 1.000000	 22.079805
-56	 0.971014	 1.000000	 1.000000	 22.170082
-57	 0.976378	 1.000000	 1.000000	 22.279474
-59	 0.977695	 1.000000	 1.000000	 22.394560
-57	 0.931818	 1.000000	 1.000000	 22.433592
-53	 0.969697	 1.000000	 1.000000	 22.519617
-53	 0.978799	 1.000000	 1.000000	 22.639406
-57	 0.977695	 1.000000	 1.000000	 22.753500
-53	 0.980132	 1.000000	 1.000000	 22.882185
-49	 0.967213	 1.000000	 1.000000	 22.960524
-52	 0.983051	 1.000000	 1.000000	 23.112791
-49	 0.981308	 1.000000	 1.000000	 23.251785
-48	 0.977941	 1.000000	 1.000000	 23.369841
-67	 0.977472	 1.000000	 1.000000	 24.861868
-69	 0.975309	 1.000000	 1.000000	 24.967209
-71	 0.961039	 1.000000	 1.000000	 25.035585
-70	 0.962963	 1.000000	 1.000000	 25.106276
-69	 0.979730	 1.000000	 1.000000	 25.235640
-68	 0.956204	 1.000000	 1.000000	 25.295107
-71	 0.975000	 1.000000	 1.000000	 25.437462
-71	 0.950000	 1.000000	 1.000000	 25.489586
-69	 0.978571	 1.000000	 1.000000	 25.608641
-71	 0.966292	 1.000000	 1.000000	 25.684317
-71	 0.962963	 1.000000	 1.000000	 25.753513
-72	 0.941176	 1.000000	 1.000000	 25.800148
-71	 0.949580	 1.000000	 1.000000	 25.852188
-70	 0.983379	 1.000000	 1.000000	 26.007277
-68	 0.962963	 1.000000	 1.000000	 26.086567
-72	 0.956204	 1.000000	 1.000000	 26.145697
-75	 0.959459	 1.000000	 1.000000	 26.212849
-76	 0.880000	 1.000000	 1.000000	 26.247437
-72	 0.949153	 1.000000	 1.000000	 26.307856
-73	 0.961039	 1.000000	 1.000000	 26.373684
-74	 0.968421	 1.000000	 1.000000	 26.471651
-77	 0.944954	 1.000000	 1.000000	 26.539190
-71	 0.964497	 1.000000	 1.000000	 26.630671
-76	 0.953488	 1.000000	 1.000000	 26.689342
-72	 0.905405	 1.000000	 1.000000	 26.729147
-74	 0.911765	 1.000000	 1.000000	 26.785961
-71	 0.454545	 1.000000	 -nan	 26.821337
-72	 0.963636	 1.000000	 1.000000	 26.896183
-73	 0.142857	 1.000000	 1.000000	 26.905210
-70	 0.943925	 1.000000	 1.000000	 26.954140
-73	 0.960452	 1.000000	 1.000000	 27.032927
-73	 0.969072	 1.000000	 1.000000	 27.116955
-73	 0.958621	 1.000000	 1.000000	 27.180630
-74	 0.000000	 1.000000	 1.000000	 27.189726
-74	 0.222222	 1.000000	 -nan	 27.199593
-75	 0.142857	 1.000000	 1.000000	 27.235792
-74	 0.800000	 1.000000	 1.000000	 27.257221
-71	 0.966292	 1.000000	 1.000000	 27.336584
-71	 0.968750	 1.000000	 1.000000	 27.419556
-73	 0.942857	 1.000000	 1.000000	 27.466358
-74	 0.951219	 1.000000	 1.000000	 27.526873
-72	 0.142857	 1.000000	 -nan	 27.577375
-75	 0.000000	 1.000000	 1.000000	 27.614901
-73	 0.000000	 1.000000	 -nan	 27.658119
-73	 0.000000	 1.000000	 -nan	 27.710619
-75	 0.727273	 1.000000	 -nan	 27.726887
-72	 0.952381	 1.000000	 1.000000	 27.783564
-74	 0.901639	 1.000000	 1.000000	 27.810669
-75	 0.538462	 1.000000	 1.000000	 27.818167
-74	 0.927273	 1.000000	 1.000000	 27.867693
-75	 0.000000	 1.000000	 1.000000	 27.873146
-74	 0.000000	 1.000000	 -nan	 27.883221
-75	 0.000000	 1.000000	 -nan	 27.888081
-73	 0.968421	 1.000000	 1.000000	 27.971830
-74	 0.837838	 1.000000	 1.000000	 27.990072
-75	 0.966102	 1.000000	 1.000000	 28.069679
-73	 0.917808	 1.000000	 1.000000	 28.109823
-76	 0.727273	 1.000000	 1.000000	 28.145283
-74	 0.925000	 1.000000	 1.000000	 28.183237
-76	 0.250000	 1.000000	 -nan	 28.209293
-71	 0.974249	 1.000000	 1.000000	 28.322369
-76	 0.000000	 1.000000	 1.000000	 28.371374
-74	 0.000000	 1.000000	 1.000000	 28.428333
-77	 0.000000	 1.000000	 1.000000	 28.477539
-75	 0.400000	 1.000000	 1.000000	 28.500416
-76	 0.875000	 1.000000	 1.000000	 28.526674
-76	 0.000000	 1.000000	 1.000000	 28.532860
-76	 0.000000	 1.000000	 1.000000	 28.548552
-76	 0.000000	 1.000000	 -nan	 28.553999
-75	 0.333333	 1.000000	 1.000000	 28.560272
-75	 0.882353	 1.000000	 1.000000	 28.585340
-75	 0.000000	 1.000000	 1.000000	 28.591677
-76	 0.142857	 1.000000	 -nan	 28.597195
-77	 0.000000	 1.000000	 -nan	 28.634462
-76	 0.142857	 1.000000	 -nan	 28.639681
-76	 0.000000	 1.000000	 1.000000	 28.646006
-75	 0.000000	 1.000000	 1.000000	 28.651308
-75	 0.000000	 1.000000	 1.000000	 28.657764
-76	 0.142857	 1.000000	 1.000000	 28.663418
-76	 0.400000	 1.000000	 1.000000	 28.670591
-76	 0.793103	 1.000000	 1.000000	 28.685553
-76	 0.793103	 1.000000	 1.000000	 28.699795
-75	 0.823529	 1.000000	 1.000000	 28.716717
-75	 0.647059	 1.000000	 1.000000	 28.727980
-74	 0.000000	 1.000000	 1.000000	 28.733837
-76	 0.250000	 1.000000	 -nan	 28.739391
-74	 0.142857	 1.000000	 1.000000	 28.745560
-77	 0.837838	 1.000000	 1.000000	 28.765156
-77	 0.142857	 1.000000	 1.000000	 28.771999
-77	 0.000000	 1.000000	 -nan	 28.778515
-78	 0.000000	 1.000000	 1.000000	 28.783585
-77	 0.000000	 1.000000	 1.000000	 28.789230
-77	 0.000000	 1.000000	 1.000000	 28.795317
-78	 0.000000	 1.000000	 1.000000	 28.800734
-78	 0.000000	 1.000000	 1.000000	 28.806055
-78	 0.000000	 1.000000	 1.000000	 28.812307
-78	 0.000000	 1.000000	 1.000000	 28.817671
-77	 0.000000	 1.000000	 1.000000	 28.823565
-73	 0.000000	 1.000000	 1.000000	 28.829494
-76	 0.000000	 1.000000	 1.000000	 28.834986
-75	 0.000000	 1.000000	 1.000000	 28.840584
-75	 0.000000	 1.000000	 1.000000	 28.847252
-75	 0.000000	 1.000000	 1.000000	 28.852549
-74	 0.000000	 1.000000	 1.000000	 28.872660
-74	 0.000000	 1.000000	 1.000000	 28.877748
-74	 0.000000	 1.000000	 1.000000	 28.883030
-74	 0.000000	 1.000000	 1.000000	 28.887886
-74	 0.000000	 1.000000	 1.000000	 28.893295
-75	 0.000000	 1.000000	 1.000000	 28.900734
-74	 0.000000	 1.000000	 1.000000	 28.905622
-75	 0.000000	 1.000000	 1.000000	 28.910995
-75	 0.000000	 1.000000	 1.000000	 28.916725
-75	 0.000000	 1.000000	 1.000000	 28.923464
-75	 0.000000	 1.000000	 1.000000	 28.928326
-76	 0.000000	 1.000000	 1.000000	 28.933908
-76	 0.000000	 1.000000	 -nan	 28.939491
-76	 0.000000	 1.000000	 1.000000	 28.945681
-77	 0.000000	 1.000000	 1.000000	 28.957529
-75	 0.000000	 1.000000	 1.000000	 28.965660
-75	 0.000000	 1.000000	 1.000000	 28.970695
-74	 0.142857	 1.000000	 1.000000	 28.976749
-75	 0.041667	 1.000000	 1.000000	 28.997496
-75	 0.454545	 1.000000	 1.000000	 29.005381
-75	 0.416667	 1.000000	 1.000000	 29.013077
-74	 0.000000	 1.000000	 1.000000	 29.018362
-74	 0.000000	 1.000000	 1.000000	 29.024229
-75	 0.000000	 1.000000	 1.000000	 29.029451
-75	 0.000000	 1.000000	 1.000000	 29.035328
-75	 0.000000	 1.000000	 1.000000	 29.041100
-75	 0.000000	 1.000000	 -nan	 29.046177
-73	 0.877551	 1.000000	 1.000000	 29.069662
-73	 0.930233	 1.000000	 1.000000	 29.108847
-73	 0.916667	 1.000000	 1.000000	 29.142412
-74	 0.000000	 1.000000	 -nan	 29.148464
-73	 0.000000	 1.000000	 -nan	 29.153725
-73	 0.000000	 1.000000	 -nan	 29.158636
-73	 0.142857	 1.000000	 -nan	 29.163568
-76	 0.877551	 1.000000	 1.000000	 29.187443
-78	 0.625000	 1.000000	 1.000000	 29.197289
-78	 0.000000	 1.000000	 1.000000	 29.203032
-78	 0.000000	 1.000000	 -nan	 29.209120
-79	 0.000000	 1.000000	 1.000000	 29.224422
-78	 0.000000	 1.000000	 -nan	 29.239597
-77	 0.000000	 1.000000	 -nan	 29.245508
-77	 0.000000	 1.000000	 1.000000	 29.251818
-75	 0.000000	 1.000000	 1.000000	 29.258802
-75	 0.910448	 1.000000	 1.000000	 29.288820
-76	 0.739130	 1.000000	 1.000000	 29.301392
-77	 0.000000	 1.000000	 1.000000	 29.306293
-77	 0.000000	 1.000000	 -nan	 29.311764
-77	 0.000000	 1.000000	 1.000000	 29.316565
-76	 0.142857	 1.000000	 -nan	 29.321718
-76	 0.000000	 1.000000	 -nan	 29.325972
-76	 0.250000	 1.000000	 -nan	 29.331972
-76	 0.300000	 1.000000	 -nan	 29.338793
-77	 0.000000	 1.000000	 1.000000	 29.345718
-78	 0.000000	 1.000000	 -nan	 29.350920
-78	 0.000000	 1.000000	 -nan	 29.363020
-76	 0.000000	 1.000000	 -nan	 29.385532
-75	 0.000000	 1.000000	 -nan	 29.391743
-75	 0.910448	 1.000000	 1.000000	 29.422428
-76	 0.900000	 1.000000	 1.000000	 29.450300
-74	 0.000000	 1.000000	 1.000000	 29.456717
-74	 0.000000	 1.000000	 -nan	 29.462528
-74	 0.000000	 1.000000	 -nan	 29.467924
-73	 0.000000	 1.000000	 -nan	 29.473850
-74	 0.000000	 1.000000	 -nan	 29.478884
-73	 0.000000	 1.000000	 -nan	 29.484550
-73	 0.000000	 1.000000	 -nan	 29.489462
-73	 0.000000	 1.000000	 -nan	 29.499182
-76	 0.000000	 1.000000	 1.000000	 29.505634
-76	 0.000000	 1.000000	 1.000000	 29.511023
-77	 0.000000	 1.000000	 1.000000	 29.517555
-76	 0.000000	 1.000000	 1.000000	 29.523041
-77	 0.000000	 1.000000	 1.000000	 29.528051
-76	 0.000000	 1.000000	 1.000000	 29.534441
-75	 0.000000	 1.000000	 1.000000	 29.539446
-76	 0.600000	 1.000000	 1.000000	 29.549000
-76	 0.600000	 1.000000	 1.000000	 29.557056
-78	 0.794118	 1.000000	 1.000000	 29.575165
-78	 0.000000	 1.000000	 1.000000	 29.580669
-78	 0.000000	 1.000000	 1.000000	 29.586500
-78	 0.142857	 1.000000	 1.000000	 29.591980
-78	 0.000000	 1.000000	 1.000000	 29.719137
-78	 0.149466	 1.000000	 1.000000	 30.940825
-76	 0.000000	 1.000000	 -nan	 30.981207
-77	 0.000000	 1.000000	 -nan	 31.019747
-76	 0.000000	 1.000000	 -nan	 31.034084
-76	 0.000000	 1.000000	 -nan	 31.039158
-75	 0.000000	 1.000000	 1.000000	 31.045143
-75	 0.000000	 1.000000	 1.000000	 31.049618
-76	 0.400000	 1.000000	 1.000000	 31.056885
-75	 0.400000	 1.000000	 1.000000	 31.064087
-75	 0.250000	 1.000000	 1.000000	 31.070789
-75	 0.000000	 1.000000	 1.000000	 31.075729
-71	 0.000000	 1.000000	 1.000000	 31.081320
-75	 0.000000	 1.000000	 1.000000	 31.086670
-75	 0.000000	 1.000000	 1.000000	 31.098413
-77	 0.000000	 1.000000	 1.000000	 31.119417
-77	 0.000000	 1.000000	 1.000000	 31.125448
-78	 0.000000	 1.000000	 1.000000	 31.131718
-78	 0.000000	 1.000000	 1.000000	 31.137274
-77	 0.000000	 1.000000	 1.000000	 31.143391
-78	 0.000000	 1.000000	 1.000000	 31.149025
-78	 0.000000	 1.000000	 1.000000	 31.154169
-78	 0.000000	 1.000000	 1.000000	 31.159641
-78	 0.000000	 1.000000	 1.000000	 31.166718
-77	 0.000000	 1.000000	 1.000000	 31.197205
-76	 0.000000	 1.000000	 1.000000	 31.204720
-77	 0.000000	 1.000000	 1.000000	 31.210419
-77	 0.000000	 1.000000	 1.000000	 31.215685
-77	 0.142857	 1.000000	 1.000000	 31.221485
-78	 0.000000	 1.000000	 1.000000	 31.227789
-78	 0.000000	 1.000000	 1.000000	 31.233128
-78	 0.000000	 1.000000	 1.000000	 31.238558
-77	 0.000000	 1.000000	 1.000000	 31.258425
-78	 0.000000	 1.000000	 1.000000	 31.268183
-79	 0.000000	 1.000000	 1.000000	 31.275612
-78	 0.000000	 1.000000	 1.000000	 31.282269
-79	 0.000000	 1.000000	 1.000000	 31.311512
-79	 0.000000	 1.000000	 1.000000	 31.320820
-79	 0.142857	 1.000000	 1.000000	 31.326481
-78	 0.000000	 1.000000	 1.000000	 31.378237
-78	 0.000000	 1.000000	 1.000000	 31.433929
-76	 0.000000	 1.000000	 1.000000	 31.664957
-73	 0.000000	 1.000000	 1.000000	 31.718971
-73	 0.000000	 1.000000	 1.000000	 31.737120
-74	 0.000000	 1.000000	 1.000000	 31.800293
-73	 0.000000	 1.000000	 1.000000	 31.806265
-75	 0.940000	 1.000000	 1.000000	 31.850292
-75	 0.142857	 1.000000	 -nan	 31.855791
-78	 0.000000	 1.000000	 1.000000	 31.862562
-75	 0.000000	 1.000000	 1.000000	 31.905144
-74	 0.000000	 1.000000	 -nan	 31.920528
-75	 0.000000	 1.000000	 -nan	 31.926313
-74	 0.000000	 1.000000	 -nan	 31.932358
-74	 0.000000	 1.000000	 -nan	 31.937473
-75	 0.000000	 1.000000	 1.000000	 31.943949
-74	 0.000000	 1.000000	 -nan	 31.950197
-75	 0.142857	 1.000000	 1.000000	 31.955397
-81	 0.000000	 1.000000	 1.000000	 32.498154
-78	 0.000000	 1.000000	 1.000000	 32.774677
-79	 0.000000	 1.000000	 1.000000	 32.795593
-80	 0.000000	 1.000000	 1.000000	 32.986034
-78	 0.000000	 1.000000	 1.000000	 33.066689
-78	 0.000000	 1.000000	 1.000000	 33.201672
-81	 0.000000	 0.761194	 0.816092	 35.539261
-81	 0.000000	 1.000000	 1.000000	 35.725288
-80	 0.000000	 1.000000	 1.000000	 35.806953
-82	 0.000000	 1.000000	 1.000000	 35.980106
-80	 0.000000	 1.000000	 1.000000	 37.216480
-79	 0.000000	 1.000000	 -nan	 37.232037
-82	 0.000000	 1.000000	 1.000000	 37.653767
-81	 0.000000	 1.000000	 1.000000	 37.700634
-81	 0.000000	 1.000000	 1.000000	 37.777370
-82	 0.000000	 1.000000	 1.000000	 37.806301
-82	 0.000000	 1.000000	 1.000000	 37.852421
-82	 0.000000	 1.000000	 1.000000	 37.880871
-82	 0.000000	 1.000000	 1.000000	 37.911373
-83	 0.000000	 1.000000	 1.000000	 37.982559
-83	 0.000000	 1.000000	 1.000000	 38.026630
-81	 0.000000	 1.000000	 1.000000	 38.265163
-80	 0.000000	 1.000000	 -nan	 38.305782
-83	 0.000000	 1.000000	 1.000000	 38.538815
