HT40/LGI	 T	 MCS11	 48.7	97.4	 97.1	 138(142)	-28	 0.018483
HT40/LGI	 T	 MCS11	 48.8	97.7	 98.6	 147(149)	-29	 0.070356
HT40/LGI	 T	 MCS11	 48.7	97.4	 96.5	 141(146)	-28	 0.122320
HT40/LGI	 T	 MCS11	 48.5	97.1	 96.4	 135(140)	-29	 0.174763
HT40/LGI	 T	 MCS11	 48.6	97.3	 97.8	 139(142)	-29	 0.226845
HT40/LGI	 T	 MCS11	 48.8	97.6	 98.5	 140(142)	-28	 0.278784
HT40/LGI	 T	 MCS11	 48.9	97.9	 98.6	 141(143)	-28	 0.330515
HT40/LGI	 T	 MCS11	 48.7	97.4	 96.2	 130(135)	-28	 0.382549
HT40/LGI	 T	 MCS11	 48.7	97.5	 97.8	 138(141)	-27	 0.434712
HT40/LGI	 T	 MCS11	 48.7	97.4	 97.2	 140(144)	-29	 0.486486
HT40/LGI	 T	 MCS11	 48.3	96.7	 94.3	 133(141)	-28	 0.538828
HT40/LGI	 T	 MCS11	 48.3	96.6	 96.5	 138(143)	-27	 0.591121
HT40/LGI	 T	 MCS11	 48.6	97.3	 99.2	 137(138)	-30	 0.643064
HT40/LGI	 T	 MCS11	 48.2	96.4	 93.8	 123(131)	-25	 0.694158
HT40/LGI	 T	 MCS11	 48.4	96.8	 97.9	 146(149)	-28	 0.746603
HT40/LGI	 T	 MCS11	 48.7	97.4	 99.3	 152(153)	-27	 0.799075
HT40/LGI	 T	 MCS11	 48.7	97.5	 97.9	 141(144)	-25	 0.850534
HT40/LGI	 T	 MCS11	 49.0	98.1	 100.0	 122(122)	-23	 0.903277
HT40/LGI	 T	 MCS11	 48.3	96.7	 92.4	 122(132)	-23	 0.954722
HT40/LGI	 T	 MCS11	 48.4	96.8	 97.1	 136(140)	-24	 1.007258
HT40/LGI	 T	 MCS11	 48.6	97.2	 98.5	 136(138)	-21	 1.059065
HT40/LGI	 T	 MCS11	 48.7	97.4	 97.8	 138(141)	-23	 1.110357
HT40/LGI	 T	 MCS11	 48.5	97.1	 96.2	 130(135)	-23	 1.162991
HT40/LGI	 T	 MCS11	 48.5	97.1	 97.1	 136(140)	-26	 1.214121
HT40/LGI	 T	 MCS11	 48.8	97.6	 99.3	 148(149)	-24	 1.266348
HT40/LGI	 T	 MCS11	 48.8	97.7	 97.7	 133(136)	-22	 1.319862
HT40/LGI	 T	 MCS11	 48.8	97.7	 97.8	 134(137)	-23	 1.371042
HT40/LGI	 T	 MCS11	 48.7	97.5	 97.1	 138(142)	-25	 1.422786
HT40/LGI	 T	 MCS11	 48.8	97.6	 97.7	 133(136)	-23	 1.475072
HT40/LGI	 T	 MCS11	 48.7	97.5	 97.2	 139(143)	-22	 1.526416
HT40/LGI	 T	 MCS11	 48.6	97.2	 96.4	 135(140)	-26	 1.579180
HT40/LGI	 T	 MCS11	 48.3	96.7	 95.0	 135(142)	-27	 1.631046
HT40/LGI	 T	 MCS11	 48.3	96.6	 96.5	 139(144)	-28	 1.683836
HT40/LGI	 T	 MCS11	 48.5	97.1	 98.6	 142(144)	-26	 1.734614
HT40/LGI	 T	 MCS11	 48.8	97.6	 99.2	 142(143)	-28	 1.786770
HT40/LGI	 T	 MCS11	 48.6	97.2	 95.9	 141(147)	-28	 1.838457
HT40/LGI	 T	 MCS11	 48.7	97.4	 97.9	 141(144)	-27	 1.890514
HT40/LGI	 T	 MCS11	 48.6	97.3	 97.2	 142(146)	-28	 1.942888
HT40/LGI	 T	 MCS11	 48.7	97.5	 97.9	 142(145)	-31	 1.994333
HT40/LGI	 T	 MCS11	 48.8	97.7	 98.6	 142(144)	-31	 2.047050
HT40/LGI	 T	 MCS11	 49.0	98.1	 99.2	 141(142)	-29	 2.097491
HT40/LGI	 T	 MCS11	 49.1	98.2	 98.6	 149(151)	-31	 2.151153
HT40/LGI	 T	 MCS11	 49.2	98.5	 99.3	 153(154)	-32	 2.201988
HT40/LGI	 T	 MCS11	 49.3	98.7	 99.3	 151(152)	-37	 2.254097
HT40/LGI	 T	 MCS11	 49.3	98.7	 98.6	 146(148)	-36	 2.306465
HT40/LGI	 T	 MCS11	 49.1	98.3	 97.3	 145(149)	-34	 2.358708
HT40/LGI	 T	 MCS11	 49.1	98.2	 97.9	 147(150)	-34	 2.410163
HT40/LGI	 T	 MCS11	 49.2	98.5	 99.3	 152(153)	-37	 2.463209
HT40/LGI	 T	 MCS11	 49.0	98.0	 96.5	 139(144)	-35	 2.515026
HT40/LGI	 T	 MCS11	 49.0	98.1	 98.6	 141(143)	-34	 2.565884
HT40/LGI	 T	 MCS11	 48.9	97.9	 97.2	 144(148)	-35	 2.618705
HT40/LGI	 T	 MCS11	 49.0	98.1	 98.5	 139(141)	-36	 2.670318
HT40/LGI	 T	 MCS11	 49.1	98.2	 98.6	 148(150)	-36	 2.722474
HT40/LGI	 T	 MCS11	 48.9	97.9	 97.1	 138(142)	-33	 2.774418
HT40/LGI	 T	 MCS11	 48.9	97.9	 97.9	 146(149)	-34	 2.827301
HT40/LGI	 T	 MCS11	 49.1	98.3	 99.3	 146(147)	-33	 2.879004
HT40/LGI	 T	 MCS11	 49.1	98.3	 98.6	 146(148)	-34	 2.930096
HT40/LGI	 T	 MCS11	 49.1	98.2	 97.9	 146(149)	-35	 2.981984
HT40/LGI	 T	 MCS11	 49.3	98.7	 100.0	 153(153)	-39	 3.034141
HT40/LGI	 T	 MCS11	 49.4	98.8	 99.3	 154(155)	-38	 3.086361
HT40/LGI	 T	 MCS11	 49.5	99.1	 100.0	 146(146)	-40	 3.138943
HT40/LGI	 T	 MCS11	 49.6	99.3	 100.0	 152(152)	-41	 3.190722
HT40/LGI	 T	 MCS11	 49.7	99.5	 100.0	 142(142)	-46	 3.242812
HT40/LGI	 T	 MCS11	 49.4	98.9	 97.3	 147(151)	-43	 3.294430
HT40/LGI	 T	 MCS11	 49.3	98.7	 97.9	 144(147)	-43	 3.346706
HT40/LGI	 T	 MCS11	 49.5	99.0	 100.0	 137(137)	-46	 3.398525
HT40/LGI	 T	 MCS11	 49.2	98.5	 97.2	 142(146)	-45	 3.450465
HT40/LGI	 T	 MCS11	 49.3	98.6	 98.6	 146(148)	-44	 3.502543
HT40/LGI	 T	 MCS11	 49.3	98.6	 98.6	 147(149)	-42	 3.554590
HT40/LGI	 T	 MCS11	 49.3	98.6	 98.6	 150(152)	-35	 3.607080
HT40/LGI	 T	 MCS11	 49.2	98.4	 97.9	 147(150)	-40	 3.658573
HT40/LGI	 T	 MCS11	 49.2	98.5	 98.6	 148(150)	-32	 3.711015
HT40/LGI	 T	 MCS11	 49.2	98.4	 98.0	 150(153)	-41	 3.762548
HT40/LGI	 T	 MCS11	 49.1	98.2	 97.9	 144(147)	-38	 3.814128
HT40/LGI	 T	 MCS11	 49.2	98.5	 99.3	 148(149)	-37	 3.867185
HT40/LGI	 T	 MCS11	 49.3	98.7	 99.3	 149(150)	-39	 3.918871
HT40/LGI	 T	 MCS11	 49.2	98.5	 97.9	 144(147)	-38	 3.970184
HT40/LGI	 T	 MCS11	 49.1	98.2	 97.2	 140(144)	-37	 4.022125
HT40/LGI	 T	 MCS11	 49.1	98.3	 98.6	 146(148)	-37	 4.074886
HT40/LGI	 T	 MCS11	 49.0	98.0	 97.1	 135(139)	-37	 4.126670
HT40/LGI	 T	 MCS11	 49.0	98.1	 98.5	 140(142)	-41	 4.178304
HT40/LGI	 T	 MCS11	 48.8	97.7	 96.4	 137(142)	-39	 4.232941
HT40/LGI	 T	 MCS11	 48.8	97.7	 97.9	 142(145)	-40	 4.282760
HT40/LGI	 T	 MCS11	 48.7	97.4	 96.2	 129(134)	-39	 4.334988
HT40/LGI	 T	 MCS11	 48.6	97.3	 97.1	 135(139)	-40	 4.386348
HT40/LGI	 T	 MCS11	 48.7	97.4	 97.9	 142(145)	-41	 4.438621
HT40/LGI	 T	 MCS11	 48.4	96.8	 94.9	 133(140)	-42	 4.490796
HT40/LGI	 T	 MCS11	 48.5	97.1	 97.9	 140(143)	-40	 4.542026
HT40/LGI	 T	 MCS11	 48.6	97.3	 98.0	 148(151)	-38	 4.595110
HT40/LGI	 T	 MCS11	 48.8	97.6	 98.6	 148(150)	-40	 4.646125
HT40/LGI	 T	 MCS11	 48.6	97.2	 95.8	 140(146)	-43	 4.698702
HT40/LGI	 T	 MCS11	 48.7	97.5	 98.6	 147(149)	-42	 4.750404
HT40/LGI	 T	 MCS11	 49.0	98.1	 100.0	 148(148)	-45	 4.802701
HT40/LGI	 T	 MCS11	 49.1	98.2	 98.6	 144(146)	-43	 4.854692
HT40/LGI	 T	 MCS11	 49.1	98.2	 97.9	 145(148)	-42	 4.906926
HT40/LGI	 T	 MCS11	 48.9	97.9	 97.2	 141(145)	-46	 4.959113
HT40/LGI	 T	 MCS11	 48.9	97.9	 97.9	 140(143)	-46	 5.010863
HT40/LGI	 T	 MCS11	 48.8	97.7	 97.2	 139(143)	-46	 5.062308
HT40/LGI	 T	 MCS11	 48.5	97.1	 95.1	 138(145)	-45	 5.114326
HT40/LGI	 T	 MCS11	 48.7	97.4	 98.6	 143(145)	-47	 5.167123
HT40/LGI	 T	 MCS11	 48.8	97.7	 98.6	 144(146)	-47	 5.219177
HT40/LGI	 T	 MCS11	 48.8	97.6	 97.3	 146(150)	-47	 5.270680
HT40/LGI	 T	 MCS11	 49.0	98.0	 99.3	 149(150)	-46	 5.322475
HT40/LGI	 T	 MCS11	 48.9	97.8	 97.2	 143(147)	-47	 5.374665
HT40/LGI	 T	 MCS11	 49.0	98.0	 98.6	 141(143)	-49	 5.427427
HT40/LGI	 T	 MCS11	 48.6	97.3	 95.2	 139(146)	-50	 5.478027
HT40/LGI	 T	 MCS11	 48.9	97.8	 99.3	 150(151)	-49	 5.530765
HT40/LGI	 T	 MCS11	 48.6	97.3	 95.8	 139(145)	-46	 5.583240
HT40/LGI	 T	 MCS11	 48.6	97.2	 97.1	 136(140)	-45	 5.634404
HT40/LGI	 T	 MCS11	 47.7	95.5	 90.4	 114(126)	-44	 5.687187
HT40/LGI	 T	 MCS11	 48.0	96.1	 97.9	 144(147)	-44	 5.738222
HT40/LGI	 T	 MCS11	 48.4	96.9	 99.3	 143(144)	-45	 5.790587
HT40/LGI	 T	 MCS11	 48.6	97.3	 98.6	 142(144)	-45	 5.838011
HT40/LGI	 T	 MCS11	 48.4	96.9	 95.8	 139(145)	-45	 5.894437
HT40/LGI	 T	 MCS11	 48.6	97.3	 98.5	 140(142)	-45	 5.946623
HT40/LGI	 T	 MCS11	 48.7	97.5	 97.9	 144(147)	-49	 6.000434
HT40/LGI	 T	 MCS11	 48.5	97.0	 95.8	 137(143)	-49	 6.049748
HT40/LGI	 T	 MCS11	 48.3	96.6	 95.1	 136(143)	-49	 6.102585
HT40/LGI	 T	 MCS11	 48.5	97.1	 98.6	 142(144)	-51	 6.155165
HT40/LGI	 T	 MCS11	 48.6	97.2	 97.8	 138(141)	-53	 6.206709
HT40/LGI	 T	 MCS11	 48.7	97.4	 97.8	 135(138)	-50	 6.259287
HT40/LGI	 T	 MCS11	 48.8	97.7	 98.6	 142(144)	-52	 6.310738
HT40/LGI	 T	 MCS11	 48.9	97.9	 98.6	 141(143)	-49	 6.363170
HT40/LGI	 T	 MCS11	 48.8	97.7	 97.2	 142(146)	-49	 6.415176
HT40/LGI	 T	 MCS11	 48.8	97.6	 97.2	 139(143)	-50	 6.466950
HT40/LGI	 T	 MCS11	 48.6	97.3	 96.5	 138(143)	-50	 6.518643
HT40/LGI	 T	 MCS11	 48.9	97.8	 99.3	 144(145)	-49	 6.570026
HT40/LGI	 T	 MCS11	 48.8	97.6	 97.2	 143(147)	-47	 6.623378
HT40/LGI	 T	 MCS11	 48.8	97.7	 97.9	 143(146)	-46	 6.674136
HT40/LGI	 T	 MCS11	 48.8	97.7	 97.8	 136(139)	-46	 6.726653
HT40/LGI	 T	 MCS11	 48.9	97.8	 97.9	 141(144)	-45	 6.777924
HT40/LGI	 T	 MCS11	 49.0	98.0	 98.6	 141(143)	-46	 6.830951
HT40/LGI	 T	 MCS11	 48.9	97.8	 97.2	 142(146)	-46	 6.882726
HT40/LGI	 T	 MCS11	 49.1	98.2	 99.3	 153(154)	-49	 6.934133
HT40/LGI	 T	 MCS11	 49.1	98.3	 98.6	 149(151)	-49	 6.986670
HT40/LGI	 T	 MCS11	 49.1	98.3	 98.6	 142(144)	-47	 7.037997
HT40/LGI	 T	 MCS11	 49.2	98.4	 98.6	 144(146)	-45	 7.091136
HT40/LGI	 T	 MCS11	 49.0	98.1	 97.2	 144(148)	-45	 7.142855
HT40/LGI	 T	 MCS11	 48.7	97.5	 95.7	 134(140)	-49	 7.194272
HT40/LGI	 T	 MCS11	 48.7	97.4	 97.1	 135(139)	-45	 7.252766
HT40/LGI	 T	 MCS11	 48.7	97.5	 97.8	 138(141)	-46	 7.298147
HT40/LGI	 T	 MCS11	 48.8	97.6	 97.8	 135(138)	-48	 7.350653
HT40/LGI	 T	 MCS11	 48.8	97.6	 97.8	 139(142)	-51	 7.402091
HT40/LGI	 T	 MCS11	 48.6	97.3	 96.4	 137(142)	-49	 7.454621
HT40/LGI	 T	 MCS11	 48.8	97.6	 98.5	 140(142)	-49	 7.506946
HT40/LGI	 T	 MCS11	 48.9	97.9	 98.6	 145(147)	-48	 7.558688
HT40/LGI	 T	 MCS11	 48.8	97.7	 97.2	 140(144)	-49	 7.611234
HT40/LGI	 T	 MCS11	 48.7	97.5	 97.1	 137(141)	-51	 7.663378
HT40/LGI	 T	 MCS11	 48.5	97.1	 95.6	 133(139)	-50	 7.714506
HT40/LGI	 T	 MCS11	 48.4	96.9	 96.4	 136(141)	-49	 7.767155
HT40/LGI	 T	 MCS11	 48.5	97.0	 97.1	 137(141)	-50	 7.819181
HT40/LGI	 T	 MCS11	 48.6	97.3	 98.2	 57(	-43	 8.170108
HT40/LGI	 T	 MCS11	 49.2	98.4	 100.0	 116(116)	-52	 8.622916
HT40/LGI	 T	 MCS11	 48.8	97.7	 95.5	 129(135)	-48	 8.673998
HT40/LGI	 T	 MCS11	 49.0	98.1	 99.3	 146(147)	-50	 8.854100
HT40/LGI	 T	 MCS11	 48.7	97.5	 95.8	 93(	-45	 8.963577
HT40/LGI	 T	 MCS11	 48.9	97.9	 99.2	 126(127)	-47	 9.014228
HT40/LGI	 T	 MCS11	 48.7	97.4	 95.7	 134(140)	-49	 9.066174
HT40/LGI	 T	 MCS11	 48.4	96.9	 95.5	 43(	-48	 9.214687
HT40/LGI	 T	 MCS11	 48.8	97.7	 100.0	 105(105)	-47	 9.325360
HT40/LGI	 T	 MCS11	 49.0	98.1	 99.2	 141(142)	-50	 9.374430
HT40/LGI	 T	 MCS11	 49.0	98.0	 97.8	 137(140)	-52	 9.426797
HT40/LGI	 T	 MCS11	 49.2	98.5	 100.0	 41(	-52	 9.570598
HT40/LGI	 T	 MCS11	 48.9	97.9	 96.0	 97(101)	-44	 9.680452
HT40/LGI	 T	 MCS11	 49.0	98.0	 98.4	 128(130)	-50	 9.731236
HT40/LGI	 T	 MCS11	 49.0	98.1	 98.5	 132(134)	-51	 9.782818
HT40/LGI	 T	 MCS11	 49.3	98.6	 100.0	 39(	-51	 9.926331
HT40/LGI	 T	 MCS11	 49.1	98.3	 97.4	 77(	-45	 10.036613
HT40/LGI	 T	 MCS11	 49.3	98.7	 100.0	 111(111)	-48	 10.254430
HT40/LGI	 T	 MCS11	 49.3	98.6	 98.2	 114(116)	-47	 10.307625
HT40/LGI	 T	 MCS11	 49.1	98.3	 97.5	 121(124)	-52	 10.358495
HT40/LGI	 T	 MCS11	 49.0	98.1	 97.4	 117(120)	-54	 10.410436
HT40/LGI	 T	 MCS11	 48.8	97.6	 96.3	 131(136)	-55	 10.462411
HT40/LGI	 T	 MCS11	 48.9	97.8	 98.2	 57(	-55	 10.614129
HT40/LGI	 T	 MCS11	 48.9	97.9	 98.1	 109(111)	-52	 10.724550
HT40/LGI	 T	 MCS11	 48.9	97.8	 97.7	 130(133)	-58	 10.774934
HT40/LGI	 T	 MCS11	 48.9	97.8	 97.7	 132(135)	-54	 10.826306
HT40/LGI	 T	 MCS11	 49.1	98.3	 100.0	 33(	-55	 10.966434
HT40/LGI	 T	 MCS11	 49.2	98.4	 98.6	 75(	-55	 11.079898
HT40/LGI	 T	 MCS11	 49.1	98.2	 97.6	 123(126)	-57	 11.130391
HT40/LGI	 T	 MCS11	 49.0	98.1	 97.7	 130(133)	-58	 11.183330
HT40/LGI	 T	 MCS11	 49.2	98.5	 100.0	 33(	-57	 11.327011
HT40/LGI	 T	 MCS11	 49.4	98.9	 100.0	 95(	-50	 11.464908
HT40/LGI	 T	 MCS11	 49.2	98.4	 96.9	 129(133)	-53	 11.514573
HT40/LGI	 T	 MCS11	 49.2	98.5	 99.0	 103(104)	-54	 11.686523
HT40/LGI	 T	 MCS11	 49.4	98.9	 100.0	 79(	-54	 11.796752
HT40/LGI	 T	 MCS11	 49.5	99.0	 99.2	 125(126)	-60	 11.846889
HT40/LGI	 T	 MCS11	 49.2	98.5	 97.1	 136(140)	-66	 11.898496
HT40/LGI	 T	 MCS11	 49.0	98.0	 96.5	 56(	-69	 12.050840
HT40/LGI	 T	 MCS11	 48.9	97.9	 97.5	 80(	-61	 12.158014
HT40/LGI	 T	 MCS11	 46.9	93.8	 81.8	 90(110)	-66	 12.211176
HT40/LGI	 T	 MCS11	 47.4	94.8	 97.8	 134(137)	-69	 12.262021
HT40/LGI	 T	 MCS11	 47.4	94.8	 94.8	 37(	-68	 12.407096
HT40/LGI	 MCS11	 35.8	 71.6	2.1	 1(	 47)	-67	 12.460234
HT40/LGI	 MCS11	 26.8	 53.7	0.0	 0(	 49)	-68	 12.520505
HT40/LGI	 MCS11	 23.8	 47.7	29.7	 22(	 74)	-75	 12.574411
HT40/LGI	 MCS11	 17.9	 35.8	0.0	 0(	 42)	-75	 12.627597
HT40/LGI	 MCS11	 13.4	 26.8	0.0	 0(	 49)	-74	 12.686899
HT40/LGI	 MCS11	 10.0	 20.1	0.0	 0(	 42)	-72	 12.741104
HT40/LGI	 MCS11	 7.5	 15.1	0.0	 0(	 42)	-73	 12.791134
HT40/LGI	 MCS11	 5.6	 11.3	0.0	 0(	 49)	-78	 12.851728
HT40/LGI	 MCS11	 0.0	 8.4	0.0	 0(	 42)	-75	 12.905804
HT40/LGI	 MCS11	 0.0	 6.3	0.0	 0(	 42)	-75	 12.958507
HT40/LGI	 MCS11	 0.0	 4.7	0.0	 0(	 43)	-76	 13.148684
HT40/LGI	 MCS11	 0.0	 2.6	0.0	 0(	 7)	-74	 13.258614
HT40/LGI	 MCS11	 0.0	 2.0	0.0	 0(	 7)	-74	 13.313168
HT40/LGI	 MCS11	 0.0	 1.1	0.0	 0(	 13)	-74	 13.611501
HT40/LGI	 MCS11	 0.0	 2.1	5.3	 3(	 56)	-72	 13.663203
HT40/LGI	 MCS11	 0.0	 1.6	0.0	 0(	 42)	-70	 13.823293
HT40/LGI	 MCS11	 0.0	 9.1	31.7	 26(	 82)	-72	 13.873574
HT40/LGI	 MCS11	 6.7	 13.5	26.8	 18(	 67)	-71	 13.926055
HT40/LGI	 MCS11	 9.1	 18.2	32.2	 19(	 59)	-76	 13.980510
HT40/LGI	 MCS11	 6.8	 13.6	0.0	 0(	 12)	-73	 14.036746
HT40/LGI	 MCS11	 5.1	 10.2	0.0	 0(	 7)	-80	 14.089300
HT40/LGI	 MCS11	 0.0	 7.6	0.0	 0(	 6)	-77	 14.144386
HT40/LGI	 MCS11	 0.0	 5.7	0.0	 0(	 16)	-76	 14.194666
HT40/LGI	 MCS11	 0.0	 4.3	0.0	 0(	 24)	-76	 14.351457
HT40/LGI	 MCS11	 0.0	 3.2	0.0	 0(	 7)	-76	 14.405860
HT40/LGI	 MCS11	 0.0	 2.4	0.0	 0(	 7)	-76	 14.458144
HT40/LGI	 MCS11	 0.0	 1.8	0.0	 0(	 6)	-76	 14.513878
HT40/LGI	 MCS11	 0.0	 1.3	0.0	 0(	 22)	-74	 14.563079
HT40/LGI	 MCS11	 0.0	 1.0	0.0	 0(	 18)	-77	 14.619573
HT40/LGI	 MCS11	 0.0	 0.7	0.0	 0(	 8)	-71	 14.772408
HT40/LGI	 MCS11	 0.0	 0.5	0.0	 0(	 12)	-71	 14.822280
HT40/LGI	 MCS11	 0.0	 0.4	0.0	 0(	 30)	-73	 14.898998
HT40/LGI	 MCS11	 0.0	 0.3	0.0	 0(	 48)	-75	 14.931790
HT40/LGI	 MCS11	 0.0	 0.2	0.0	 0(	 36)	-73	 15.006913
HT40/LGI	 MCS11	 0.0	 0.1	0.0	 0(	 28)	-72	 15.067014
HT40/LGI	 MCS11	 0.0	 0.1	0.0	 0(	 41)	-74	 15.108266
HT40/LGI	 MCS11	 0.0	 0.1	0.0	 0(	 58)	-73	 15.158147
HT40/LGI	 MCS11	 0.0	 0.0	0.0	 0(	 48)	-73	 15.218741
HT40/LGI	 MCS11	 0.0	 0.0	0.0	 0(	 20)	-73	 15.279046
HT40/LGI	 MCS11	 0.0	 7.7	30.8	 21(	 68)	-73	 15.319212
HT40/LGI	 MCS11	 0.0	 5.8	0.0	 0(	 18)	-71	 15.374853
HT40/LGI	 MCS11	 0.0	 4.3	0.0	 0(	 7)	-72	 15.423115
HT40/LGI	 MCS11	 0.0	 3.2	0.0	 0(	 66)	-74	 15.483915
HT40/LGI	 MCS11	 0.0	 2.4	0.0	 0(	 42)	-74	 15.533216
HT40/LGI	 MCS11	 0.0	 1.8	0.0	 0(	 38)	-75	 15.593725
HT40/LGI	 MCS11	 0.0	 1.3	0.0	 0(	 7)	-75	 15.646918
HT40/LGI	 MCS11	 0.0	 1.0	0.0	 0(	 6)	-75	 15.700947
HT40/LGI	 MCS11	 0.0	 0.5	0.0	 0(	 6)	-78	 15.808838
HT40/LGI	 MCS11	 0.0	 0.4	0.0	 0(	 6)	-77	 15.878484
HT40/LGI	 MCS11	 0.0	 0.3	0.0	 0(	 6)	-76	 15.928785
HT40/LGI	 MCS11	 0.0	 0.2	0.0	 0(	 6)	-77	 15.985226
HT40/LGI	 MCS11	 0.0	 0.1	0.0	 0(	 6)	-77	 16.039900
HT40/LGI	 MCS11	 0.0	 0.1	0.0	 0(	 6)	-78	 16.090729
HT40/LGI	 MCS11	 0.0	 0.1	0.0	 0(	 6)	-78	 16.145386
HT40/LGI	 MCS11	 0.0	 0.0	0.0	 0(	 6)	-78	 16.194141
HT40/LGI	 MCS11	 0.0	 0.0	0.0	 0(	 8)	-82	 16.248636
HT40/LGI	 MCS11	 0.0	 0.0	0.0	 0(	 18)	-78	 16.298302
HT40/LGI	 MCS11	 0.0	 0.0	0.0	 0(	 20)	-78	 16.351816
HT40/LGI	 MCS11	 0.0	 0.0	0.0	 0(	 20)	-77	 16.402365
HT40/LGI	 MCS11	 0.0	 0.0	0.0	 0(	 20)	-79	 16.455244
HT40/LGI	 MCS11	 0.0	 0.0	0.0	 0(	 20)	-79	 16.507624
HT40/LGI	 MCS11	 0.0	 0.0	0.0	 0(	 18)	-77	 16.558300
HT40/LGI	 MCS11	 0.0	 0.0	0.0	 0(	 19)	-78	 16.610954
HT40/LGI	 MCS11	 0.0	 0.0	0.0	 0(	 20)	-78	 16.664795
HT40/LGI	 MCS11	 0.0	 0.0	0.0	 0(	 20)	-71	 16.715853
HT40/LGI	 MCS11	 0.0	 0.0	0.0	 0(	 21)	-75	 16.769024
HT40/LGI	 MCS11	 0.0	 0.0	0.0	 0(	 20)	-76	 16.819517
HT40/LGI	 MCS11	 0.0	 0.0	0.0	 0(	 21)	-75	 16.871233
HT40/LGI	 MCS11	 0.0	 0.0	0.0	 0(	 20)	-71	 16.922510
HT40/LGI	 MCS11	 0.0	 0.0	0.0	 0(	 21)	-75	 16.975775
HT40/LGI	 MCS11	 0.0	 0.0	0.0	 0(	 20)	-75	 17.027643
HT40/LGI	 MCS11	 0.0	 0.0	0.0	 0(	 21)	-78	 17.082350
HT40/LGI	 MCS11	 0.0	 0.0	0.0	 0(	 20)	-77	 17.132215
HT40/LGI	 MCS11	 0.0	 0.0	0.0	 0(	 19)	-78	 17.188074
HT40/LGI	 MCS11	 0.0	 0.0	0.0	 0(	 21)	-74	 17.237722
HT40/LGI	 MCS11	 0.0	 0.0	0.0	 0(	 20)	-74	 17.287905
HT40/LGI	 MCS11	 0.0	 2.3	9.5	 2(	 21)	-72	 17.339712
HT40/LGI	 MCS11	 0.0	 1.7	0.0	 0(	 20)	-75	 17.391542
HT40/LGI	 MCS11	 0.0	 1.3	0.0	 0(	 21)	-72	 17.443596
HT40/LGI	 T	 MCS11	 10.1	20.3	 77.5	 45(	-70	 17.494568
HT40/LGI	 T	 MCS11	 7.6	15.2	 0.0	 0(	-71	 17.548542
HT40/LGI	 MCS11	 5.7	 11.4	0.0	 0(	 35)	-70	 17.598984
HT40/LGI	 MCS11	 0.0	 8.6	0.0	 0(	 49)	-71	 17.652874
HT40/LGI	 MCS11	 0.0	 6.4	0.0	 0(	 49)	-72	 17.708076
HT40/LGI	 MCS11	 0.0	 4.8	0.0	 0(	 42)	-73	 17.764351
HT40/LGI	 T	 MCS11	 6.7	13.5	 39.7	 27(	-74	 17.815170
HT40/LGI	 MCS11	 5.0	 10.1	0.0	 0(	 20)	-73	 17.866106
HT40/LGI	 MCS11	 0.0	 7.6	0.0	 0(	 25)	-73	 17.920837
HT40/LGI	 MCS11	 5.8	 11.7	23.9	 12(	 50)	-69	 17.959826
HT40/LGI	 T	 MCS11	 16.0	32.1	 93.2	 97(104)	-72	 18.024797
HT40/LGI	 T	 MCS11	 16.9	33.8	 39.2	 11(	-72	 18.076487
HT40/LGI	 T	 MCS11	 17.2	34.5	 36.5	 19(	-74	 18.130642
HT40/LGI	 T	 MCS11	 12.9	25.9	 0.0	 0(	-75	 18.184151
HT40/LGI	 T	 MCS11	 21.0	42.0	 90.5	 125(138)	-74	 18.234402
HT40/LGI	 T	 MCS11	 25.2	50.5	 76.0	 92(121)	-74	 18.287008
HT40/LGI	 T	 MCS11	 27.1	54.2	 65.3	 85(130)	-71	 18.338802
HT40/LGI	 T	 MCS11	 30.1	60.2	 78.3	 105(134)	-73	 18.390446
HT40/LGI	 T	 MCS11	 27.2	54.4	 36.8	 28(	-73	 18.445999
HT40/LGI	 T	 MCS11	 20.6	41.3	 2.1	 1(	-71	 18.500814
HT40/LGI	 T	 MCS11	 25.6	51.2	 80.9	 106(131)	-71	 18.550697
HT40/LGI	 T	 MCS11	 30.4	60.8	 89.8	 124(138)	-72	 18.602865
HT40/LGI	 T	 MCS11	 30.3	60.7	 60.2	 53(	-72	 18.654110
HT40/LGI	 T	 MCS11	 31.6	63.2	 70.8	 95(134)	-73	 18.706394
HT40/LGI	 T	 MCS11	 24.2	48.4	 4.1	 2(	-68	 18.764698
HT40/LGI	 T	 MCS11	 24.2	48.5	 48.6	 36(	-70	 18.814613
HT40/LGI	 T	 MCS11	 30.1	60.3	 95.8	 139(145)	-70	 18.866680
HT40/LGI	 T	 MCS11	 34.7	69.5	 97.2	 140(144)	-71	 18.918715
HT40/LGI	 T	 MCS11	 38.0	76.1	 95.7	 134(140)	-70	 18.971010
HT40/LGI	 T	 MCS11	 40.4	80.8	 95.1	 138(145)	-70	 19.022886
HT40/LGI	 T	 MCS11	 42.4	84.9	 97.0	 133(137)	-70	 19.076521
HT40/LGI	 T	 MCS11	 44.0	88.1	 97.9	 146(149)	-66	 19.127085
HT40/LGI	 T	 MCS11	 45.5	91.1	 100.0	 119(119)	-66	 19.208954
HT40/LGI	 T	 MCS11	 46.1	92.2	 95.6	 89(	-65	 19.271111
HT40/LGI	 T	 MCS11	 46.7	93.5	 97.2	 72(	-66	 19.325788
HT40/LGI	 T	 MCS11	 47.1	94.3	 96.8	 124(128)	-66	 19.374887
HT40/LGI	 T	 MCS11	 47.5	95.0	 97.2	 143(147)	-66	 19.426373
HT40/LGI	 T	 MCS11	 47.7	95.5	 97.0	 131(135)	-65	 19.478989
HT40/LGI	 T	 MCS11	 47.8	95.6	 95.9	 141(147)	-65	 19.531233
HT40/LGI	 T	 MCS11	 48.1	96.2	 97.8	 138(141)	-65	 19.582687
HT40/LGI	 T	 MCS11	 48.4	96.8	 98.6	 149(151)	-65	 19.634588
HT40/LGI	 T	 MCS11	 48.6	97.2	 98.5	 140(142)	-66	 19.686672
HT40/LGI	 T	 MCS11	 48.7	97.5	 98.5	 138(140)	-64	 19.738062
HT40/LGI	 T	 MCS11	 48.8	97.6	 97.8	 138(141)	-64	 19.790785
HT40/LGI	 T	 MCS11	 48.5	97.1	 95.7	 135(141)	-64	 19.842680
HT40/LGI	 T	 MCS11	 48.9	97.8	 100.0	 138(138)	-65	 19.894547
HT40/LGI	 T	 MCS11	 48.9	97.8	 97.9	 142(145)	-65	 19.946144
HT40/LGI	 T	 MCS11	 48.6	97.3	 95.7	 136(142)	-65	 19.998947
HT40/LGI	 T	 MCS11	 48.7	97.5	 97.9	 142(145)	-66	 20.050619
HT40/LGI	 T	 MCS11	 48.9	97.9	 99.3	 150(151)	-64	 20.102448
HT40/LGI	 T	 MCS11	 48.7	97.5	 96.5	 138(143)	-64	 20.155195
HT40/LGI	 T	 MCS11	 48.6	97.2	 96.3	 132(137)	-64	 20.206217
HT40/LGI	 T	 MCS11	 48.7	97.4	 97.9	 143(146)	-65	 20.258684
HT40/LGI	 T	 MCS11	 48.8	97.7	 98.5	 136(138)	-64	 20.310757
HT40/LGI	 T	 MCS11	 48.8	97.7	 97.8	 139(142)	-65	 20.362907
HT40/LGI	 T	 MCS11	 49.0	98.1	 99.2	 138(139)	-66	 20.414940
HT40/LGI	 T	 MCS11	 48.9	97.9	 97.2	 143(147)	-69	 20.466694
HT40/LGI	 T	 MCS11	 48.8	97.6	 96.6	 144(149)	-66	 20.518093
HT40/LGI	 T	 MCS11	 48.6	97.3	 96.6	 115(119)	-69	 20.570984
HT40/LGI	 T	 MCS11	 48.7	97.4	 97.8	 138(141)	-71	 20.622833
HT40/LGI	 T	 MCS11	 48.3	96.6	 94.2	 130(138)	-69	 20.674459
HT40/LGI	 T	 MCS11	 46.8	93.7	 85.1	 120(141)	-70	 20.726421
HT40/LGI	 T	 MCS11	 47.2	94.4	 96.3	 133(138)	-65	 20.778112
HT40/LGI	 T	 MCS11	 47.5	95.1	 97.2	 143(147)	-63	 20.830896
HT40/LGI	 T	 MCS11	 47.4	94.9	 94.3	 133(141)	-67	 20.882935
HT40/LGI	 T	 MCS11	 41.5	83.0	 47.4	 46(	-70	 20.935059
HT40/LGI	 T	 MCS11	 42.4	84.8	 90.2	 120(133)	-71	 20.986927
HT40/LGI	 T	 MCS11	 43.9	87.9	 97.2	 140(144)	-67	 21.039074
HT40/LGI	 T	 MCS11	 45.2	90.4	 97.8	 138(141)	-69	 21.090895
HT40/LGI	 T	 MCS11	 46.2	92.4	 98.6	 144(146)	-65	 21.142319
HT40/LGI	 T	 MCS11	 46.9	93.8	 97.8	 137(140)	-64	 21.194979
HT40/LGI	 T	 MCS11	 47.5	95.0	 98.5	 137(139)	-63	 21.246363
HT40/LGI	 T	 MCS11	 47.8	95.7	 97.8	 135(138)	-62	 21.298855
HT40/LGI	 T	 MCS11	 48.2	96.4	 98.5	 138(140)	-58	 21.351048
HT40/LGI	 T	 MCS11	 48.4	96.9	 98.6	 150(152)	-60	 21.402180
HT40/LGI	 T	 MCS11	 48.7	97.5	 99.2	 139(140)	-59	 21.454107
HT40/LGI	 T	 MCS11	 48.7	97.4	 97.1	 138(142)	-58	 21.506138
HT40/LGI	 T	 MCS11	 49.0	98.0	 100.0	 124(124)	-56	 21.558661
HT40/LGI	 T	 MCS11	 49.1	98.2	 98.5	 135(137)	-55	 21.609772
HT40/LGI	 T	 MCS11	 49.1	98.3	 98.5	 139(141)	-56	 21.662642
HT40/LGI	 T	 MCS11	 49.1	98.2	 97.9	 142(145)	-56	 21.714737
HT40/LGI	 T	 MCS11	 49.1	98.3	 98.6	 145(147)	-57	 21.767008
HT40/LGI	 T	 MCS11	 48.8	97.6	 95.7	 135(141)	-57	 21.819193
HT40/LGI	 T	 MCS11	 48.9	97.9	 98.6	 142(144)	-58	 21.870409
HT40/LGI	 T	 MCS11	 49.1	98.2	 99.3	 145(146)	-60	 21.922274
HT40/LGI	 T	 MCS11	 49.2	98.5	 99.3	 145(146)	-60	 21.974609
HT40/LGI	 T	 MCS11	 49.3	98.7	 99.3	 152(153)	-58	 22.026590
HT40/LGI	 T	 MCS11	 49.4	98.8	 99.3	 147(148)	-55	 22.079210
HT40/LGI	 T	 MCS11	 49.4	98.9	 99.3	 144(145)	-57	 22.130901
HT40/LGI	 T	 MCS11	 49.2	98.5	 97.2	 144(148)	-57	 22.182268
HT40/LGI	 T	 MCS11	 49.3	98.7	 99.3	 146(147)	-55	 22.241228
HT40/LGI	 T	 MCS11	 49.4	98.8	 99.2	 139(140)	-57	 22.286617
HT40/LGI	 T	 MCS11	 49.2	98.4	 97.3	 146(150)	-55	 22.338652
HT40/LGI	 T	 MCS11	 49.1	98.3	 97.8	 136(139)	-54	 22.390400
HT40/LGI	 T	 MCS11	 49.3	98.7	 100.0	 152(152)	-54	 22.443157
HT40/LGI	 T	 MCS11	 49.5	99.0	 100.0	 101(101)	-57	 22.495287
HT40/LGI	 T	 MCS11	 49.4	98.9	 98.5	 138(140)	-57	 22.547092
HT40/LGI	 T	 MCS11	 49.4	98.8	 98.5	 137(139)	-60	 22.598886
HT40/LGI	 T	 MCS11	 49.4	98.9	 99.3	 144(145)	-60	 22.650625
HT40/LGI	 T	 MCS11	 49.6	99.2	 100.0	 106(106)	-56	 22.715315
HT40/LGI	 T	 MCS11	 49.5	99.1	 98.9	 95(	-56	 22.766838
HT40/LGI	 T	 MCS11	 49.6	99.3	 100.0	 151(151)	-55	 22.818354
HT40/LGI	 T	 MCS11	 49.5	99.1	 98.5	 133(135)	-54	 22.870367
HT40/LGI	 T	 MCS11	 49.1	98.2	 95.7	 134(140)	-50	 22.922459
HT40/LGI	 T	 MCS11	 49.2	98.5	 99.2	 141(142)	-52	 22.974192
HT40/LGI	 T	 MCS11	 49.0	98.1	 97.1	 134(138)	-53	 23.026047
HT40/LGI	 T	 MCS11	 49.2	98.4	 99.2	 140(141)	-50	 23.078608
HT40/LGI	 T	 MCS11	 49.2	98.4	 98.5	 137(139)	-53	 23.130133
HT40/LGI	 T	 MCS11	 49.3	98.6	 99.2	 141(142)	-51	 23.182438
HT40/LGI	 T	 MCS11	 49.3	98.6	 98.5	 139(141)	-54	 23.234978
HT40/LGI	 T	 MCS11	 49.3	98.6	 98.5	 139(141)	-53	 23.286818
HT40/LGI	 T	 MCS11	 48.9	97.8	 95.5	 129(135)	-52	 23.339163
HT40/LGI	 T	 MCS11	 48.6	97.3	 95.6	 132(138)	-51	 23.390394
HT40/LGI	 T	 MCS11	 48.8	97.6	 98.5	 136(138)	-51	 23.443274
HT40/LGI	 T	 MCS11	 48.8	97.6	 97.8	 139(142)	-50	 23.495871
HT40/LGI	 T	 MCS11	 48.5	97.1	 95.7	 134(140)	-52	 23.547136
HT40/LGI	 T	 MCS11	 48.8	97.7	 99.2	 136(137)	-49	 23.598532
HT40/LGI	 T	 MCS11	 48.5	97.0	 95.1	 138(145)	-52	 23.650497
HT40/LGI	 T	 MCS11	 48.2	96.5	 94.9	 132(139)	-47	 23.703110
HT40/LGI	 T	 MCS11	 48.3	96.6	 97.0	 131(135)	-51	 23.754526
HT40/LGI	 T	 MCS11	 48.3	96.7	 97.0	 133(137)	-52	 23.806652
HT40/LGI	 T	 MCS11	 48.7	97.5	 100.0	 145(145)	-55	 23.859293
HT40/LGI	 T	 MCS11	 48.9	97.8	 98.6	 141(143)	-52	 23.910671
HT40/LGI	 T	 MCS11	 48.8	97.6	 97.0	 133(137)	-52	 23.962866
HT40/LGI	 T	 MCS11	 48.9	97.8	 98.5	 138(140)	-54	 24.013817
HT40/LGI	 T	 MCS11	 48.7	97.5	 96.5	 139(144)	-54	 24.067053
HT40/LGI	 T	 MCS11	 48.7	97.4	 97.1	 137(141)	-51	 24.118719
HT40/LGI	 T	 MCS11	 48.9	97.9	 99.3	 143(144)	-54	 24.170765
HT40/LGI	 T	 MCS11	 49.2	98.4	 100.0	 151(151)	-52	 24.222961
HT40/LGI	 T	 MCS11	 49.3	98.6	 99.3	 154(155)	-52	 24.274542
HT40/LGI	 T	 MCS11	 49.4	98.9	 100.0	 69(	-51	 24.339655
HT40/LGI	 T	 MCS11	 49.6	99.2	 100.0	 61(	-50	 24.390764
HT40/LGI	 T	 MCS11	 49.7	99.4	 100.0	 49(	-52	 24.442286
HT40/LGI	 T	 MCS11	 49.6	99.3	 98.9	 97(	-55	 24.491823
HT40/LGI	 T	 MCS11	 49.3	98.7	 97.0	 130(134)	-54	 24.547129
HT40/LGI	 T	 MCS11	 49.2	98.5	 97.7	 133(136)	-50	 24.599728
HT40/LGI	 T	 MCS11	 49.0	98.1	 97.1	 134(138)	-52	 24.650038
HT40/LGI	 T	 MCS11	 49.2	98.4	 99.2	 142(143)	-53	 24.702843
HT40/LGI	 T	 MCS11	 49.2	98.4	 98.5	 137(139)	-51	 24.754366
HT40/LGI	 T	 MCS11	 48.9	97.9	 96.4	 135(140)	-50	 24.806082
HT40/LGI	 T	 MCS11	 48.7	97.5	 96.4	 136(141)	-53	 24.858761
HT40/LGI	 T	 MCS11	 48.5	97.1	 95.9	 141(147)	-52	 24.910543
HT40/LGI	 T	 MCS11	 48.5	97.0	 96.5	 140(145)	-53	 24.962408
HT40/LGI	 T	 MCS11	 48.6	97.3	 98.5	 134(136)	-55	 25.014889
HT40/LGI	 T	 MCS11	 48.9	97.8	 99.2	 136(137)	-52	 25.066849
HT40/LGI	 T	 MCS11	 48.9	97.8	 97.8	 137(140)	-53	 25.118488
HT40/LGI	 T	 MCS11	 48.8	97.6	 97.0	 131(135)	-57	 25.171366
HT40/LGI	 T	 MCS11	 48.8	97.7	 97.9	 140(143)	-59	 25.222336
HT40/LGI	 T	 MCS11	 49.0	98.1	 99.2	 141(142)	-59	 25.274742
HT40/LGI	 T	 MCS11	 49.1	98.3	 99.2	 136(137)	-58	 25.326902
HT40/LGI	 T	 MCS11	 48.9	97.9	 96.4	 137(142)	-63	 25.378454
HT40/LGI	 T	 MCS11	 49.0	98.0	 98.5	 132(134)	-64	 25.430965
HT40/LGI	 T	 MCS11	 48.9	97.8	 97.2	 139(143)	-64	 25.483074
HT40/LGI	 T	 MCS11	 49.0	98.0	 98.5	 136(138)	-65	 25.534021
HT40/LGI	 T	 MCS11	 48.8	97.7	 97.1	 134(138)	-63	 25.586855
HT40/LGI	 T	 MCS11	 49.0	98.1	 99.2	 137(138)	-69	 25.638990
HT40/LGI	 T	 MCS11	 48.1	96.2	 90.3	 122(135)	-70	 25.697796
HT40/LGI	 T	 MCS11	 47.7	95.4	 93.1	 122(131)	-67	 25.746119
HT40/LGI	 T	 MCS11	 48.1	96.2	 98.6	 152(154)	-69	 25.799093
HT40/LGI	 T	 MCS11	 48.1	96.2	 96.2	 128(133)	-68	 25.850962
HT40/LGI	 T	 MCS11	 48.2	96.4	 97.1	 138(142)	-67	 25.903128
HT40/LGI	 T	 MCS11	 48.0	96.1	 94.9	 133(140)	-66	 25.955179
HT40/LGI	 T	 MCS11	 48.2	96.5	 97.8	 135(138)	-68	 26.006145
HT40/LGI	 T	 MCS11	 48.1	96.3	 95.6	 131(137)	-65	 26.059021
HT40/LGI	 T	 MCS11	 47.9	95.9	 95.0	 134(141)	-66	 26.110800
HT40/LGI	 T	 MCS11	 46.4	92.8	 83.3	 95(114)	-68	 26.163103
HT40/LGI	 T	 MCS11	 47.0	94.0	 97.8	 136(139)	-63	 26.215490
HT40/LGI	 T	 MCS11	 47.1	94.2	 94.9	 132(139)	-67	 26.266787
HT40/LGI	 T	 MCS11	 44.1	88.2	 69.9	 84(120)	-68	 26.322500
HT40/LGI	 T	 MCS11	 43.1	86.3	 80.6	 104(129)	-64	 26.374584
HT40/LGI	 T	 MCS11	 44.1	88.2	 94.2	 130(138)	-68	 26.426994
HT40/LGI	 T	 MCS11	 45.3	90.6	 97.8	 139(142)	-67	 26.478012
HT40/LGI	 T	 MCS11	 46.3	92.6	 98.6	 141(143)	-66	 26.530890
HT40/LGI	 T	 MCS11	 47.1	94.3	 99.2	 139(140)	-67	 26.582623
HT40/LGI	 T	 MCS11	 47.5	95.0	 97.2	 140(144)	-67	 26.634008
HT40/LGI	 T	 MCS11	 48.0	96.1	 99.3	 143(144)	-67	 26.686922
HT40/LGI	 T	 MCS11	 48.0	96.0	 95.8	 137(143)	-67	 26.738644
HT40/LGI	 T	 MCS11	 48.1	96.3	 97.1	 137(141)	-68	 26.791252
HT40/LGI	 T	 MCS11	 48.1	96.3	 96.5	 139(144)	-66	 26.841530
HT40/LGI	 T	 MCS11	 48.2	96.5	 97.1	 135(139)	-67	 26.894627
HT40/LGI	 T	 MCS11	 48.7	97.4	 100.0	 145(145)	-65	 26.947510
HT40/LGI	 T	 MCS11	 48.7	97.5	 97.8	 137(140)	-69	 26.998663
HT40/LGI	 T	 MCS11	 48.4	96.9	 95.1	 138(145)	-69	 27.050381
HT40/LGI	 T	 MCS11	 47.0	94.0	 85.4	 100(117)	-70	 27.101942
HT40/LGI	 T	 MCS11	 47.7	95.5	 100.0	 138(138)	-69	 27.154587
HT40/LGI	 T	 MCS11	 44.8	89.6	 72.0	 62(	-73	 27.206347
HT40/LGI	 T	 MCS11	 41.2	82.4	 60.7	 48(	-72	 27.258354
HT40/LGI	 T	 MCS11	 41.1	82.2	 81.7	 94(115)	-72	 27.310581
HT40/LGI	 T	 MCS11	 40.8	81.7	 79.9	 92(115)	-70	 27.362082
HT40/LGI	 T	 MCS11	 41.8	83.7	 89.7	 131(146)	-74	 27.421175
HT40/LGI	 T	 MCS11	 39.9	79.9	 68.5	 48(	-66	 27.470558
HT40/LGI	 T	 MCS11	 42.2	84.4	 98.0	 148(151)	-73	 27.522820
HT40/LGI	 T	 MCS11	 40.1	80.2	 67.7	 61(	-77	 27.576368
HT40/LGI	 T	 MCS11	 31.2	62.4	 9.0	 4(	-73	 27.626963
HT40/LGI	 T	 MCS11	 24.9	49.9	 12.2	 6(	-68	 27.678047
HT40/LGI	 T	 MCS11	 19.9	39.9	 9.9	 5(	-74	 27.730476
HT40/LGI	 T	 MCS11	 18.9	37.9	 32.0	 25(	-69	 27.789520
HT40/LGI	 T	 MCS11	 14.2	28.4	 0.0	 0(	-76	 27.841276
HT40/LGI	 T	 MCS11	 10.6	21.3	 0.0	 0(	-73	 27.892399
HT40/LGI	 T	 MCS11	 14.8	29.6	 54.6	 53(	-73	 27.942574
HT40/LGI	 T	 MCS11	 19.2	38.5	 65.1	 58(	-75	 27.997940
HT40/LGI	 MCS11	 14.7	 29.5	2.4	 1(	 41)	-76	 28.051723
HT40/LGI	 T	 MCS11	 11.0	22.1	 0.0	 0(	-78	 28.104067
HT40/LGI	 T	 MCS11	 8.3	16.6	 0.0	 0(	-73	 28.158157
HT40/LGI	 MCS11	 6.2	 12.4	0.0	 0(	 42)	-75	 28.208202
HT40/LGI	 MCS11	 0.0	 9.3	0.0	 0(	 49)	-74	 28.266117
HT40/LGI	 T	 MCS11	 9.8	19.7	 51.1	 46(	-75	 28.315018
HT40/LGI	 T	 MCS11	 15.2	30.5	 62.8	 49(	-73	 28.366383
HT40/LGI	 T	 MCS11	 16.1	32.2	 37.2	 22(	-74	 28.421406
HT40/LGI	 T	 MCS11	 12.0	24.1	 0.0	 0(	-76	 28.471260
HT40/LGI	 T	 MCS11	 9.0	18.1	 0.0	 0(	-76	 28.529385
HT40/LGI	 T	 MCS11	 6.7	13.5	 0.0	 0(	-75	 28.586946
HT40/LGI	 MCS11	 5.0	 10.1	0.0	 0(	 42)	-74	 28.638693
HT40/LGI	 MCS11	 0.0	 7.6	0.0	 0(	 49)	-74	 28.699646
HT40/LGI	 MCS11	 0.0	 5.7	0.0	 0(	 42)	-73	 28.752739
HT40/LGI	 MCS11	 0.0	 4.2	0.0	 0(	 49)	-75	 28.813444
HT40/LGI	 MCS11	 0.0	 3.2	0.0	 0(	 42)	-76	 28.869919
HT40/LGI	 MCS11	 0.0	 2.4	0.0	 0(	 44)	-73	 28.920345
HT40/LGI	 MCS11	 0.0	 6.6	19.3	 6(	 31)	-75	 28.973232
HT40/LGI	 MCS11	 0.0	 4.9	0.0	 0(	 19)	-77	 29.022438
HT40/LGI	 MCS11	 0.0	 3.7	0.0	 0(	 21)	-76	 29.076349
HT40/LGI	 MCS11	 0.0	 2.8	0.0	 0(	 20)	-78	 29.127146
HT40/LGI	 MCS11	 0.0	 2.1	0.0	 0(	 21)	-74	 29.180391
HT40/LGI	 MCS11	 0.0	 1.5	0.0	 0(	 20)	-73	 29.232069
HT40/LGI	 MCS11	 0.0	 1.1	0.0	 0(	 20)	-74	 29.282984
HT40/LGI	 MCS11	 0.0	 0.8	0.0	 0(	 21)	-74	 29.336592
HT40/LGI	 MCS11	 0.0	 0.6	0.0	 0(	 20)	-76	 29.392248
HT40/LGI	 MCS11	 0.0	 0.4	0.0	 0(	 20)	-77	 29.436323
HT40/LGI	 MCS11	 0.0	 0.3	0.0	 0(	 21)	-75	 29.492720
HT40/LGI	 MCS11	 0.0	 0.2	0.0	 0(	 20)	-76	 29.543589
HT40/LGI	 MCS11	 0.0	 0.2	0.0	 0(	 21)	-73	 29.596924
HT40/LGI	 MCS11	 0.0	 0.1	0.0	 0(	 20)	-73	 29.647881
HT40/LGI	 MCS11	 0.0	 0.1	0.0	 0(	 20)	-77	 29.699032
HT40/LGI	 MCS11	 0.0	 0.0	0.0	 0(	 20)	-76	 29.750984
HT40/LGI	 MCS11	 0.0	 0.0	0.0	 0(	 21)	-76	 29.803474
HT40/LGI	 MCS11	 0.0	 0.0	0.0	 0(	 21)	-78	 29.855278
HT40/LGI	 MCS11	 0.0	 0.0	0.0	 0(	 20)	-76	 29.905746
HT40/LGI	 MCS11	 0.0	 0.0	0.0	 0(	 18)	-79	 29.958591
HT40/LGI	 MCS11	 0.0	 0.0	0.0	 0(	 20)	-77	 30.010944
HT40/LGI	 MCS11	 0.0	 0.0	0.0	 0(	 12)	-76	 32.359112
HT40/LGI	 MCS11	 0.0	 0.0	0.0	 0(	 18)	-80	 32.462154
HT40/LGI	 MCS11	 0.0	 0.0	0.0	 0(	 20)	-79	 32.516247
HT40/LGI	 MCS11	 0.0	 0.0	0.0	 0(	 19)	-79	 32.567368
HT40/LGI	 MCS11	 0.0	 0.0	0.0	 0(	 22)	-80	 32.618530
HT40/LGI	 MCS11	 0.0	 0.0	0.0	 0(	 21)	-81	 32.671120
HT40/LGI	 MCS11	 0.0	 0.0	0.0	 0(	 18)	-80	 32.723740
HT40/LGI	 MCS11	 0.0	 0.0	0.0	 0(	 21)	-80	 32.776512
HT40/LGI	 MCS11	 0.0	 0.0	0.0	 0(	 19)	-80	 32.830090
HT40/LGI	 MCS11	 0.0	 0.0	0.0	 0(	 20)	-81	 32.882622
HT40/LGI	 MCS11	 0.0	 0.0	0.0	 0(	 20)	-80	 32.935020
HT40/LGI	 MCS11	 0.0	 0.0	0.0	 0(	 21)	-80	 32.987778
HT40/LGI	 MCS11	 0.0	 0.0	0.0	 0(	 20)	-81	 33.039932
HT40/LGI	 MCS11	 0.0	 0.0	0.0	 0(	 16)	-82	 33.090931
HT40/LGI	 MCS11	 0.0	 0.0	0.0	 0(	 20)	-81	 33.144768
HT40/LGI	 MCS11	 0.0	 0.0	0.0	 0(	 19)	-81	 33.195141
HT40/LGI	 MCS11	 0.0	 0.0	0.0	 0(	 21)	-82	 33.248894
HT40/LGI	 MCS11	 0.0	 0.0	0.0	 0(	 19)	-81	 33.300629
HT40/LGI	 MCS11	 0.0	 0.0	0.0	 0(	 20)	-81	 33.352245
HT40/LGI	 MCS11	 0.0	 0.0	0.0	 0(	 18)	-81	 33.404350
HT40/LGI	 MCS11	 0.0	 0.0	0.0	 0(	 21)	-81	 33.456322
HT40/LGI	 MCS11	 0.0	 0.0	0.0	 0(	 20)	-80	 33.506645
HT40/LGI	 MCS11	 0.0	 0.0	0.0	 0(	 21)	-80	 33.560696
HT40/LGI	 MCS11	 0.0	 0.0	0.0	 0(	 20)	-79	 33.612743
HT40/LGI	 MCS11	 0.0	 0.0	0.0	 0(	 20)	-80	 33.663559
HT40/LGI	 MCS11	 0.0	 0.0	0.0	 0(	 20)	-80	 33.715870
HT40/LGI	 MCS11	 0.0	 0.0	0.0	 0(	 18)	-82	 33.766567
HT40/LGI	 MCS11	 0.0	 0.0	0.0	 0(	 15)	-80	 33.819454
HT40/LGI	 MCS11	 0.0	 0.0	0.0	 0(	 19)	-81	 33.871922
HT40/LGI	 MCS11	 0.0	 0.0	0.0	 0(	 20)	-80	 33.924419
HT40/LGI	 MCS11	 0.0	 0.0	0.0	 0(	 18)	-80	 33.974243
HT40/LGI	 MCS11	 0.0	 0.0	0.0	 0(	 20)	-80	 34.026939
HT40/LGI	 MCS11	 0.0	 0.0	0.0	 0(	 20)	-81	 34.080070
HT40/LGI	 MCS11	 0.0	 0.0	0.0	 0(	 16)	-85	 34.135769
HT40/LGI	 MCS11	 0.0	 0.0	0.0	 0(	 17)	-82	 34.187012
HT40/LGI	 MCS11	 0.0	 0.0	0.0	 0(	 19)	-81	 34.240860
HT40/LGI	 MCS11	 0.0	 0.0	0.0	 0(	 18)	-81	 34.292820
HT40/LGI	 MCS11	 0.0	 0.0	0.0	 0(	 16)	-81	 34.342407
HT40/LGI	 MCS11	 0.0	 0.0	0.0	 0(	 19)	-83	 34.397049
HT40/LGI	 MCS11	 0.0	 0.0	0.0	 0(	 18)	-83	 34.445904
HT40/LGI	 MCS11	 0.0	 0.0	0.0	 0(	 19)	-82	 34.501862
HT40/LGI	 MCS11	 0.0	 0.0	0.0	 0(	 21)	-83	 34.554157
HT40/LGI	 MCS11	 0.0	 0.0	0.0	 0(	 20)	-80	 34.599892
HT40/LGI	 MCS11	 0.0	 0.0	0.0	 0(	 20)	-79	 34.655457
HT40/LGI	 MCS11	 0.0	 0.0	0.0	 0(	 20)	-79	 34.707294
HT40/LGI	 MCS11	 0.0	 0.0	0.0	 0(	 21)	-81	 34.760643
HT40/LGI	 MCS11	 0.0	 0.0	0.0	 0(	 20)	-80	 34.811180
HT40/LGI	 MCS11	 0.0	 0.0	0.0	 0(	 20)	-79	 34.864521
HT40/LGI	 MCS11	 0.0	 0.0	0.0	 0(	 19)	-81	 34.915367
HT40/LGI	 MCS11	 0.0	 0.0	0.0	 0(	 20)	-78	 34.966362
HT40/LGI	 MCS11	 0.0	 0.0	0.0	 0(	 19)	-86	 35.019581
HT40/LGI	 MCS11	 0.0	 0.0	0.0	 0(	 18)	-85	 35.072418
HT40/LGI	 MCS11	 0.0	 0.0	0.0	 0(	 17)	-85	 35.123055
HT40/LGI	 MCS11	 0.0	 0.0	0.0	 0(	 18)	-84	 35.175163
HT40/LGI	 MCS11	 0.0	 0.0	0.0	 0(	 19)	-84	 35.226120
HT40/LGI	 MCS11	 0.0	 0.0	0.0	 0(	 17)	-84	 35.278313
HT40/LGI	 MCS11	 0.0	 0.0	0.0	 0(	 20)	-84	 35.331074
HT40/LGI	 MCS11	 0.0	 0.0	0.0	 0(	 19)	-85	 35.385067
HT40/LGI	 MCS11	 0.0	 0.0	0.0	 0(	 17)	-80	 35.436462
HT40/LGI	 MCS11	 0.0	 0.0	0.0	 0(	 7)	-84	 35.507320
HT40/LGI	 MCS11	 0.0	 0.0	0.0	 0(	 18)	-82	 35.601658
HT40/LGI	 MCS11	 0.0	 0.0	0.0	 0(	 13)	-82	 35.674637
HT40/LGI	 MCS11	 0.0	 0.0	0.0	 0(	 17)	-80	 35.726772
HT40/LGI	 MCS11	 0.0	 0.0	0.0	 0(	 17)	-82	 35.779228
HT40/LGI	 MCS11	 0.0	 0.0	0.0	 0(	 9)	-84	 35.836147
HT40/LGI	 MCS11	 0.0	 0.0	0.0	 0(	 19)	-81	 35.888771
HT40/LGI	 MCS11	 0.0	 0.0	0.0	 0(	 15)	-84	 35.940067
HT40/LGI	 MCS11	 0.0	 0.0	0.0	 0(	 12)	-85	 36.062466
HT40/LGI	 MCS11	 0.0	 0.0	0.0	 0(	 14)	-82	 36.112988
HT40/LGI	 MCS11	 0.0	 0.0	0.0	 0(	 20)	-78	 36.164627
HT40/LGI	 MCS11	 0.0	 0.0	0.0	 0(	 17)	-78	 36.214615
HT40/LGI	 MCS11	 0.0	 0.0	0.0	 0(	 19)	-78	 36.267216
HT40/LGI	 MCS11	 0.0	 0.0	0.0	 0(	 19)	-83	 36.318771
HT40/LGI	 MCS11	 0.0	 0.0	0.0	 0(	 17)	-83	 36.374493
HT40/LGI	 MCS11	 0.0	 0.0	0.0	 0(	 15)	-80	 36.423553
HT40/LGI	 MCS11	 0.0	 0.0	0.0	 0(	 18)	-81	 36.474972
HT40/LGI	 MCS11	 0.0	 0.0	0.0	 0(	 18)	-80	 36.527306
HT40/LGI	 MCS11	 0.0	 0.0	0.0	 0(	 19)	-79	 36.580387
HT40/LGI	 MCS11	 0.0	 0.0	0.0	 0(	 17)	-81	 36.631470
HT40/LGI	 MCS11	 0.0	 0.0	0.0	 0(	 20)	-82	 36.682961
HT40/LGI	 MCS11	 0.0	 0.0	0.0	 0(	 20)	-83	 36.736786
HT40/LGI	 MCS11	 0.0	 0.0	0.0	 0(	 19)	-82	 36.788338
HT40/LGI	 MCS11	 0.0	 0.0	0.0	 0(	 20)	-83	 36.840279
HT40/LGI	 MCS11	 0.0	 0.0	0.0	 0(	 20)	-84	 36.892288
HT40/LGI	 MCS11	 0.0	 0.0	0.0	 0(	 20)	-81	 36.942596
HT40/LGI	 MCS11	 0.0	 0.0	0.0	 0(	 21)	-81	 36.996490
HT40/LGI	 MCS11	 0.0	 0.0	0.0	 0(	 19)	-84	 37.048542
HT40/LGI	 MCS11	 0.0	 0.0	0.0	 0(	 15)	-82	 37.099438
HT40/LGI	 MCS11	 0.0	 0.0	0.0	 0(	 20)	-82	 37.150784
HT40/LGI	 MCS11	 0.0	 0.0	0.0	 0(	 19)	-82	 37.202091
HT40/LGI	 MCS11	 0.0	 0.0	0.0	 0(	 19)	-83	 37.255074
HT40/LGI	 MCS11	 0.0	 0.0	0.0	 0(	 20)	-84	 37.309032
HT40/LGI	 MCS11	 0.0	 0.0	0.0	 0(	 19)	-83	 37.359131
HT40/LGI	 MCS11	 0.0	 0.0	0.0	 0(	 20)	-83	 37.413219
HT40/LGI	 MCS11	 0.0	 0.0	0.0	 0(	 20)	-82	 37.463470
HT40/LGI	 MCS11	 0.0	 0.0	0.0	 0(	 20)	-83	 37.515820
HT40/LGI	 MCS11	 0.0	 0.0	0.0	 0(	 18)	-84	 37.566639
HT40/LGI	 MCS11	 0.0	 0.0	0.0	 0(	 18)	-81	 37.694695
HT40/LGI	 MCS11	 0.0	 0.0	0.0	 0(	 21)	-83	 37.747005
HT40/LGI	 MCS11	 0.0	 0.0	0.0	 0(	 19)	-81	 37.799160
HT40/LGI	 MCS11	 0.0	 0.0	0.0	 0(	 19)	-80	 37.850918
HT40/LGI	 MCS11	 0.0	 0.0	0.0	 0(	 21)	-84	 37.904415
HT40/LGI	 MCS11	 0.0	 0.0	0.0	 0(	 20)	-84	 37.956444
HT40/LGI	 MCS11	 0.0	 0.0	0.0	 0(	 18)	-86	 38.007454
HT40/LGI	 MCS11	 0.0	 0.0	0.0	 0(	 18)	-85	 38.060226
HT40/LGI	 MCS11	 0.0	 0.0	0.0	 0(	 17)	-83	 38.112370
HT40/LGI	 MCS11	 0.0	 0.0	0.0	 0(	 16)	-82	 38.162457
HT40/LGI	 MCS11	 0.0	 0.0	0.0	 0(	 15)	-82	 38.216396
HT40/LGI	 MCS11	 0.0	 0.0	0.0	 0(	 16)	-84	 38.267017
HT40/LGI	 MCS11	 0.0	 0.0	0.0	 0(	 15)	-83	 38.324776
HT40/LGI	 MCS11	 0.0	 0.0	0.0	 0(	 10)	-85	 38.377666
HT40/LGI	 MCS11	 0.0	 0.0	0.0	 0(	 10)	-84	 38.429356
HT40/LGI	 MCS11	 0.0	 0.0	0.0	 0(	 14)	-83	 38.480164
HT40/LGI	 MCS11	 0.0	 0.0	0.0	 0(	 18)	-84	 38.533714
HT40/LGI	 MCS11	 0.0	 0.0	0.0	 0(	 16)	-83	 38.583336
HT40/LGI	 MCS11	 0.0	 0.0	0.0	 0(	 9)	-83	 38.730911
HT40/LGI	 MCS11	 0.0	 0.0	0.0	 0(	 9)	-83	 39.072487
HT40/LGI	 T	 MCS11	 16.1	32.2	 29.9	 18(	-74	 12.445655
HT40/LGI	 T	 MCS11	 12.1	24.2	 0.0	 0(	-74	 12.452164
HT40/LGI	 T	 MCS11	 9.0	18.1	 0.0	 0(	-76	 12.504035
HT40/LGI	 T	 MCS11	 6.8	13.6	 0.0	 0(	-75	 12.558598
HT40/LGI	 MCS11	 5.1	 10.2	0.0	 0(	 30)	-76	 12.608987
HT40/LGI	 MCS11	 0.0	 7.6	0.0	 0(	 36)	-75	 12.666726
HT40/LGI	 MCS11	 0.0	 5.7	0.0	 0(	 36)	-76	 12.720249
HT40/LGI	 MCS11	 0.0	 4.3	0.0	 0(	 42)	-74	 12.775313
HT40/LGI	 MCS11	 0.0	 3.2	0.0	 0(	 36)	-75	 12.830195
HT40/LGI	 MCS11	 0.0	 2.4	0.0	 0(	 36)	-75	 12.882056
HT40/LGI	 MCS11	 0.0	 1.8	0.0	 0(	 24)	-76	 12.933263
