-28	 0.973568	 1.000000	 1.000000	 0.113055
-28	 0.954198	 1.000000	 1.000000	 0.181890
-27	 0.987603	 1.000000	 1.000000	 0.418504
-29	 0.990180	 1.000000	 1.000000	 0.724256
-30	 0.983471	 1.000000	 1.000000	 0.905639
-32	 0.968750	 1.000000	 1.000000	 1.002299
-32	 0.979866	 1.000000	 1.000000	 1.153371
-29	 0.988024	 1.000000	 1.000000	 1.402715
-28	 0.969697	 1.000000	 1.000000	 1.503584
-27	 0.965714	 1.000000	 1.000000	 1.593814
-27	 0.947368	 1.000000	 1.000000	 1.651404
-32	 0.970000	 1.000000	 1.000000	 1.751377
-32	 0.872340	 1.000000	 1.000000	 1.777085
-30	 0.986014	 1.000000	 1.000000	 1.991133
-35	 0.986957	 1.000000	 1.000000	 2.222861
-35	 0.978947	 1.000000	 1.000000	 2.366414
-36	 0.970443	 1.000000	 1.000000	 2.472283
-36	 0.982301	 1.000000	 1.000000	 2.640107
-36	 0.978339	 1.000000	 1.000000	 2.793336
-36	 0.973568	 1.000000	 1.000000	 2.906765
-37	 0.972477	 1.000000	 1.000000	 3.016587
-35	 0.985437	 1.000000	 1.000000	 3.223253
-41	 0.983379	 1.000000	 1.000000	 3.406292
-36	 0.981308	 1.000000	 1.000000	 3.566529
-38	 0.975510	 1.000000	 1.000000	 3.689541
-41	 0.924051	 1.000000	 1.000000	 3.732882
-39	 0.952381	 1.000000	 1.000000	 3.797932
-40	 0.944954	 1.000000	 1.000000	 3.854107
-39	 0.971014	 1.000000	 1.000000	 3.959053
-38	 0.976562	 1.000000	 1.000000	 4.087970
-36	 0.978571	 1.000000	 1.000000	 4.230420
-40	 0.976000	 1.000000	 1.000000	 4.356271
-39	 0.974026	 1.000000	 1.000000	 4.473794
-38	 0.973451	 1.000000	 1.000000	 4.587838
-40	 0.977941	 1.000000	 1.000000	 4.724149
-41	 0.942857	 1.000000	 1.000000	 4.777334
-40	 0.923077	 1.000000	 1.000000	 4.818526
-41	 0.956204	 1.000000	 1.000000	 4.890819
-38	 0.982709	 1.000000	 1.000000	 5.064662
-45	 0.986607	 1.000000	 1.000000	 5.287973
-44	 0.980456	 1.000000	 1.000000	 5.440791
-39	 0.983425	 1.000000	 1.000000	 5.615315
-43	 0.987830	 1.000000	 1.000000	 5.852923
-44	 0.976834	 1.000000	 1.000000	 5.983497
-44	 0.949580	 1.000000	 1.000000	 6.043592
-45	 0.967914	 1.000000	 1.000000	 6.138216
-43	 0.978648	 1.000000	 1.000000	 6.277574
-47	 0.981707	 1.000000	 1.000000	 6.437961
-46	 0.958621	 1.000000	 1.000000	 6.511726
-44	 0.981651	 1.000000	 1.000000	 6.677408
-46	 0.953846	 1.000000	 1.000000	 6.745759
-43	 0.979592	 1.000000	 1.000000	 6.890891
-46	 0.975104	 1.000000	 1.000000	 7.011841
-44	 0.984375	 1.000000	 1.000000	 7.201954
-47	 0.958042	 1.000000	 1.000000	 7.275092
-47	 0.973333	 1.000000	 1.000000	 7.390137
-49	 0.961039	 1.000000	 1.000000	 7.470358
-51	 0.966102	 1.000000	 1.000000	 7.561486
-49	 0.980000	 1.000000	 1.000000	 7.722759
-46	 0.961783	 1.000000	 1.000000	 7.802883
-44	 0.979310	 1.000000	 1.000000	 7.947145
-49	 0.981928	 1.000000	 1.000000	 8.123942
-52	 0.975309	 1.000000	 1.000000	 8.245348
-47	 0.982558	 1.000000	 1.000000	 8.417913
-46	 0.973333	 1.000000	 1.000000	 8.530659
-52	 0.978339	 1.000000	 1.000000	 8.668297
-51	 0.930233	 1.000000	 1.000000	 8.712494
-52	 0.985949	 1.000000	 1.000000	 8.919315
-50	 0.958333	 1.000000	 1.000000	 8.994879
-53	 0.960784	 1.000000	 1.000000	 9.073620
-54	 0.986871	 1.000000	 1.000000	 9.298377
-55	 0.987730	 1.000000	 1.000000	 9.545778
-50	 0.979798	 1.000000	 1.000000	 9.695788
-51	 0.985258	 1.000000	 1.000000	 9.899712
-52	 0.970297	 1.000000	 1.000000	 10.000497
-56	 0.990000	 1.000000	 1.000000	 10.296368
-56	 0.983607	 1.000000	 1.000000	 10.470071
-56	 0.987952	 1.000000	 1.000000	 10.716583
-56	 0.981132	 1.000000	 1.000000	 10.905642
-61	 0.964706	 1.000000	 1.000000	 10.991943
-59	 0.972350	 1.000000	 1.000000	 11.104465
-60	 0.983379	 1.000000	 1.000000	 11.281278
-58	 0.978102	 1.000000	 1.000000	 11.418405
-61	 0.992509	 1.000000	 1.000000	 11.812529
-55	 0.983051	 1.000000	 1.000000	 11.985902
-64	 0.972477	 1.000000	 1.000000	 12.096288
-63	 0.985542	 1.000000	 1.000000	 12.300916
-69	 0.983871	 1.000000	 1.000000	 12.483300
-69	 0.981595	 1.000000	 1.000000	 12.644539
-73	 0.989362	 1.000000	 1.000000	 12.925436
-72	 0.945946	 1.000000	 1.000000	 12.984310
-75	 0.975000	 1.000000	 1.000000	 13.103661
-75	 0.969388	 1.000000	 1.000000	 13.205203
-74	 0.877551	 1.000000	 1.000000	 13.238571
-72	 0.978873	 1.000000	 1.000000	 13.384782
-72	 0.980328	 1.000000	 1.000000	 13.532505
-69	 0.964286	 1.000000	 1.000000	 13.619081
-67	 0.980066	 1.000000	 1.000000	 13.768076
-71	 0.973913	 1.000000	 1.000000	 13.881077
-70	 0.750000	 1.000000	 1.000000	 13.913662
-71	 0.968254	 1.000000	 1.000000	 14.008167
-76	 0.921053	 1.000000	 1.000000	 14.048582
-74	 0.947826	 1.000000	 1.000000	 14.114930
-76	 0.938144	 1.000000	 1.000000	 14.164282
-76	 0.500000	 1.000000	 -nan	 14.180253
-76	 0.400000	 1.000000	 1.000000	 14.211811
-77	 0.857143	 1.000000	 1.000000	 14.236127
-77	 0.571429	 1.000000	 1.000000	 14.255974
-73	 0.930233	 1.000000	 1.000000	 14.314731
-75	 0.978648	 1.000000	 1.000000	 14.456782
-74	 0.930233	 1.000000	 1.000000	 14.501265
-77	 0.961290	 1.000000	 1.000000	 14.598079
-75	 0.960526	 1.000000	 1.000000	 14.680759
-77	 0.250000	 1.000000	 1.000000	 14.692441
-74	 0.846154	 1.000000	 1.000000	 14.721086
-74	 0.963415	 1.000000	 1.000000	 14.803383
-71	 0.969697	 1.000000	 1.000000	 14.905484
-70	 0.985748	 1.000000	 1.000000	 15.110489
-70	 0.857143	 1.000000	 1.000000	 15.137827
-71	 0.980892	 1.000000	 1.000000	 15.295354
-73	 0.981191	 1.000000	 1.000000	 15.459224
-76	 0.966102	 1.000000	 1.000000	 15.550456
-72	 0.949580	 1.000000	 1.000000	 15.612684
-76	 0.950820	 1.000000	 1.000000	 15.677753
-75	 0.925926	 1.000000	 1.000000	 15.718941
-76	 0.142857	 1.000000	 1.000000	 15.756283
-78	 0.454545	 1.000000	 1.000000	 15.774214
-78	 0.571429	 1.000000	 -nan	 15.792685
-77	 0.000000	 1.000000	 -nan	 15.829276
-78	 0.000000	 1.000000	 -nan	 15.868803
-77	 0.000000	 1.000000	 -nan	 15.911047
-77	 0.892857	 1.000000	 1.000000	 15.959579
-79	 0.000000	 1.000000	 1.000000	 15.999175
-79	 0.142857	 1.000000	 1.000000	 16.033039
-76	 0.818182	 1.000000	 1.000000	 16.053181
-75	 0.333333	 1.000000	 1.000000	 16.061720
-75	 0.000000	 1.000000	 1.000000	 16.069698
-77	 0.922078	 1.000000	 1.000000	 16.111286
-77	 0.000000	 1.000000	 1.000000	 16.118408
-77	 0.000000	 1.000000	 -nan	 16.125799
-74	 0.882353	 1.000000	 1.000000	 16.155375
-78	 0.842105	 1.000000	 1.000000	 16.183430
-78	 0.000000	 1.000000	 1.000000	 16.192434
-74	 0.875000	 1.000000	 1.000000	 16.220285
-76	 0.625000	 1.000000	 1.000000	 16.232637
-78	 0.000000	 1.000000	 1.000000	 16.239784
-77	 0.000000	 1.000000	 -nan	 16.246662
-75	 0.142857	 1.000000	 1.000000	 16.254515
-77	 0.877551	 1.000000	 1.000000	 16.292786
-77	 0.872340	 1.000000	 1.000000	 16.339560
-74	 0.967914	 1.000000	 1.000000	 16.442095
-74	 0.785714	 1.000000	 1.000000	 16.462746
-76	 0.600000	 1.000000	 -nan	 16.490202
-76	 0.400000	 1.000000	 1.000000	 16.523993
-78	 0.970297	 1.000000	 1.000000	 16.629927
-77	 0.931818	 1.000000	 1.000000	 16.676540
-73	 0.967742	 1.000000	 1.000000	 16.769592
-73	 0.955882	 1.000000	 1.000000	 16.837606
-73	 0.956835	 1.000000	 1.000000	 16.909786
-71	 0.933333	 1.000000	 1.000000	 16.970144
-73	 0.967568	 1.000000	 1.000000	 17.072069
-79	 0.880000	 1.000000	 1.000000	 17.128881
-78	 0.000000	 1.000000	 1.000000	 17.152514
-78	 0.900000	 1.000000	 1.000000	 17.207640
-78	 0.907692	 1.000000	 1.000000	 17.268982
-77	 0.625000	 1.000000	 -nan	 17.279495
-78	 0.869565	 1.000000	 1.000000	 17.309721
-76	 0.863636	 1.000000	 1.000000	 17.355764
-77	 0.600000	 1.000000	 -nan	 17.372002
-78	 0.538462	 1.000000	 1.000000	 17.407339
-79	 0.886792	 1.000000	 1.000000	 17.451473
-76	 0.250000	 1.000000	 -nan	 17.486076
-78	 0.793103	 1.000000	 1.000000	 17.511162
-78	 0.919192	 1.000000	 1.000000	 17.566837
-78	 0.250000	 1.000000	 1.000000	 17.575041
-77	 0.000000	 1.000000	 1.000000	 17.583651
-79	 0.250000	 1.000000	 -nan	 17.592878
-78	 0.250000	 1.000000	 1.000000	 17.602571
-76	 0.866667	 1.000000	 1.000000	 17.630026
-74	 0.975207	 1.000000	 1.000000	 17.752764
-74	 0.971154	 1.000000	 1.000000	 17.858164
-73	 0.966667	 1.000000	 1.000000	 17.957647
-70	 0.950413	 1.000000	 1.000000	 18.020391
-71	 0.989529	 1.000000	 1.000000	 18.299553
-78	 0.979094	 1.000000	 1.000000	 18.437044
-69	 0.985542	 1.000000	 1.000000	 18.648840
-70	 0.976378	 1.000000	 1.000000	 18.779301
-70	 0.972477	 1.000000	 1.000000	 18.888315
-71	 0.977099	 1.000000	 1.000000	 19.022158
-70	 0.982609	 1.000000	 1.000000	 19.199110
-72	 0.965909	 1.000000	 1.000000	 19.290783
-70	 0.985437	 1.000000	 1.000000	 19.503679
-68	 0.978102	 1.000000	 1.000000	 19.640118
-63	 0.987526	 1.000000	 1.000000	 19.877747
-67	 0.977564	 1.000000	 1.000000	 20.031403
-66	 0.984536	 1.000000	 1.000000	 20.224592
-69	 0.977186	 1.000000	 1.000000	 20.357054
-64	 0.978261	 1.000000	 1.000000	 20.493212
-71	 0.982759	 1.000000	 1.000000	 20.665993
-71	 0.968421	 1.000000	 1.000000	 20.763210
-64	 0.982709	 1.000000	 1.000000	 20.936632
-64	 0.969388	 1.000000	 1.000000	 21.035692
-69	 0.981818	 1.000000	 1.000000	 21.200630
-67	 0.936842	 1.000000	 1.000000	 21.250048
-63	 0.990115	 1.000000	 1.000000	 21.551159
-57	 0.989418	 1.000000	 1.000000	 21.823008
-57	 0.985185	 1.000000	 1.000000	 22.020851
-59	 0.988889	 1.000000	 1.000000	 22.289488
-60	 0.979452	 1.000000	 1.000000	 22.433994
-56	 0.980066	 1.000000	 1.000000	 22.586605
-54	 0.983516	 1.000000	 1.000000	 22.769175
-54	 0.982301	 1.000000	 1.000000	 22.940228
-52	 0.978102	 1.000000	 1.000000	 23.075106
-52	 0.982143	 1.000000	 1.000000	 23.239395
-51	 0.969697	 1.000000	 1.000000	 23.339451
-51	 0.960526	 1.000000	 1.000000	 23.419489
-52	 0.986014	 1.000000	 1.000000	 23.629171
-51	 0.986175	 1.000000	 1.000000	 23.842154
-52	 0.980328	 1.000000	 1.000000	 23.998741
-52	 0.968421	 1.000000	 1.000000	 24.095110
-52	 0.922078	 1.000000	 1.000000	 24.135406
-51	 0.972973	 1.000000	 1.000000	 24.246197
-50	 0.955224	 1.000000	 1.000000	 24.312765
-52	 0.975610	 1.000000	 1.000000	 24.441807
-55	 0.971698	 1.000000	 1.000000	 24.546747
-61	 0.983003	 1.000000	 1.000000	 24.717325
-60	 0.976923	 1.000000	 1.000000	 24.846989
-61	 0.979094	 1.000000	 1.000000	 24.992304
-65	 0.978723	 1.000000	 1.000000	 25.134434
-70	 0.971292	 1.000000	 1.000000	 25.237877
-66	 0.979592	 1.000000	 1.000000	 25.385693
-69	 0.976378	 1.000000	 1.000000	 25.514515
-66	 0.976923	 1.000000	 1.000000	 25.645130
-72	 0.984655	 1.000000	 1.000000	 25.837191
-72	 0.970874	 1.000000	 1.000000	 25.942987
-69	 0.952381	 1.000000	 1.000000	 26.007521
-70	 0.993464	 1.000000	 1.000000	 26.444304
-69	 0.987730	 1.000000	 1.000000	 26.680565
-71	 0.983146	 1.000000	 1.000000	 26.854101
-74	 0.980952	 1.000000	 1.000000	 27.009865
-73	 0.988281	 1.000000	 1.000000	 27.266216
-76	 0.978648	 1.000000	 1.000000	 27.410564
-69	 0.952381	 1.000000	 1.000000	 27.477085
-72	 0.966480	 1.000000	 1.000000	 27.570005
-69	 0.980132	 1.000000	 1.000000	 27.723139
-73	 0.965909	 1.000000	 1.000000	 27.813185
-73	 0.978339	 1.000000	 1.000000	 27.951948
-73	 0.929412	 1.000000	 1.000000	 27.996988
-74	 0.962500	 1.000000	 1.000000	 28.077869
-72	 0.961783	 1.000000	 1.000000	 28.157509
-71	 0.976190	 1.000000	 1.000000	 28.287443
-76	 0.974576	 1.000000	 1.000000	 28.409012
-78	 0.250000	 1.000000	 1.000000	 28.437937
-78	 0.400000	 1.000000	 1.000000	 28.448238
-77	 0.500000	 1.000000	 -nan	 28.461491
-75	 0.000000	 1.000000	 -nan	 28.498234
-70	 0.962500	 1.000000	 1.000000	 28.582628
-77	 0.959184	 1.000000	 1.000000	 28.661228
-78	 0.954198	 1.000000	 1.000000	 28.731955
-72	 0.957447	 1.000000	 1.000000	 28.806974
-75	 0.959184	 1.000000	 1.000000	 28.883329
-74	 0.975104	 1.000000	 1.000000	 29.010431
-73	 0.750000	 1.000000	 1.000000	 29.026388
-76	 0.953488	 1.000000	 1.000000	 29.105824
-77	 0.837838	 1.000000	 1.000000	 29.132498
-77	 0.600000	 1.000000	 1.000000	 29.152044
-75	 0.955224	 1.000000	 1.000000	 29.221235
-77	 0.860465	 1.000000	 1.000000	 29.269409
-79	 0.538462	 1.000000	 1.000000	 29.289850
-74	 0.940594	 1.000000	 1.000000	 29.352213
-75	 0.926829	 1.000000	 1.000000	 29.395151
-77	 0.931818	 1.000000	 1.000000	 29.449459
-79	 0.250000	 1.000000	 1.000000	 29.464743
-79	 0.828571	 1.000000	 1.000000	 29.493078
-79	 0.000000	 1.000000	 -nan	 29.534235
-77	 0.000000	 1.000000	 -nan	 29.573154
-75	 0.904762	 1.000000	 1.000000	 29.610872
-75	 0.600000	 1.000000	 1.000000	 29.631363
-74	 0.955882	 1.000000	 1.000000	 29.703529
-77	 0.914286	 1.000000	 1.000000	 29.767797
-77	 0.500000	 1.000000	 -nan	 29.787506
-78	 0.600000	 1.000000	 -nan	 29.802544
-78	 0.000000	 1.000000	 -nan	 29.841873
-77	 0.142857	 1.000000	 -nan	 29.877460
-79	 0.896552	 1.000000	 1.000000	 29.934334
-74	 0.950413	 1.000000	 1.000000	 30.000082
-74	 0.931035	 1.000000	 1.000000	 30.047602
-76	 0.962963	 1.000000	 1.000000	 30.132486
-77	 0.684211	 1.000000	 1.000000	 30.147621
-78	 0.000000	 1.000000	 1.000000	 30.182467
-78	 0.917808	 1.000000	 1.000000	 30.248806
-77	 0.833333	 1.000000	 1.000000	 30.286407
-77	 0.913043	 1.000000	 1.000000	 30.338331
-75	 0.000000	 1.000000	 -nan	 30.378670
-79	 0.000000	 1.000000	 -nan	 30.421511
-75	 0.600000	 1.000000	 1.000000	 30.450874
-78	 0.917808	 1.000000	 1.000000	 30.490435
-78	 0.954545	 1.000000	 1.000000	 30.559320
-75	 0.915493	 1.000000	 1.000000	 30.610907
-78	 0.000000	 1.000000	 1.000000	 30.650900
-76	 0.818182	 1.000000	 1.000000	 30.686447
-80	 0.142857	 1.000000	 1.000000	 30.712790
-75	 0.000000	 1.000000	 -nan	 30.752005
-73	 0.884615	 1.000000	 -nan	 30.794565
-75	 0.000000	 1.000000	 1.000000	 30.815060
-78	 0.000000	 1.000000	 1.000000	 30.822756
-79	 0.000000	 1.000000	 1.000000	 30.832848
-76	 0.000000	 1.000000	 1.000000	 30.840239
-73	 0.684211	 1.000000	 1.000000	 30.854113
-73	 0.000000	 1.000000	 1.000000	 30.861219
-76	 0.000000	 1.000000	 -nan	 30.869118
-77	 0.000000	 1.000000	 -nan	 30.878138
-78	 0.000000	 1.000000	 -nan	 30.896633
-76	 0.000000	 1.000000	 -nan	 30.902905
-74	 0.333333	 1.000000	 -nan	 30.911995
-74	 0.500000	 1.000000	 -nan	 30.922190
-76	 0.333333	 1.000000	 -nan	 30.931412
-77	 0.000000	 1.000000	 -nan	 30.938147
-78	 0.000000	 1.000000	 -nan	 30.952322
-77	 0.000000	 1.000000	 -nan	 30.959295
-74	 0.860465	 1.000000	 1.000000	 30.985367
-77	 0.727273	 1.000000	 1.000000	 31.002579
-78	 0.000000	 1.000000	 1.000000	 31.009926
-80	 0.000000	 1.000000	 1.000000	 31.018152
-78	 0.000000	 1.000000	 1.000000	 31.027302
-77	 0.000000	 1.000000	 1.000000	 31.034515
-76	 0.000000	 1.000000	 1.000000	 31.041937
-76	 0.000000	 1.000000	 1.000000	 31.048847
-75	 0.000000	 1.000000	 1.000000	 31.056168
-75	 0.000000	 1.000000	 1.000000	 31.063305
-75	 0.000000	 1.000000	 1.000000	 31.071362
-76	 0.000000	 1.000000	 1.000000	 31.077799
-77	 0.000000	 1.000000	 1.000000	 31.090300
-77	 0.125000	 1.000000	 1.000000	 31.100590
-78	 0.000000	 1.000000	 1.000000	 31.108553
-78	 0.000000	 1.000000	 1.000000	 31.121452
-77	 0.000000	 1.000000	 1.000000	 31.130856
-78	 0.000000	 1.000000	 1.000000	 31.137951
-76	 0.000000	 1.000000	 1.000000	 31.146971
-77	 0.000000	 1.000000	 1.000000	 31.158455
-77	 0.000000	 1.000000	 1.000000	 31.168356
-76	 0.000000	 1.000000	 1.000000	 31.181158
-77	 0.000000	 1.000000	 1.000000	 31.221384
-79	 0.000000	 1.000000	 1.000000	 31.244432
-78	 0.000000	 1.000000	 1.000000	 31.253098
-78	 0.000000	 1.000000	 1.000000	 31.259911
-77	 0.000000	 1.000000	 1.000000	 31.268488
-75	 0.000000	 1.000000	 1.000000	 31.275738
-74	 0.142857	 1.000000	 1.000000	 31.283314
-75	 0.000000	 1.000000	 1.000000	 31.292084
-75	 0.000000	 1.000000	 1.000000	 31.298878
-74	 0.000000	 1.000000	 1.000000	 31.306801
-77	 0.000000	 1.000000	 1.000000	 31.315741
-78	 0.000000	 1.000000	 1.000000	 31.340342
-76	 0.000000	 1.000000	 1.000000	 31.377340
-75	 0.000000	 1.000000	 1.000000	 31.384527
-78	 0.000000	 1.000000	 1.000000	 31.392454
-80	 0.000000	 1.000000	 1.000000	 31.400455
-79	 0.000000	 1.000000	 1.000000	 31.408312
-78	 0.000000	 1.000000	 1.000000	 31.416613
-77	 0.000000	 1.000000	 1.000000	 31.423712
-77	 0.000000	 1.000000	 1.000000	 31.431086
-76	 0.000000	 1.000000	 1.000000	 31.440023
-78	 0.000000	 1.000000	 1.000000	 31.487087
-75	 0.000000	 1.000000	 1.000000	 31.523184
-76	 0.000000	 1.000000	 1.000000	 31.529890
-76	 0.000000	 1.000000	 1.000000	 31.537743
-76	 0.000000	 1.000000	 1.000000	 31.546103
-78	 0.000000	 1.000000	 1.000000	 31.584175
-78	 0.000000	 1.000000	 1.000000	 31.590839
-78	 0.125000	 1.000000	 1.000000	 31.601774
-77	 0.000000	 1.000000	 1.000000	 31.609997
-77	 0.000000	 1.000000	 1.000000	 31.617537
-77	 0.000000	 1.000000	 1.000000	 31.624638
-78	 0.000000	 1.000000	 1.000000	 31.631805
-79	 0.000000	 1.000000	 1.000000	 31.639183
-78	 0.000000	 1.000000	 1.000000	 31.648050
-77	 0.000000	 1.000000	 1.000000	 31.655210
-76	 0.000000	 1.000000	 1.000000	 31.662661
-77	 0.000000	 1.000000	 1.000000	 31.669607
-77	 0.000000	 1.000000	 1.000000	 31.677773
-77	 0.000000	 1.000000	 1.000000	 31.728029
-77	 0.000000	 1.000000	 1.000000	 31.748762
-77	 0.000000	 1.000000	 1.000000	 31.755941
-77	 0.000000	 1.000000	 1.000000	 31.763287
-77	 0.000000	 1.000000	 1.000000	 31.770201
-78	 0.000000	 1.000000	 1.000000	 31.777735
-79	 0.000000	 1.000000	 1.000000	 31.787092
-78	 0.000000	 1.000000	 1.000000	 31.795698
-78	 0.000000	 1.000000	 1.000000	 31.804068
-75	 0.000000	 1.000000	 1.000000	 31.811890
-79	 0.000000	 1.000000	 1.000000	 31.819283
-79	 0.000000	 1.000000	 1.000000	 31.826494
-77	 0.000000	 1.000000	 1.000000	 31.833513
-78	 0.000000	 1.000000	 1.000000	 31.871855
-80	 0.000000	 1.000000	 1.000000	 31.905394
-80	 0.000000	 1.000000	 1.000000	 31.945789
-78	 0.000000	 1.000000	 1.000000	 31.956232
-79	 0.000000	 1.000000	 1.000000	 31.971310
-81	 0.000000	 1.000000	 1.000000	 32.003895
-79	 0.000000	 1.000000	 1.000000	 32.011379
-80	 0.000000	 1.000000	 1.000000	 32.022369
-79	 0.000000	 1.000000	 1.000000	 32.030491
-79	 0.000000	 1.000000	 1.000000	 32.041622
-80	 0.000000	 1.000000	 1.000000	 32.049187
-76	 0.000000	 1.000000	 1.000000	 32.056046
-80	 0.000000	 1.000000	 1.000000	 32.064106
-81	 0.000000	 1.000000	 1.000000	 32.085178
-82	 0.000000	 1.000000	 1.000000	 32.145847
-81	 0.000000	 1.000000	 1.000000	 32.175858
-79	 0.000000	 1.000000	 1.000000	 32.215244
-81	 0.000000	 1.000000	 1.000000	 32.268127
-83	 0.000000	 1.000000	 1.000000	 32.328205
-82	 0.000000	 1.000000	 1.000000	 32.377754
-80	 0.000000	 1.000000	 1.000000	 32.423229
-80	 0.000000	 1.000000	 1.000000	 32.474155
-81	 0.000000	 1.000000	 1.000000	 32.512451
-83	 0.000000	 1.000000	 1.000000	 32.564339
-83	 0.000000	 1.000000	 1.000000	 32.600170
-80	 0.000000	 1.000000	 1.000000	 32.627979
-80	 0.000000	 1.000000	 1.000000	 32.644463
-81	 0.000000	 1.000000	 1.000000	 32.660057
-81	 0.000000	 1.000000	 1.000000	 32.678558
-82	 0.000000	 1.000000	 1.000000	 32.694420
-81	 0.000000	 1.000000	 1.000000	 32.712826
-81	 0.000000	 1.000000	 1.000000	 32.736416
-81	 0.000000	 1.000000	 1.000000	 32.753475
-82	 0.000000	 1.000000	 1.000000	 32.768387
-82	 0.000000	 1.000000	 1.000000	 32.788857
-83	 0.000000	 1.000000	 1.000000	 32.805687
-83	 0.000000	 1.000000	 1.000000	 32.824860
-83	 0.000000	 1.000000	 1.000000	 32.842304
-83	 0.000000	 1.000000	 1.000000	 32.859097
-85	 0.000000	 1.000000	 1.000000	 32.882069
-84	 0.000000	 1.000000	 1.000000	 32.901653
-83	 0.000000	 1.000000	 1.000000	 32.921772
-78	 0.000000	 1.000000	 1.000000	 32.938931
-83	 0.000000	 1.000000	 1.000000	 32.954773
-82	 0.000000	 1.000000	 1.000000	 32.971188
-83	 0.000000	 1.000000	 1.000000	 32.986942
-83	 0.000000	 1.000000	 1.000000	 33.007812
-83	 0.000000	 1.000000	 1.000000	 33.024223
-83	 0.000000	 1.000000	 1.000000	 33.063679
-83	 0.000000	 1.000000	 -nan	 33.081219
-83	 0.000000	 1.000000	 -nan	 33.098949
-83	 0.000000	 1.000000	 -nan	 33.115273
-83	 0.000000	 1.000000	 -nan	 33.132565
-80	 0.000000	 1.000000	 -nan	 33.148163
-80	 0.000000	 1.000000	 -nan	 33.166782
-80	 0.000000	 1.000000	 -nan	 33.183231
-83	 0.000000	 1.000000	 1.000000	 33.234875
-82	 0.000000	 1.000000	 -nan	 33.252720
-82	 0.000000	 1.000000	 -nan	 33.270466
-82	 0.000000	 1.000000	 -nan	 33.286015
-82	 0.000000	 1.000000	 -nan	 33.301147
-82	 0.000000	 1.000000	 -nan	 33.317345
-82	 0.000000	 1.000000	 -nan	 33.332298
-82	 0.000000	 1.000000	 -nan	 33.347618
-77	 0.000000	 1.000000	 1.000000	 33.381752
-79	 0.000000	 1.000000	 -nan	 33.398430
-82	 0.000000	 1.000000	 -nan	 33.413738
-83	 0.000000	 1.000000	 -nan	 33.435505
-82	 0.000000	 1.000000	 -nan	 33.455517
-82	 0.000000	 1.000000	 1.000000	 33.469894
-84	 0.000000	 1.000000	 -nan	 33.488693
-84	 0.000000	 1.000000	 -nan	 33.510990
-79	 0.000000	 1.000000	 -nan	 33.531853
-81	 0.000000	 1.000000	 -nan	 33.550175
-82	 0.000000	 1.000000	 -nan	 33.570904
-80	 0.000000	 1.000000	 -nan	 33.591591
-81	 0.000000	 1.000000	 -nan	 33.610641
-82	 0.000000	 1.000000	 -nan	 33.626476
-82	 0.000000	 1.000000	 1.000000	 33.649693
-83	 0.000000	 1.000000	 1.000000	 33.689377
-83	 0.000000	 1.000000	 -nan	 33.715431
-83	 0.000000	 1.000000	 -nan	 33.731354
-79	 0.000000	 1.000000	 1.000000	 33.750301
-80	 0.000000	 1.000000	 1.000000	 33.766518
-80	 0.000000	 1.000000	 1.000000	 33.785053
-80	 0.000000	 1.000000	 1.000000	 33.801266
-79	 0.000000	 1.000000	 1.000000	 33.820194
-78	 0.000000	 1.000000	 1.000000	 33.840202
-79	 0.000000	 1.000000	 1.000000	 33.859760
-79	 0.000000	 1.000000	 1.000000	 33.878017
-80	 0.000000	 1.000000	 1.000000	 33.896355
-82	 0.000000	 1.000000	 1.000000	 33.912163
-78	 0.000000	 1.000000	 1.000000	 33.935314
-77	 0.000000	 1.000000	 1.000000	 33.952042
-76	 0.000000	 1.000000	 1.000000	 33.968327
-77	 0.000000	 1.000000	 1.000000	 33.984505
-77	 0.000000	 1.000000	 1.000000	 34.001255
-78	 0.000000	 1.000000	 1.000000	 34.018978
-80	 0.000000	 1.000000	 1.000000	 34.038689
-82	 0.000000	 1.000000	 1.000000	 34.057339
-80	 0.000000	 1.000000	 1.000000	 34.073174
-82	 0.000000	 1.000000	 1.000000	 34.091969
-81	 0.000000	 1.000000	 1.000000	 34.107796
-81	 0.000000	 1.000000	 1.000000	 34.124298
-81	 0.000000	 1.000000	 1.000000	 34.142277
-81	 0.000000	 1.000000	 1.000000	 34.159298
-81	 0.000000	 1.000000	 1.000000	 34.174992
-81	 0.000000	 1.000000	 1.000000	 34.193806
-82	 0.000000	 1.000000	 1.000000	 34.209923
-81	 0.000000	 1.000000	 1.000000	 34.229141
-80	 0.000000	 1.000000	 1.000000	 34.247032
-81	 0.000000	 1.000000	 1.000000	 34.262814
-83	 0.000000	 1.000000	 1.000000	 34.280342
-83	 0.000000	 1.000000	 1.000000	 34.298374
-82	 0.000000	 1.000000	 1.000000	 34.316788
-82	 0.000000	 1.000000	 1.000000	 34.336056
-83	 0.000000	 1.000000	 1.000000	 34.360004
-83	 0.000000	 1.000000	 1.000000	 34.387249
-82	 0.000000	 1.000000	 1.000000	 34.407932
-82	 0.000000	 1.000000	 1.000000	 34.493141
-82	 0.000000	 1.000000	 -nan	 34.524086
-82	 0.000000	 1.000000	 -nan	 34.541973
-82	 0.000000	 1.000000	 -nan	 34.560196
-82	 0.000000	 1.000000	 -nan	 34.578182
-82	 0.000000	 1.000000	 -nan	 34.595745
-82	 0.000000	 1.000000	 -nan	 34.611416
-80	 0.000000	 1.000000	 -nan	 34.626751
-80	 0.000000	 1.000000	 1.000000	 34.650990
-81	 0.000000	 1.000000	 1.000000	 34.682304
-82	 0.000000	 1.000000	 1.000000	 34.700245
-81	 0.000000	 1.000000	 1.000000	 34.722866
-82	 0.000000	 1.000000	 1.000000	 34.742031
-82	 0.000000	 1.000000	 1.000000	 34.759743
-82	 0.000000	 1.000000	 1.000000	 34.776638
-82	 0.000000	 1.000000	 1.000000	 34.794823
-82	 0.000000	 1.000000	 1.000000	 34.816330
-82	 0.000000	 1.000000	 1.000000	 34.836338
-80	 0.000000	 1.000000	 1.000000	 34.855270
-80	 0.000000	 1.000000	 1.000000	 34.871655
-82	 0.000000	 1.000000	 1.000000	 34.890667
-81	 0.000000	 1.000000	 1.000000	 34.922680
-81	 0.000000	 1.000000	 -nan	 34.938942
-80	 0.000000	 1.000000	 1.000000	 34.958866
-79	 0.000000	 1.000000	 1.000000	 34.975018
-80	 0.000000	 1.000000	 1.000000	 34.992249
-79	 0.000000	 1.000000	 1.000000	 35.008598
-79	 0.000000	 1.000000	 1.000000	 35.024021
-79	 0.000000	 1.000000	 1.000000	 35.041752
-79	 0.000000	 1.000000	 1.000000	 35.057804
-80	 0.000000	 1.000000	 1.000000	 35.074085
-81	 0.000000	 1.000000	 1.000000	 35.093708
-82	 0.000000	 1.000000	 1.000000	 35.112244
-82	 0.000000	 1.000000	 1.000000	 35.130234
-82	 0.000000	 1.000000	 1.000000	 35.183556
-81	 0.000000	 1.000000	 -nan	 35.199524
-81	 0.000000	 1.000000	 -nan	 35.216663
-81	 0.000000	 1.000000	 -nan	 35.236320
-81	 0.000000	 1.000000	 -nan	 35.256668
-81	 0.000000	 1.000000	 -nan	 35.287201
-82	 0.000000	 1.000000	 -nan	 35.308781
-82	 0.000000	 1.000000	 -nan	 35.336967
-82	 0.000000	 1.000000	 1.000000	 35.371899
-83	 0.000000	 1.000000	 1.000000	 35.404884
-83	 0.000000	 1.000000	 1.000000	 35.424911
-82	 0.000000	 1.000000	 1.000000	 35.444481
-81	 0.000000	 1.000000	 1.000000	 35.463661
-81	 0.000000	 1.000000	 1.000000	 35.481949
-81	 0.000000	 1.000000	 1.000000	 35.500252
-81	 0.000000	 1.000000	 1.000000	 35.520081
-81	 0.000000	 1.000000	 1.000000	 35.539974
-82	 0.000000	 1.000000	 1.000000	 35.556461
-82	 0.000000	 1.000000	 1.000000	 35.580547
-82	 0.000000	 1.000000	 1.000000	 35.599327
-83	 0.000000	 1.000000	 1.000000	 35.621696
-82	 0.000000	 1.000000	 1.000000	 35.638702
-82	 0.000000	 1.000000	 1.000000	 35.656902
-81	 0.000000	 1.000000	 1.000000	 35.675594
-82	 0.000000	 1.000000	 1.000000	 35.698208
-82	 0.000000	 1.000000	 -nan	 35.742546
-82	 0.000000	 1.000000	 -nan	 35.766960
-82	 0.000000	 1.000000	 -nan	 35.866814
-82	 0.000000	 1.000000	 -nan	 35.884365
-83	 0.000000	 1.000000	 1.000000	 35.915085
