HT40/LGI	 T	 MCS11	 48.7	97.4	 96.2	 130(135)	| 0.976096	 1.000000	 1.000000 |	-28	 0.382549
HT40/LGI	 T	 MCS11	 49.0	98.1	 99.2	 141(142)	| 0.988327	 1.000000	 1.000000 |	-29	 2.097491
HT40/LGI	 T	 MCS11	 48.5	97.0	 95.8	 137(143)	| 0.972973	 1.000000	 1.000000 |	-49	 6.049748
HT40/LGI	 T	 MCS11	 48.9	97.8	 97.9	 141(144)	| 0.983471	 1.000000	 1.000000 |	-45	 6.777924
HT40/LGI	 T	 MCS11	 48.8	97.6	 98.5	 140(142)	| 0.977860	 1.000000	 1.000000 |	-49	 7.506946
HT40/LGI	 T	 MCS11	 48.8	97.7	 97.2	 140(144)	| 0.979021	 1.000000	 1.000000 |	-49	 7.611234
HT40/LGI	 T	 MCS11	 48.8	97.7	 95.5	 129(135)	| 0.985222	 0.768473	 0.818182 |	-48	 8.673998
HT40/LGI	 T	 MCS11	 47.4	94.8	 94.8	 37(	| 0.970588	 1.000000	 1.000000 |	-68	 12.407096
HT40/LGI	 MCS11	 13.4	 26.8	0.0	 0(	 49)	| 0.000000	 1.000000	 -nan |	-74	 12.686899
HT40/LGI	 MCS11	 10.0	 20.1	0.0	 0(	 42)	| 0.000000	 1.000000	 -nan |	-72	 12.741104
HT40/LGI	 MCS11	 7.5	 15.1	0.0	 0(	 42)	| 0.000000	 1.000000	 -nan |	-73	 12.791134
HT40/LGI	 MCS11	 0.0	 9.1	31.7	 26(	 82)	| 0.000000	 1.000000	 -nan |	-72	 13.873574
HT40/LGI	 MCS11	 0.0	 5.7	0.0	 0(	 16)	| 0.000000	 1.000000	 -nan |	-76	 14.194666
HT40/LGI	 MCS11	 0.0	 3.2	0.0	 0(	 7)	| 0.000000	 1.000000	 1.000000 |	-76	 14.405860
HT40/LGI	 MCS11	 0.0	 0.4	0.0	 0(	 30)	| 0.000000	 1.000000	 1.000000 |	-73	 14.898998
HT40/LGI	 MCS11	 0.0	 0.3	0.0	 0(	 48)	| 0.000000	 1.000000	 1.000000 |	-75	 14.931790
HT40/LGI	 MCS11	 0.0	 0.2	0.0	 0(	 36)	| 0.000000	 1.000000	 1.000000 |	-73	 15.006913
HT40/LGI	 MCS11	 0.0	 0.1	0.0	 0(	 28)	| 0.000000	 1.000000	 1.000000 |	-72	 15.067014
HT40/LGI	 MCS11	 0.0	 0.1	0.0	 0(	 41)	| 0.000000	 1.000000	 1.000000 |	-74	 15.108266
HT40/LGI	 MCS11	 0.0	 0.0	0.0	 0(	 48)	| 0.000000	 1.000000	 1.000000 |	-73	 15.218741
HT40/LGI	 MCS11	 0.0	 0.0	0.0	 0(	 20)	| 0.000000	 1.000000	 1.000000 |	-73	 15.279046
HT40/LGI	 MCS11	 0.0	 2.4	0.0	 0(	 42)	| 0.000000	 1.000000	 1.000000 |	-74	 15.533216
HT40/LGI	 MCS11	 0.0	 0.0	0.0	 0(	 20)	| 0.000000	 1.000000	 1.000000 |	-78	 16.664795
HT40/LGI	 MCS11	 0.0	 0.0	0.0	 0(	 20)	| 0.000000	 1.000000	 1.000000 |	-74	 17.287905
HT40/LGI	 MCS11	 5.8	 11.7	23.9	 12(	 50)	| 0.142857	 1.000000	 1.000000 |	-69	 17.959826
HT40/LGI	 T	 MCS11	 25.2	50.5	 76.0	 92(121)	| 0.538462	 1.000000	 1.000000 |	-74	 18.287008
HT40/LGI	 T	 MCS11	 30.3	60.7	 60.2	 53(	| 0.571429	 1.000000	 1.000000 |	-72	 18.654110
HT40/LGI	 T	 MCS11	 48.7	97.5	 99.2	 139(140)	| 0.987680	 1.000000	 1.000000 |	-59	 21.454107
HT40/LGI	 T	 MCS11	 49.1	98.2	 98.5	 135(137)	| 0.984848	 1.000000	 1.000000 |	-55	 21.609772
HT40/LGI	 T	 MCS11	 49.6	99.3	 98.9	 97(	| 0.992780	 1.000000	 1.000000 |	-55	 24.491823
HT40/LGI	 T	 MCS11	 48.1	96.3	 96.5	 139(144)	| 0.961538	 1.000000	 1.000000 |	-66	 26.841530
HT40/LGI	 MCS11	 0.0	 3.7	0.0	 0(	 21)	| 0.000000	 1.000000	 1.000000 |	-76	 29.076349
HT40/LGI	 MCS11	 0.0	 2.8	0.0	 0(	 20)	| 0.000000	 1.000000	 1.000000 |	-78	 29.127146
HT40/LGI	 MCS11	 0.0	 0.6	0.0	 0(	 20)	| 0.000000	 1.000000	 1.000000 |	-76	 29.392248
HT40/LGI	 MCS11	 0.0	 0.4	0.0	 0(	 20)	| 0.000000	 1.000000	 1.000000 |	-77	 29.436323
HT40/LGI	 MCS11	 0.0	 0.0	0.0	 0(	 20)	| 0.000000	 1.000000	 1.000000 |	-80	 32.935020
HT40/LGI	 MCS11	 0.0	 0.0	0.0	 0(	 19)	| 0.000000	 1.000000	 1.000000 |	-81	 33.195141
HT40/LGI	 MCS11	 0.0	 0.0	0.0	 0(	 20)	| 0.000000	 1.000000	 1.000000 |	-81	 33.352245
HT40/LGI	 MCS11	 0.0	 0.0	0.0	 0(	 18)	| 0.000000	 1.000000	 1.000000 |	-81	 33.404350
HT40/LGI	 MCS11	 0.0	 0.0	0.0	 0(	 18)	| 0.000000	 1.000000	 1.000000 |	-83	 34.445904
HT40/LGI	 MCS11	 0.0	 0.0	0.0	 0(	 19)	| 0.111111	 1.000000	 1.000000 |	-82	 34.501862
HT40/LGI	 MCS11	 0.0	 0.0	0.0	 0(	 20)	| 0.000000	 1.000000	 1.000000 |	-78	 34.966362
HT40/LGI	 MCS11	 0.0	 0.0	0.0	 0(	 20)	| 0.000000	 1.000000	 1.000000 |	-84	 35.331074
HT40/LGI	 MCS11	 0.0	 0.0	0.0	 0(	 19)	| 0.000000	 1.000000	 1.000000 |	-85	 35.385067
HT40/LGI	 MCS11	 0.0	 0.0	0.0	 0(	 20)	| 0.000000	 1.000000	 1.000000 |	-82	 36.682961
HT40/LGI	 T	 MCS11	 16.1	32.2	 29.9	 18(	| 0.332640	 1.000000	 1.000000 |	-74	 12.445655
