-28	 0.979381	 1.000000	 1.000000	 0.086028
-27	 0.941748	 1.000000	 1.000000	 0.117544
-25	 0.964072	 1.000000	 1.000000	 0.167578
-25	 0.938144	 1.000000	 1.000000	 0.200000
-18	 0.970874	 1.000000	 1.000000	 0.260489
-27	 0.971154	 1.000000	 1.000000	 0.320746
-26	 0.981818	 1.000000	 1.000000	 0.423951
-23	 0.333333	 1.000000	 1.000000	 0.451994
-25	 0.700000	 1.000000	 1.000000	 0.465341
-24	 0.877551	 1.000000	 1.000000	 0.482509
-25	 0.931818	 1.000000	 1.000000	 0.509429
-25	 0.896552	 1.000000	 1.000000	 0.527504
-23	 0.942857	 1.000000	 1.000000	 0.559020
-22	 0.918919	 1.000000	 1.000000	 0.583538
-25	 0.993651	 1.000000	 1.000000	 0.939808
-26	 0.975410	 1.000000	 1.000000	 1.012679
-26	 0.963415	 1.000000	 1.000000	 1.064835
-27	 0.969072	 1.000000	 1.000000	 1.126598
-26	 0.978723	 1.000000	 1.000000	 1.214320
-28	 0.850000	 1.000000	 1.000000	 1.227981
-27	 0.972973	 1.000000	 1.000000	 1.295773
-28	 0.934066	 1.000000	 1.000000	 1.324352
-28	 0.921053	 1.000000	 1.000000	 1.350144
-28	 0.956522	 1.000000	 1.000000	 1.393230
-30	 0.978182	 1.000000	 1.000000	 1.476762
-30	 0.979592	 1.000000	 1.000000	 1.563664
-31	 0.911765	 1.000000	 1.000000	 1.585990
-32	 0.900000	 1.000000	 1.000000	 1.607006
-33	 0.948718	 1.000000	 1.000000	 1.643933
-32	 0.978417	 1.000000	 1.000000	 1.728743
-31	 0.973684	 1.000000	 1.000000	 1.795908
-29	 0.966292	 1.000000	 1.000000	 1.847273
-30	 0.961290	 1.000000	 1.000000	 1.894578
-30	 0.956522	 1.000000	 1.000000	 1.935774
-30	 0.975806	 1.000000	 1.000000	 2.010110
-31	 0.978182	 1.000000	 1.000000	 2.128511
-31	 0.973568	 1.000000	 1.000000	 2.197697
-31	 0.971014	 1.000000	 1.000000	 2.261521
-32	 0.966292	 1.000000	 1.000000	 2.316484
-31	 0.936170	 1.000000	 1.000000	 2.346967
-31	 0.975610	 1.000000	 1.000000	 2.421345
-32	 0.967568	 1.000000	 1.000000	 2.476740
-33	 0.977273	 1.000000	 1.000000	 2.564930
-35	 0.987603	 1.000000	 1.000000	 2.746049
-35	 0.987755	 1.000000	 1.000000	 2.915364
-35	 0.944954	 1.000000	 1.000000	 2.948776
-37	 0.976471	 1.000000	 1.000000	 3.024430
-40	 0.972222	 1.000000	 1.000000	 3.089156
-39	 0.943548	 1.000000	 1.000000	 3.127843
-39	 0.984085	 1.000000	 1.000000	 3.240153
-42	 0.955556	 1.000000	 1.000000	 3.281867
-46	 0.887097	 1.000000	 1.000000	 3.303140
-38	 0.958904	 1.000000	 1.000000	 3.345875
-36	 0.727273	 1.000000	 1.000000	 3.367795
-39	 0.968872	 1.000000	 1.000000	 3.450048
-38	 0.538462	 1.000000	 1.000000	 3.457402
-35	 0.936842	 1.000000	 1.000000	 3.485229
-38	 0.981763	 1.000000	 1.000000	 3.595657
-36	 0.953488	 1.000000	 1.000000	 3.634916
-36	 0.892857	 1.000000	 1.000000	 3.653583
-37	 0.915493	 1.000000	 1.000000	 3.676859
-43	 0.991747	 1.000000	 1.000000	 3.889939
-42	 0.944444	 1.000000	 1.000000	 3.929277
-43	 0.967568	 1.000000	 1.000000	 3.995143
-43	 0.976654	 1.000000	 1.000000	 4.072146
-44	 0.961783	 1.000000	 1.000000	 4.121161
-43	 0.959459	 1.000000	 1.000000	 4.168705
-44	 0.947368	 1.000000	 1.000000	 4.206072
-41	 0.974895	 1.000000	 1.000000	 4.282203
-44	 0.957143	 1.000000	 1.000000	 4.323283
-42	 0.825000	 1.000000	 1.000000	 4.338492
-42	 0.777778	 1.000000	 1.000000	 4.348913
-42	 0.625000	 1.000000	 1.000000	 4.356011
-43	 0.953846	 1.000000	 1.000000	 4.397503
-41	 0.930233	 1.000000	 1.000000	 4.425436
-41	 0.975904	 1.000000	 1.000000	 4.513328
-45	 0.967914	 1.000000	 1.000000	 4.577662
-41	 0.968254	 1.000000	 1.000000	 4.645194
-42	 0.739130	 1.000000	 1.000000	 4.653149
-42	 0.962264	 1.000000	 1.000000	 4.700241
-46	 0.960384	 1.000000	 1.000000	 6.034776
-46	 0.750000	 1.000000	 1.000000	 6.043803
-44	 0.945455	 1.000000	 1.000000	 6.079640
-43	 0.963415	 1.000000	 1.000000	 6.131397
-43	 0.929412	 1.000000	 1.000000	 6.159471
-43	 0.965116	 1.000000	 1.000000	 6.214414
-44	 0.964706	 1.000000	 1.000000	 6.268324
-41	 0.914286	 1.000000	 1.000000	 6.290084
-42	 0.936842	 1.000000	 1.000000	 6.321059
-40	 0.929293	 1.000000	 1.000000	 6.353716
-43	 0.955882	 1.000000	 1.000000	 6.399447
-42	 0.805556	 1.000000	 1.000000	 6.412876
-42	 0.758621	 1.000000	 1.000000	 6.423638
-44	 0.945946	 1.000000	 1.000000	 6.459853
-47	 0.975806	 1.000000	 1.000000	 6.539738
-48	 0.956204	 1.000000	 1.000000	 6.585842
-44	 0.983240	 1.000000	 1.000000	 6.697206
-44	 0.947826	 1.000000	 1.000000	 6.735431
-44	 0.986239	 1.000000	 1.000000	 6.869009
-44	 0.914286	 1.000000	 1.000000	 6.892209
-46	 0.925926	 1.000000	 1.000000	 6.918727
-46	 0.967391	 1.000000	 1.000000	 6.976346
-45	 0.967914	 1.000000	 1.000000	 7.034498
-48	 0.983051	 1.000000	 1.000000	 7.142118
-49	 0.972332	 1.000000	 1.000000	 7.217682
-45	 0.969388	 1.000000	 1.000000	 7.278719
-48	 0.968750	 1.000000	 1.000000	 7.339236
-47	 0.823529	 1.000000	 1.000000	 7.351849
-47	 0.760000	 1.000000	 1.000000	 7.361777
-49	 0.625000	 1.000000	 1.000000	 7.370395
-49	 0.125000	 1.000000	 -nan	 7.395455
-50	 0.961039	 1.000000	 1.000000	 7.444015
-50	 0.853659	 1.000000	 1.000000	 7.457612
-48	 0.416667	 1.000000	 1.000000	 7.471133
-49	 0.400000	 1.000000	 1.000000	 7.478732
-47	 0.538462	 1.000000	 1.000000	 7.485749
-48	 0.142857	 1.000000	 1.000000	 7.493640
-47	 0.142857	 1.000000	 1.000000	 7.503404
-39	 0.400000	 1.000000	 1.000000	 7.529690
-46	 0.897059	 1.000000	 -nan	 7.562508
-45	 0.611111	 1.000000	 1.000000	 7.570627
-45	 0.600000	 1.000000	 1.000000	 7.577885
-45	 0.936842	 1.000000	 1.000000	 7.608007
-46	 0.588235	 1.000000	 1.000000	 7.615259
-45	 0.769231	 1.000000	 1.000000	 7.624909
-44	 0.300000	 1.000000	 1.000000	 7.631344
-43	 0.000000	 1.000000	 -nan	 7.671744
-43	 0.250000	 1.000000	 -nan	 7.708636
-43	 0.333333	 1.000000	 -nan	 7.713847
-43	 0.877551	 1.000000	 1.000000	 7.731433
-44	 0.600000	 1.000000	 1.000000	 7.738046
-47	 0.777778	 1.000000	 1.000000	 7.762668
-49	 0.952381	 1.000000	 1.000000	 7.803005
-49	 0.944444	 1.000000	 1.000000	 7.838298
-50	 0.885246	 1.000000	 1.000000	 7.858243
-50	 0.000000	 1.000000	 -nan	 7.861554
-50	 0.000000	 1.000000	 -nan	 7.864734
-50	 0.000000	 1.000000	 -nan	 7.868949
-50	 0.000000	 1.000000	 -nan	 7.872309
-50	 0.000000	 1.000000	 -nan	 7.875557
-50	 0.000000	 1.000000	 -nan	 7.879100
-50	 0.000000	 1.000000	 1.000000	 7.882892
-50	 0.000000	 1.000000	 1.000000	 7.888736
-51	 0.000000	 1.000000	 1.000000	 7.897857
-47	 0.000000	 1.000000	 -nan	 7.902595
-49	 0.000000	 1.000000	 -nan	 7.912993
-49	 0.142857	 1.000000	 -nan	 7.917286
-48	 0.666667	 1.000000	 1.000000	 7.924040
-51	 0.967391	 1.000000	 1.000000	 7.983254
-53	 0.967742	 1.000000	 1.000000	 8.042729
-54	 0.890909	 1.000000	 1.000000	 8.062127
-55	 0.938144	 1.000000	 1.000000	 8.093096
-55	 0.684211	 1.000000	 1.000000	 8.099992
-55	 0.923077	 1.000000	 1.000000	 8.126361
-55	 0.700000	 1.000000	 1.000000	 8.133611
-55	 0.461538	 1.000000	 1.000000	 8.141550
-55	 0.400000	 1.000000	 1.000000	 8.157045
-53	 0.000000	 1.000000	 -nan	 8.180183
-53	 0.250000	 1.000000	 -nan	 8.232152
-50	 0.000000	 1.000000	 -nan	 8.253423
-51	 0.000000	 1.000000	 -nan	 8.257558
-50	 0.000000	 1.000000	 1.000000	 8.262167
-51	 0.000000	 1.000000	 1.000000	 8.266219
-51	 0.125000	 1.000000	 1.000000	 8.270394
-52	 0.631579	 1.000000	 1.000000	 8.277774
-51	 0.272727	 1.000000	 1.000000	 8.283361
-51	 0.785714	 1.000000	 1.000000	 8.293554
-52	 0.921053	 1.000000	 1.000000	 8.318329
-52	 0.769231	 1.000000	 1.000000	 8.328063
-49	 0.927835	 1.000000	 1.000000	 8.359557
-49	 0.454545	 1.000000	 -nan	 8.364114
-47	 0.928571	 1.000000	 1.000000	 8.405097
-51	 0.974249	 1.000000	 1.000000	 8.477479
-53	 0.954545	 1.000000	 1.000000	 8.519602
-53	 0.363636	 1.000000	 -nan	 8.524685
-53	 0.250000	 1.000000	 1.000000	 8.529322
-53	 0.600000	 1.000000	 -nan	 8.535774
-54	 0.785714	 1.000000	 1.000000	 8.546997
-55	 0.533333	 1.000000	 1.000000	 8.554593
-54	 0.400000	 1.000000	 1.000000	 8.560128
-55	 0.333333	 1.000000	 1.000000	 8.564455
-55	 0.571429	 1.000000	 1.000000	 8.570667
-54	 0.684211	 1.000000	 1.000000	 8.578435
-55	 0.844444	 1.000000	 1.000000	 8.594138
-55	 0.777778	 1.000000	 1.000000	 8.604325
-54	 0.700000	 1.000000	 1.000000	 8.614614
-53	 0.714286	 1.000000	 1.000000	 8.622818
-53	 0.125000	 1.000000	 -nan	 8.627417
-54	 0.333333	 1.000000	 1.000000	 8.631910
-54	 0.125000	 1.000000	 1.000000	 8.636281
-53	 0.142857	 1.000000	 1.000000	 8.640673
-54	 0.000000	 1.000000	 1.000000	 8.644353
-55	 0.857143	 1.000000	 1.000000	 8.659087
-57	 0.250000	 1.000000	 1.000000	 8.663786
-56	 0.000000	 1.000000	 1.000000	 8.667797
-56	 0.000000	 1.000000	 1.000000	 8.671584
-57	 0.000000	 1.000000	 1.000000	 8.675595
-56	 0.000000	 1.000000	 1.000000	 8.680144
-56	 0.000000	 1.000000	 -nan	 8.684031
-58	 0.000000	 1.000000	 1.000000	 8.687945
-56	 0.000000	 1.000000	 1.000000	 8.692004
-60	 0.000000	 1.000000	 1.000000	 8.696718
-60	 0.000000	 1.000000	 -nan	 8.700744
-59	 0.000000	 1.000000	 1.000000	 8.704339
-60	 0.000000	 1.000000	 1.000000	 8.708377
-58	 0.000000	 1.000000	 1.000000	 8.712095
-59	 0.000000	 1.000000	 1.000000	 8.715730
-56	 0.000000	 1.000000	 1.000000	 8.720169
-55	 0.000000	 1.000000	 1.000000	 8.723571
-56	 0.333333	 1.000000	 1.000000	 8.727376
-56	 0.933333	 1.000000	 1.000000	 8.755734
-55	 0.760000	 1.000000	 1.000000	 8.765434
-56	 0.695652	 1.000000	 1.000000	 8.774868
-56	 0.333333	 1.000000	 1.000000	 8.781081
-56	 0.272727	 1.000000	 1.000000	 8.786469
-56	 0.333333	 1.000000	 1.000000	 8.791329
-56	 0.250000	 1.000000	 -nan	 8.795463
-56	 0.739130	 1.000000	 1.000000	 8.804807
-56	 0.781250	 1.000000	 1.000000	 8.816898
-56	 0.600000	 1.000000	 1.000000	 8.823474
-55	 0.500000	 1.000000	 1.000000	 8.829299
-54	 0.416667	 1.000000	 1.000000	 8.835473
-55	 0.250000	 1.000000	 1.000000	 8.839290
-53	 0.142857	 1.000000	 1.000000	 8.844342
-54	 0.142857	 1.000000	 -nan	 8.848225
-54	 0.000000	 1.000000	 -nan	 8.851672
-53	 0.000000	 1.000000	 1.000000	 8.857467
-54	 0.250000	 1.000000	 1.000000	 8.861333
-53	 0.333333	 1.000000	 1.000000	 8.866581
-53	 0.250000	 1.000000	 -nan	 8.870482
-54	 0.000000	 1.000000	 1.000000	 8.874782
-54	 0.250000	 1.000000	 1.000000	 8.879096
-54	 0.000000	 1.000000	 1.000000	 8.883108
-54	 0.000000	 1.000000	 1.000000	 8.887167
-54	 0.000000	 1.000000	 -nan	 8.890673
-54	 0.250000	 1.000000	 1.000000	 8.895230
-56	 0.941748	 1.000000	 1.000000	 8.928057
-57	 0.952756	 1.000000	 1.000000	 8.970525
-58	 0.700000	 1.000000	 1.000000	 8.978006
-57	 0.000000	 1.000000	 1.000000	 8.982621
-57	 0.000000	 1.000000	 -nan	 8.986608
-58	 0.828571	 1.000000	 -nan	 8.998877
-56	 0.333333	 1.000000	 1.000000	 9.004004
-56	 0.000000	 1.000000	 1.000000	 9.007611
-55	 0.250000	 1.000000	 -nan	 9.011409
-58	 0.739130	 1.000000	 1.000000	 9.020225
-57	 0.333333	 1.000000	 1.000000	 9.025142
-58	 0.125000	 1.000000	 1.000000	 9.029563
-59	 0.000000	 1.000000	 1.000000	 9.042756
-59	 0.000000	 1.000000	 1.000000	 9.048705
-55	 0.000000	 1.000000	 1.000000	 9.155978
-55	 0.222222	 1.000000	 1.000000	 9.161261
-56	 0.000000	 1.000000	 1.000000	 9.164916
-54	 0.125000	 1.000000	 1.000000	 9.169221
-55	 0.000000	 1.000000	 1.000000	 9.173150
-55	 0.000000	 1.000000	 -nan	 9.176406
-55	 0.000000	 1.000000	 1.000000	 9.181018
-54	 0.000000	 1.000000	 1.000000	 9.185836
-55	 0.250000	 1.000000	 1.000000	 9.190384
-55	 0.000000	 1.000000	 1.000000	 9.194169
-55	 0.000000	 1.000000	 -nan	 9.197815
-56	 0.000000	 1.000000	 1.000000	 9.202182
-57	 0.000000	 1.000000	 1.000000	 9.205749
-57	 0.000000	 1.000000	 1.000000	 9.209567
-57	 0.000000	 1.000000	 1.000000	 9.217188
-58	 0.000000	 1.000000	 -nan	 9.220574
-56	 0.000000	 1.000000	 1.000000	 9.224144
-57	 0.000000	 1.000000	 1.000000	 9.229902
-57	 0.000000	 1.000000	 -nan	 9.233366
-57	 0.000000	 1.000000	 1.000000	 9.237953
-57	 0.000000	 1.000000	 -nan	 9.241872
-56	 0.105263	 1.000000	 1.000000	 9.252901
-58	 0.000000	 1.000000	 1.000000	 9.258709
-59	 0.000000	 1.000000	 1.000000	 9.262257
-55	 0.000000	 1.000000	 -nan	 9.266128
-60	 0.000000	 1.000000	 1.000000	 9.273290
-59	 0.000000	 1.000000	 1.000000	 9.278601
-58	 0.000000	 1.000000	 1.000000	 9.281852
-59	 0.000000	 1.000000	 1.000000	 9.285772
-59	 0.000000	 1.000000	 1.000000	 9.289569
-57	 0.000000	 1.000000	 1.000000	 9.296641
-59	 0.000000	 1.000000	 1.000000	 9.309233
-56	 0.000000	 1.000000	 1.000000	 9.314089
-57	 0.000000	 1.000000	 1.000000	 9.317951
-55	 0.000000	 1.000000	 1.000000	 9.323135
-54	 0.000000	 1.000000	 1.000000	 9.327019
-54	 0.000000	 1.000000	 1.000000	 9.330952
-55	 0.000000	 1.000000	 1.000000	 9.335283
-54	 0.000000	 1.000000	 1.000000	 9.339278
-56	 0.000000	 1.000000	 1.000000	 9.343906
-55	 0.000000	 1.000000	 1.000000	 9.347292
-55	 0.000000	 1.000000	 1.000000	 9.351178
-57	 0.000000	 1.000000	 1.000000	 9.355583
-56	 0.000000	 1.000000	 1.000000	 9.359828
-57	 0.000000	 1.000000	 1.000000	 9.363771
-54	 0.000000	 1.000000	 1.000000	 9.368543
-54	 0.142857	 1.000000	 1.000000	 9.372846
-59	 0.000000	 1.000000	 1.000000	 9.383355
-60	 0.000000	 1.000000	 1.000000	 9.417061
-63	 0.000000	 1.000000	 1.000000	 9.434694
-64	 0.000000	 1.000000	 1.000000	 9.455071
-64	 0.000000	 1.000000	 1.000000	 9.461358
-61	 0.000000	 1.000000	 1.000000	 9.515212
-59	 0.000000	 1.000000	 1.000000	 9.520610
-59	 0.000000	 1.000000	 1.000000	 9.537687
-54	 0.000000	 1.000000	 1.000000	 9.567776
-55	 0.000000	 1.000000	 1.000000	 9.575893
-55	 0.000000	 1.000000	 1.000000	 9.602940
-57	 0.000000	 1.000000	 1.000000	 9.618717
-57	 0.000000	 1.000000	 -nan	 9.622097
-57	 0.000000	 1.000000	 -nan	 9.625136
-55	 0.000000	 1.000000	 1.000000	 9.629065
-55	 0.000000	 1.000000	 -nan	 9.632906
-55	 0.000000	 1.000000	 -nan	 9.636882
-56	 0.000000	 1.000000	 1.000000	 9.650369
-59	 0.000000	 1.000000	 1.000000	 9.654582
-58	 0.000000	 1.000000	 1.000000	 9.659462
-58	 0.000000	 1.000000	 1.000000	 9.663331
-59	 0.000000	 1.000000	 1.000000	 9.667387
-59	 0.000000	 1.000000	 1.000000	 9.670777
-60	 0.000000	 1.000000	 1.000000	 9.674814
-57	 0.000000	 1.000000	 1.000000	 9.679210
-60	 0.000000	 1.000000	 1.000000	 9.682648
-56	 0.000000	 1.000000	 1.000000	 9.686521
-58	 0.000000	 1.000000	 1.000000	 9.691119
-56	 0.000000	 1.000000	 1.000000	 9.694673
-58	 0.000000	 1.000000	 1.000000	 9.698672
-57	 0.000000	 1.000000	 1.000000	 9.702995
-58	 0.000000	 1.000000	 1.000000	 9.706905
-58	 0.000000	 1.000000	 1.000000	 9.709912
-60	 0.000000	 1.000000	 1.000000	 9.713541
-62	 0.000000	 1.000000	 1.000000	 9.717915
-62	 0.000000	 1.000000	 -nan	 9.723165
-61	 0.000000	 1.000000	 -nan	 9.728197
-61	 0.000000	 1.000000	 -nan	 9.731891
-60	 0.000000	 1.000000	 -nan	 9.735855
-60	 0.000000	 1.000000	 -nan	 9.739835
-59	 0.000000	 1.000000	 -nan	 9.743664
-60	 0.000000	 1.000000	 -nan	 9.748678
-60	 0.000000	 1.000000	 -nan	 9.754275
-61	 0.000000	 1.000000	 -nan	 9.758284
-61	 0.000000	 1.000000	 -nan	 9.762775
-60	 0.000000	 1.000000	 1.000000	 9.767956
-60	 0.000000	 1.000000	 -nan	 9.770956
-61	 0.000000	 1.000000	 1.000000	 9.775350
-58	 0.000000	 1.000000	 1.000000	 9.778717
-60	 0.000000	 1.000000	 1.000000	 9.785011
-62	 0.000000	 1.000000	 1.000000	 9.788781
-58	 0.000000	 1.000000	 1.000000	 9.792964
-57	 0.000000	 1.000000	 1.000000	 9.798863
-58	 0.000000	 1.000000	 1.000000	 9.803110
-58	 0.000000	 1.000000	 1.000000	 9.806998
-58	 0.000000	 1.000000	 1.000000	 9.811459
-58	 0.000000	 1.000000	 1.000000	 9.815998
-59	 0.000000	 1.000000	 1.000000	 9.820226
-61	 0.000000	 1.000000	 1.000000	 9.823275
-62	 0.142857	 1.000000	 1.000000	 9.827728
-56	 0.000000	 1.000000	 1.000000	 9.852521
-56	 0.000000	 1.000000	 1.000000	 9.861486
-57	 0.000000	 1.000000	 1.000000	 9.925977
-59	 0.000000	 1.000000	 1.000000	 9.971557
-61	 0.000000	 1.000000	 1.000000	 10.005046
-61	 0.000000	 1.000000	 1.000000	 10.012330
-65	 0.000000	 1.000000	 1.000000	 10.032696
-65	 0.000000	 1.000000	 1.000000	 10.049805
-61	 0.000000	 1.000000	 1.000000	 10.107603
-61	 0.000000	 1.000000	 -nan	 10.111965
-61	 0.000000	 1.000000	 -nan	 10.115078
-61	 0.000000	 1.000000	 -nan	 10.121768
-61	 0.000000	 1.000000	 1.000000	 10.125876
-65	 0.000000	 1.000000	 1.000000	 10.134974
-58	 0.000000	 1.000000	 1.000000	 10.139054
-58	 0.111111	 1.000000	 -nan	 10.143908
-60	 0.000000	 1.000000	 1.000000	 10.173999
-59	 0.000000	 1.000000	 1.000000	 10.199741
-63	 0.000000	 1.000000	 1.000000	 10.220690
-63	 0.000000	 1.000000	 -nan	 10.230976
-63	 0.000000	 1.000000	 1.000000	 10.241811
-59	 0.000000	 1.000000	 1.000000	 10.272611
-59	 0.000000	 1.000000	 -nan	 10.284444
-59	 0.000000	 1.000000	 1.000000	 10.307493
-57	 0.000000	 1.000000	 1.000000	 10.333795
-60	 0.000000	 1.000000	 1.000000	 10.408514
-60	 0.000000	 1.000000	 1.000000	 10.443880
-63	 0.000000	 1.000000	 1.000000	 10.458978
-64	 0.000000	 1.000000	 1.000000	 10.472589
-64	 0.000000	 1.000000	 1.000000	 10.482085
-66	 0.000000	 1.000000	 1.000000	 10.557917
-65	 0.000000	 1.000000	 1.000000	 10.580789
-63	 0.000000	 1.000000	 1.000000	 10.604806
-64	 0.000000	 1.000000	 1.000000	 10.630541
-63	 0.000000	 1.000000	 1.000000	 10.644317
-65	 0.000000	 1.000000	 1.000000	 10.850594
-79	 0.000000	 1.000000	 1.000000	 12.448823
-74	 0.000000	 1.000000	 1.000000	 12.488638
-71	 0.000000	 1.000000	 1.000000	 12.544469
-75	 0.000000	 1.000000	 1.000000	 12.636867
-74	 0.000000	 1.000000	 1.000000	 12.684225
-74	 0.000000	 1.000000	 1.000000	 12.801830
-77	 0.000000	 1.000000	 1.000000	 12.853904
-77	 0.000000	 1.000000	 1.000000	 12.905967
-73	 0.000000	 1.000000	 1.000000	 13.097178
-73	 0.000000	 1.000000	 1.000000	 13.127197
-73	 0.000000	 1.000000	 1.000000	 13.149921
-72	 0.000000	 1.000000	 1.000000	 13.335141
-77	 0.000000	 1.000000	 1.000000	 13.518507
-78	 0.000000	 1.000000	 1.000000	 13.613203
-78	 0.000000	 1.000000	 1.000000	 13.685492
-79	 0.000000	 1.000000	 1.000000	 13.790598
-74	 0.000000	 1.000000	 1.000000	 13.963596
-75	 0.000000	 1.000000	 1.000000	 13.978465
-78	 0.000000	 1.000000	 1.000000	 14.074741
-81	 0.000000	 1.000000	 1.000000	 14.184650
-80	 0.000000	 1.000000	 1.000000	 14.245507
-78	 0.000000	 1.000000	 1.000000	 14.468115
-78	 0.000000	 1.000000	 1.000000	 14.615329
-77	 0.000000	 1.000000	 1.000000	 14.833181
-73	 0.000000	 1.000000	 1.000000	 15.113524
-75	 0.000000	 1.000000	 1.000000	 15.148015
-72	 0.000000	 1.000000	 1.000000	 15.170984
-75	 0.000000	 1.000000	 1.000000	 15.208712
-76	 0.000000	 1.000000	 1.000000	 15.256275
-76	 0.000000	 1.000000	 1.000000	 15.296272
-76	 0.000000	 1.000000	 1.000000	 15.361820
-69	 0.000000	 1.000000	 1.000000	 15.506703
-69	 0.000000	 1.000000	 1.000000	 15.714757
-71	 0.000000	 1.000000	 1.000000	 15.789236
-69	 0.000000	 1.000000	 1.000000	 15.868635
-72	 0.000000	 1.000000	 1.000000	 15.968303
-76	 0.000000	 1.000000	 1.000000	 16.078979
-73	 0.000000	 1.000000	 1.000000	 16.118464
-72	 0.000000	 1.000000	 1.000000	 16.398102
-72	 0.000000	 1.000000	 1.000000	 16.413185
-70	 0.000000	 1.000000	 1.000000	 16.556231
-71	 0.000000	 1.000000	 1.000000	 16.694048
-69	 0.000000	 1.000000	 1.000000	 16.789076
-64	 0.000000	 -0.375000	 0.555556	 19.304447
-66	 0.250000	 1.000000	 1.000000	 19.320312
-66	 0.142857	 1.000000	 1.000000	 19.335629
-66	 0.000000	 1.000000	 1.000000	 19.350895
-64	 0.250000	 1.000000	 1.000000	 19.366949
-63	 0.000000	 1.000000	 1.000000	 19.381811
-64	 0.142857	 1.000000	 1.000000	 19.397896
-59	 0.000000	 1.000000	 -nan	 19.413059
-61	 0.000000	 1.000000	 1.000000	 19.429792
-61	 0.000000	 1.000000	 1.000000	 19.446705
-61	 0.000000	 1.000000	 1.000000	 19.463062
-62	 0.250000	 1.000000	 1.000000	 19.479044
-61	 0.000000	 1.000000	 1.000000	 19.497208
-63	 0.000000	 1.000000	 1.000000	 19.511562
-62	 0.000000	 1.000000	 1.000000	 19.526722
-64	 0.000000	 1.000000	 1.000000	 19.540527
-64	 0.000000	 1.000000	 1.000000	 19.556271
-64	 0.000000	 1.000000	 1.000000	 19.572092
-64	 0.000000	 1.000000	 1.000000	 19.588081
-64	 0.000000	 1.000000	 1.000000	 19.601871
-63	 0.000000	 1.000000	 1.000000	 19.617611
-63	 0.000000	 1.000000	 1.000000	 19.632273
-60	 0.000000	 1.000000	 1.000000	 19.646482
-61	 0.000000	 1.000000	 1.000000	 19.662109
-61	 0.000000	 1.000000	 1.000000	 19.676056
-62	 0.000000	 1.000000	 1.000000	 19.692879
-62	 0.000000	 1.000000	 1.000000	 19.707640
-63	 0.000000	 1.000000	 1.000000	 19.721663
-64	 0.000000	 1.000000	 1.000000	 19.738220
-58	 0.000000	 1.000000	 1.000000	 19.754971
-58	 0.000000	 1.000000	 1.000000	 19.770290
-59	 0.000000	 1.000000	 1.000000	 19.785652
-59	 0.000000	 1.000000	 1.000000	 19.799807
-53	 0.000000	 1.000000	 -nan	 19.815025
-53	 0.000000	 1.000000	 -nan	 19.829121
-57	 0.142857	 1.000000	 1.000000	 19.844885
-55	 0.142857	 1.000000	 1.000000	 19.859871
-55	 0.142857	 1.000000	 1.000000	 19.875168
-55	 0.454545	 1.000000	 1.000000	 19.891298
-57	 0.250000	 1.000000	 1.000000	 19.907364
-58	 0.000000	 1.000000	 1.000000	 19.922785
-59	 0.000000	 1.000000	 1.000000	 19.937510
-61	 0.000000	 1.000000	 1.000000	 19.952168
-59	 0.000000	 1.000000	 1.000000	 19.967884
-59	 0.000000	 1.000000	 1.000000	 19.982298
-59	 0.142857	 1.000000	 1.000000	 19.997356
-60	 0.000000	 1.000000	 1.000000	 20.012163
-60	 0.000000	 1.000000	 1.000000	 20.030054
-61	 0.000000	 1.000000	 1.000000	 20.044519
-62	 0.000000	 1.000000	 1.000000	 20.059181
-59	 0.000000	 1.000000	 1.000000	 20.075018
-61	 0.000000	 1.000000	 1.000000	 20.090338
-59	 0.000000	 1.000000	 1.000000	 20.104160
-51	 0.142857	 1.000000	 1.000000	 20.119886
-58	 0.000000	 1.000000	 1.000000	 20.134935
-59	 0.142857	 1.000000	 1.000000	 20.150160
-57	 0.000000	 1.000000	 1.000000	 20.165209
-59	 0.000000	 1.000000	 1.000000	 20.180861
-59	 0.142857	 1.000000	 1.000000	 20.197260
-58	 0.000000	 1.000000	 1.000000	 20.212107
-58	 0.611111	 1.000000	 1.000000	 20.232639
-58	 0.250000	 1.000000	 1.000000	 20.249493
-58	 0.000000	 1.000000	 1.000000	 20.263807
-57	 0.000000	 1.000000	 1.000000	 20.278927
-58	 0.000000	 1.000000	 1.000000	 20.293756
-59	 0.000000	 1.000000	 1.000000	 20.311817
-58	 0.000000	 1.000000	 1.000000	 20.328743
-57	 0.222222	 1.000000	 1.000000	 20.345192
-57	 0.951219	 1.000000	 1.000000	 20.392015
-59	 0.666667	 1.000000	 1.000000	 20.399754
-58	 0.600000	 1.000000	 1.000000	 20.412025
-57	 0.142857	 1.000000	 1.000000	 20.425219
-56	 0.125000	 1.000000	 1.000000	 20.441507
-56	 0.666667	 1.000000	 1.000000	 20.452999
-56	 0.333333	 1.000000	 1.000000	 20.458792
-57	 0.666667	 1.000000	 1.000000	 20.469494
-57	 0.250000	 1.000000	 1.000000	 20.474545
-55	 0.866667	 1.000000	 1.000000	 20.490023
-57	 0.837838	 1.000000	 1.000000	 20.502119
-57	 0.916667	 1.000000	 1.000000	 20.524637
-56	 0.806452	 1.000000	 1.000000	 20.536278
-56	 0.625000	 1.000000	 1.000000	 20.543192
-57	 0.625000	 1.000000	 1.000000	 20.549282
-56	 0.877551	 1.000000	 1.000000	 20.564541
-57	 0.971963	 1.000000	 1.000000	 20.628485
-57	 0.806452	 1.000000	 1.000000	 20.641237
-57	 0.760000	 1.000000	 1.000000	 20.651047
-57	 0.600000	 1.000000	 1.000000	 20.663582
-55	 0.250000	 1.000000	 1.000000	 20.669338
-58	 0.538462	 1.000000	 1.000000	 20.681499
-56	 0.454545	 1.000000	 1.000000	 20.691418
-56	 0.416667	 1.000000	 1.000000	 20.698448
-58	 0.384615	 1.000000	 1.000000	 20.705809
-59	 0.400000	 1.000000	 1.000000	 20.716625
-57	 0.142857	 1.000000	 1.000000	 20.723434
-57	 0.500000	 1.000000	 1.000000	 20.736176
-56	 0.500000	 1.000000	 -nan	 20.745218
-56	 0.500000	 1.000000	 -nan	 20.752632
-55	 0.400000	 1.000000	 -nan	 20.768885
-57	 0.400000	 1.000000	 -nan	 20.774799
-56	 0.400000	 1.000000	 -nan	 20.788446
-56	 0.875000	 1.000000	 1.000000	 20.804546
-55	 0.860465	 1.000000	 1.000000	 20.818768
-56	 0.946903	 1.000000	 1.000000	 20.854128
-56	 0.727273	 1.000000	 1.000000	 20.863035
-56	 0.333333	 1.000000	 1.000000	 20.877087
-56	 0.000000	 1.000000	 1.000000	 20.911909
-56	 0.714286	 1.000000	 1.000000	 20.930557
-54	 0.777778	 1.000000	 1.000000	 20.942226
-54	 0.727273	 1.000000	 1.000000	 20.950636
-54	 0.800000	 1.000000	 1.000000	 20.960875
-54	 0.625000	 1.000000	 1.000000	 20.967813
-55	 0.666667	 1.000000	 1.000000	 20.981785
-58	 0.454545	 1.000000	 1.000000	 21.006393
-57	 0.250000	 1.000000	 1.000000	 21.010683
-54	 0.888889	 1.000000	 1.000000	 21.028784
-58	 0.936842	 1.000000	 1.000000	 21.057894
-61	 0.953846	 1.000000	 1.000000	 21.106482
-58	 0.760000	 1.000000	 1.000000	 21.118731
-56	 0.333333	 1.000000	 1.000000	 21.124918
-55	 0.714286	 1.000000	 1.000000	 21.134624
-54	 0.142857	 1.000000	 1.000000	 21.155653
-53	 0.837838	 1.000000	 1.000000	 21.172976
-54	 0.828571	 1.000000	 1.000000	 21.197805
-56	 0.000000	 1.000000	 1.000000	 21.216188
-53	 0.142857	 1.000000	 1.000000	 21.259033
-55	 0.000000	 1.000000	 1.000000	 21.313011
-53	 0.957447	 1.000000	 1.000000	 21.357210
-54	 0.900000	 1.000000	 1.000000	 21.376305
-54	 0.760000	 1.000000	 1.000000	 21.385330
-54	 0.454545	 1.000000	 1.000000	 21.399757
-54	 0.300000	 1.000000	 1.000000	 21.417618
-54	 0.500000	 1.000000	 1.000000	 21.424519
-53	 0.588235	 1.000000	 1.000000	 21.431299
-54	 0.538462	 1.000000	 -nan	 21.437450
-54	 0.910448	 1.000000	 1.000000	 21.458260
-51	 0.969849	 1.000000	 1.000000	 21.516251
-52	 0.945455	 1.000000	 1.000000	 21.551580
-54	 0.454545	 1.000000	 1.000000	 21.559656
-53	 0.921053	 1.000000	 1.000000	 21.583990
-54	 0.906667	 1.000000	 1.000000	 21.607704
-51	 0.897059	 1.000000	 1.000000	 21.629177
-52	 0.777778	 1.000000	 1.000000	 21.638271
-50	 0.739130	 1.000000	 -nan	 21.646420
-52	 0.769231	 1.000000	 1.000000	 21.657082
-52	 0.684211	 1.000000	 1.000000	 21.664270
-53	 0.300000	 1.000000	 1.000000	 21.690897
-53	 0.500000	 1.000000	 1.000000	 21.699781
-54	 0.739130	 1.000000	 1.000000	 21.708786
-49	 0.571429	 1.000000	 1.000000	 21.727098
-48	 0.454545	 1.000000	 1.000000	 21.738935
-45	 0.857143	 1.000000	 1.000000	 21.754181
-45	 0.333333	 1.000000	 1.000000	 21.761959
-46	 0.125000	 1.000000	 1.000000	 21.791336
-50	 0.500000	 1.000000	 1.000000	 21.797537
-51	 0.894737	 1.000000	 1.000000	 21.818254
-47	 0.142857	 1.000000	 1.000000	 21.839405
-46	 0.727273	 1.000000	 -nan	 21.848217
-46	 0.666667	 1.000000	 1.000000	 21.870745
-46	 0.684211	 1.000000	 1.000000	 21.890337
-53	 0.903226	 1.000000	 1.000000	 21.912565
-53	 0.250000	 1.000000	 1.000000	 21.929497
-49	 0.901639	 1.000000	 1.000000	 21.968981
-55	 0.000000	 1.000000	 -nan	 22.017057
-58	 0.333333	 1.000000	 -nan	 22.032270
-56	 0.600000	 1.000000	 -nan	 22.041792
-41	 0.333333	 1.000000	 1.000000	 22.073549
-48	 0.571429	 1.000000	 -nan	 22.093325
-48	 0.571429	 1.000000	 -nan	 22.099951
-48	 0.250000	 1.000000	 -nan	 22.103859
-48	 0.850000	 1.000000	 1.000000	 22.119410
-49	 0.750000	 1.000000	 1.000000	 22.128445
-50	 0.666667	 1.000000	 1.000000	 22.138557
-52	 0.538462	 1.000000	 1.000000	 22.160072
-54	 0.818182	 1.000000	 1.000000	 22.182320
-53	 0.882353	 1.000000	 1.000000	 22.198561
-51	 0.714286	 1.000000	 1.000000	 22.207735
-49	 0.000000	 1.000000	 1.000000	 22.243826
-49	 0.400000	 1.000000	 1.000000	 22.252182
-50	 0.850000	 1.000000	 1.000000	 22.266546
-51	 0.828571	 1.000000	 1.000000	 22.281345
-53	 0.538462	 1.000000	 1.000000	 22.287603
-52	 0.222222	 1.000000	 -nan	 22.292896
-53	 0.785714	 1.000000	 1.000000	 22.304882
-52	 0.769231	 1.000000	 1.000000	 22.314669
-51	 0.619048	 1.000000	 1.000000	 22.324810
-50	 0.142857	 1.000000	 1.000000	 22.343502
-49	 0.142857	 1.000000	 -nan	 22.382547
-50	 0.250000	 1.000000	 -nan	 22.392250
-50	 0.793103	 1.000000	 -nan	 22.404169
-50	 0.800000	 1.000000	 1.000000	 22.418039
-52	 0.681818	 1.000000	 1.000000	 22.426563
-51	 0.571429	 1.000000	 1.000000	 22.454617
-51	 0.142857	 1.000000	 1.000000	 22.473639
-50	 0.647059	 1.000000	 1.000000	 22.480841
-51	 0.454545	 1.000000	 1.000000	 22.486265
-52	 0.818182	 1.000000	 1.000000	 22.499056
-51	 0.806452	 1.000000	 1.000000	 22.535776
-51	 0.000000	 1.000000	 1.000000	 22.579401
-51	 0.000000	 1.000000	 1.000000	 22.619081
-53	 0.142857	 1.000000	 1.000000	 22.651745
-54	 0.571429	 1.000000	 1.000000	 22.671009
-51	 0.684211	 1.000000	 1.000000	 22.690422
-52	 0.142857	 1.000000	 -nan	 22.704971
-53	 0.000000	 1.000000	 -nan	 22.742363
-49	 0.000000	 1.000000	 -nan	 22.788916
-50	 0.000000	 1.000000	 -nan	 22.836847
-38	 0.000000	 1.000000	 -nan	 22.887568
-50	 0.000000	 1.000000	 -nan	 22.939951
-39	 0.000000	 1.000000	 -nan	 22.991135
-47	 0.000000	 1.000000	 -nan	 23.040133
-43	 0.000000	 1.000000	 -nan	 23.096340
-48	 0.000000	 1.000000	 -nan	 23.143927
-43	 0.000000	 1.000000	 -nan	 23.197464
-54	 0.000000	 1.000000	 -nan	 23.248299
-57	 0.000000	 1.000000	 -nan	 23.294584
-60	 0.000000	 1.000000	 1.000000	 23.344540
-59	 0.000000	 1.000000	 1.000000	 23.371872
-58	 0.000000	 1.000000	 1.000000	 23.416780
-61	 0.000000	 1.000000	 1.000000	 23.454367
-55	 0.000000	 1.000000	 1.000000	 23.504957
-65	 0.000000	 1.000000	 1.000000	 23.555735
-66	 0.000000	 1.000000	 1.000000	 23.600674
-63	 0.000000	 1.000000	 1.000000	 23.627798
-61	 0.000000	 1.000000	 1.000000	 23.643009
-64	 0.000000	 1.000000	 1.000000	 23.658161
-62	 0.000000	 1.000000	 1.000000	 23.672272
-64	 0.000000	 1.000000	 1.000000	 23.687569
-74	 0.000000	 1.000000	 1.000000	 24.987341
-73	 0.000000	 1.000000	 1.000000	 25.000662
-73	 0.000000	 1.000000	 1.000000	 25.015200
-73	 0.000000	 1.000000	 1.000000	 25.029633
-74	 0.000000	 1.000000	 1.000000	 25.044767
-67	 0.000000	 1.000000	 1.000000	 25.060570
-70	 0.000000	 1.000000	 1.000000	 25.075237
-69	 0.000000	 1.000000	 1.000000	 25.089716
-68	 0.000000	 1.000000	 1.000000	 25.104816
-70	 0.000000	 1.000000	 1.000000	 25.119583
-70	 0.000000	 1.000000	 1.000000	 25.134880
-72	 0.000000	 1.000000	 1.000000	 25.149693
-70	 0.000000	 1.000000	 1.000000	 25.164854
-72	 0.000000	 1.000000	 1.000000	 25.180149
-70	 0.000000	 1.000000	 1.000000	 25.195902
-73	 0.000000	 1.000000	 1.000000	 25.213146
-72	 0.000000	 1.000000	 1.000000	 25.228188
-67	 0.000000	 1.000000	 1.000000	 25.244135
-73	 0.000000	 1.000000	 1.000000	 25.259109
-75	 0.000000	 1.000000	 1.000000	 25.274145
-78	 0.000000	 1.000000	 1.000000	 25.289669
-78	 0.000000	 1.000000	 1.000000	 25.303633
-74	 0.000000	 1.000000	 1.000000	 25.319597
-73	 0.000000	 1.000000	 1.000000	 25.333805
-76	 0.000000	 1.000000	 1.000000	 25.349209
-76	 0.000000	 1.000000	 1.000000	 25.364014
-74	 0.000000	 1.000000	 1.000000	 25.381390
-72	 0.000000	 1.000000	 1.000000	 25.395994
-71	 0.000000	 1.000000	 1.000000	 25.410885
-71	 0.000000	 1.000000	 1.000000	 25.426165
-72	 0.000000	 1.000000	 1.000000	 25.440178
-75	 0.000000	 1.000000	 1.000000	 25.455059
-77	 0.000000	 1.000000	 1.000000	 25.469999
-74	 0.000000	 1.000000	 1.000000	 25.484957
-72	 0.000000	 1.000000	 1.000000	 25.500305
-75	 0.000000	 1.000000	 1.000000	 25.515024
-75	 0.000000	 1.000000	 1.000000	 25.530258
-74	 0.000000	 1.000000	 1.000000	 25.545578
-75	 0.142857	 1.000000	 1.000000	 25.565119
-76	 0.000000	 1.000000	 1.000000	 25.622681
-74	 0.000000	 1.000000	 1.000000	 25.691254
-76	 0.000000	 1.000000	 1.000000	 25.738428
-74	 0.000000	 1.000000	 1.000000	 25.916063
-74	 0.000000	 1.000000	 1.000000	 26.055555
-74	 0.000000	 1.000000	 1.000000	 26.162161
-73	 0.000000	 1.000000	 1.000000	 26.197664
-74	 0.000000	 1.000000	 1.000000	 26.245440
-76	 0.000000	 1.000000	 1.000000	 26.432093
-77	 0.000000	 1.000000	 1.000000	 26.599773
-73	 0.000000	 1.000000	 1.000000	 26.619621
-77	 0.000000	 1.000000	 1.000000	 26.652336
-78	 0.000000	 1.000000	 1.000000	 26.797607
-75	 0.000000	 1.000000	 1.000000	 26.885489
-73	 0.000000	 1.000000	 1.000000	 26.934343
-72	 0.000000	 1.000000	 1.000000	 26.971981
-74	 0.000000	 1.000000	 1.000000	 27.035141
-76	 0.000000	 1.000000	 1.000000	 27.055588
-74	 0.000000	 1.000000	 1.000000	 27.089447
-73	 0.000000	 1.000000	 1.000000	 27.168760
-77	 0.000000	 1.000000	 1.000000	 27.220985
-77	 0.000000	 1.000000	 1.000000	 27.236036
-75	 0.000000	 1.000000	 1.000000	 27.388548
-76	 0.000000	 1.000000	 1.000000	 27.456987
-75	 0.000000	 1.000000	 1.000000	 27.488960
-77	 0.000000	 1.000000	 1.000000	 27.586397
-77	 0.000000	 1.000000	 1.000000	 27.697287
-76	 0.000000	 1.000000	 1.000000	 27.722342
-76	 0.000000	 1.000000	 1.000000	 27.754618
-80	 0.000000	 1.000000	 1.000000	 27.988819
-76	 0.111111	 1.000000	 1.000000	 28.065683
