HT40/LGI	 T	 MCS13	 62.2	97.1	 97.6	 82(	| 0.978182	 1.000000	 1.000000 |	-31	 2.128511
HT40/LGI	 T	 MCS13	 62.2	97.1	 96.6	 171(177)	| 0.984085	 1.000000	 1.000000 |	-39	 3.240153
HT40/LGI	 T	 MCS13	 61.7	96.2	 97.1	 173(178)	| 0.976654	 1.000000	 1.000000 |	-43	 4.072146
HT40/LGI	 T	 MCS13	 60.9	95.0	 95.0	 172(181)	| 0.962264	 1.000000	 1.000000 |	-42	 4.700241
HT40/LGI	 T	 MCS13	 61.2	95.5	 98.8	 167(169)	| 0.960384	 1.000000	 1.000000 |	-46	 6.034776
HT40/LGI	 T	 MCS13	 60.5	94.5	 98.1	 160(163)	| 0.975806	 1.000000	 1.000000 |	-47	 6.539738
HT40/LGI	 T	 MCS13	 61.7	96.3	 97.6	 167(171)	| 0.983240	 1.000000	 1.000000 |	-44	 6.697206
HT40/LGI	 MCS13	 20.0	 31.2	3.8	 3(	 77)	| 0.000000	 1.000000	 1.000000 |	-56	 9.164916
HT40/LGI	 MCS13	 15.5	 24.3	3.6	 3(	 83)	| 0.000000	 1.000000	 1.000000 |	-57	 9.217188
HT40/LGI	 MCS13	 6.7	 10.5	0.0	 0(	 84)	| 0.142857	 1.000000	 1.000000 |	-54	 9.372846
HT40/LGI	 MCS13	 0.0	 0.3	0.0	 0(	 62)	| 0.000000	 1.000000	 1.000000 |	-61	 10.005046
HT40/LGI	 MCS13	 0.0	 0.2	0.0	 0(	 78)	| 0.000000	 1.000000	 1.000000 |	-61	 10.107603
HT40/LGI	 MCS13	 0.0	 0.0	0.0	 0(	 75)	| 0.000000	 1.000000	 1.000000 |	-64	 10.472589
HT40/LGI	 MCS13	 0.0	 0.0	0.0	 0(	 20)	| 0.000000	 1.000000	 1.000000 |	-73	 13.097178
HT40/LGI	 MCS13	 0.0	 0.0	0.0	 0(	 21)	| 0.000000	 1.000000	 1.000000 |	-73	 13.149921
HT40/LGI	 MCS13	 0.0	 0.0	0.0	 0(	 21)	| 0.000000	 1.000000	 1.000000 |	-69	 16.789076
HT40/LGI	 MCS13	 0.0	 0.0	0.0	 0(	 20)	| 0.000000	 1.000000	 -nan |	-59	 19.413059
HT40/LGI	 MCS13	 0.0	 0.0	0.0	 0(	 21)	| 0.000000	 1.000000	 -nan |	-53	 19.829121
HT40/LGI	 T	 MCS13	 23.0	35.9	 91.7	 134(146)	| 0.666667	 1.000000	 1.000000 |	-59	 20.399754
HT40/LGI	 T	 MCS13	 23.5	36.7	 39.1	 36(	| 0.666667	 1.000000	 1.000000 |	-56	 20.452999
HT40/LGI	 T	 MCS13	 38.6	60.2	 81.5	 146(179)	| 0.454545	 1.000000	 1.000000 |	-54	 21.399757
HT40/LGI	 T	 MCS13	 49.9	77.9	 87.7	 151(172)	| 0.906667	 1.000000	 1.000000 |	-54	 21.607704
HT40/LGI	 T	 MCS13	 50.9	79.4	 84.0	 153(182)	| 0.769231	 1.000000	 1.000000 |	-52	 21.657082
HT40/LGI	 T	 MCS13	 46.6	72.8	 52.8	 64(121)	| 0.739130	 1.000000	 1.000000 |	-54	 21.708786
HT40/LGI	 T	 MCS13	 44.7	69.8	 60.9	 75(123)	| 0.333333	 1.000000	 1.000000 |	-45	 21.761959
HT40/LGI	 T	 MCS13	 32.2	50.3	 66.8	 99(148)	| 0.750000	 1.000000	 1.000000 |	-49	 22.128445
HT40/LGI	 T	 MCS13	 37.4	58.3	 60.3	 96(159)	| 0.142857	 1.000000	 1.000000 |	-50	 22.343502
HT40/LGI	 MCS13	 0.0	 8.7	0.0	 0(	 49)	| 0.000000	 1.000000	 -nan |	-39	 22.991135
HT40/LGI	 MCS13	 0.0	 0.6	0.0	 0(	 49)	| 0.000000	 1.000000	 1.000000 |	-55	 23.504957
HT40/LGI	 MCS13	 0.0	 0.0	0.0	 0(	 20)	| 0.000000	 1.000000	 1.000000 |	-64	 23.687569
HT40/LGI	 MCS13	 0.0	 0.0	0.0	 0(	 21)	| 0.000000	 1.000000	 1.000000 |	-73	 25.015200
HT40/LGI	 MCS13	 0.0	 0.0	0.0	 0(	 21)	| 0.000000	 1.000000	 1.000000 |	-75	 25.274145
HT40/LGI	 MCS13	 0.0	 0.0	0.0	 0(	 21)	| 0.000000	 1.000000	 1.000000 |	-75	 26.885489
HT40/LGI	 MCS13	 0.0	 0.0	0.0	 0(	 21)	| 0.000000	 1.000000	 1.000000 |	-76	 27.722342
HT40/LGI	 T	 MCS13	 62.9	98.1	 100.0	 58(	| 0.000000	 1.000000	 1.000000 |	-18	 0.192466
HT40/LGI	 T	 MCS13	 62.8	98.0	 97.5	 79(	| 0.142857	 1.000000	 1.000000 |	-18	 0.244870
HT40/LGI	 T	 MCS13	 62.2	97.0	 94.2	 66(	| 0.125000	 1.000000	 1.000000 |	-29	 0.296469
HT40/LGI	 T	 MCS13	 57.6	89.9	 93.5	 87(	| 0.000000	 1.000000	 1.000000 |	-25	 0.505182
HT40/LGI	 T	 MCS13	 59.2	92.4	 100.0	 87(	| 0.000000	 1.000000	 1.000000 |	-24	 0.557112
HT40/LGI	 T	 MCS13	 60.4	94.3	 100.0	 88(	| 0.000000	 1.000000	 1.000000 |	-26	 0.608744
HT40/LGI	 T	 MCS13	 62.4	97.4	 97.9	 49(	| 0.000000	 1.000000	 1.000000 |	-26	 0.656507
HT40/LGI	 T	 MCS13	 62.7	97.9	 97.8	 89(	| 0.000000	 1.000000	 1.000000 |	-32	 2.143755
HT40/LGI	 T	 MCS13	 62.7	97.9	 97.2	 72(	| 0.142857	 1.000000	 1.000000 |	-33	 2.249468
HT40/LGI	 T	 MCS13	 63.1	98.5	 98.8	 86(	| 0.400000	 1.000000	 1.000000 |	-36	 2.353128
HT40/LGI	 T	 MCS13	 62.2	97.1	 92.7	 77(	| 0.142857	 1.000000	 1.000000 |	-33	 2.456701
HT40/LGI	 T	 MCS13	 61.3	95.7	 92.2	 83(	| 0.142857	 1.000000	 1.000000 |	-35	 2.559880
HT40/LGI	 T	 MCS13	 61.7	96.4	 96.7	 88(	| 0.000000	 1.000000	 1.000000 |	-33	 2.820448
HT40/LGI	 T	 MCS13	 62.0	96.7	 97.5	 80(	| 0.000000	 1.000000	 -nan |	-35	 3.027382
HT40/LGI	 T	 MCS13	 62.3	97.2	 98.8	 85(	| 0.000000	 1.000000	 1.000000 |	-38	 3.084624
HT40/LGI	 T	 MCS13	 59.8	93.3	 81.3	 70(	| 0.000000	 1.000000	 1.000000 |	-41	 3.132396
HT40/LGI	 T	 MCS13	 60.1	93.8	 95.6	 88(	| 0.090909	 1.000000	 1.000000 |	-40	 3.181092
HT40/LGI	 T	 MCS13	 61.2	95.4	 100.0	 89(	| 0.000000	 1.000000	 1.000000 |	-41	 3.340634
HT40/LGI	 T	 MCS13	 60.1	93.8	 89.9	 81(	| 0.142857	 1.000000	 -nan |	-36	 3.496913
HT40/LGI	 T	 MCS13	 60.5	94.4	 96.4	 82(	| 0.000000	 1.000000	 1.000000 |	-41	 3.600824
HT40/LGI	 T	 MCS13	 58.3	91.1	 76.7	 66(	| 0.000000	 1.000000	 1.000000 |	-40	 3.810409
HT40/LGI	 T	 MCS13	 60.5	94.4	 98.9	 91(	| 0.000000	 1.000000	 -nan |	-43	 3.964276
HT40/LGI	 T	 MCS13	 60.7	94.7	 95.6	 89(	| 0.000000	 1.000000	 1.000000 |	-44	 4.020354
HT40/LGI	 T	 MCS13	 61.3	95.7	 98.8	 89(	| 0.000000	 1.000000	 1.000000 |	-46	 4.068069
HT40/LGI	 T	 MCS13	 61.5	95.9	 96.6	 87(	| 0.000000	 1.000000	 1.000000 |	-48	 4.119009
HT40/LGI	 T	 MCS13	 61.9	96.7	 98.9	 91(	| 0.000000	 1.000000	 -nan |	-44	 4.171348
HT40/LGI	 T	 MCS13	 61.1	95.4	 91.4	 86(	| 0.142857	 1.000000	 -nan |	-43	 4.224244
HT40/LGI	 T	 MCS13	 60.1	93.8	 89.1	 82(	| 0.000000	 1.000000	 1.000000 |	-42	 4.275369
HT40/LGI	 T	 MCS13	 58.4	91.1	 83.1	 79(	| 0.000000	 1.000000	 1.000000 |	-46	 4.328556
HT40/LGI	 T	 MCS13	 58.4	91.1	 100.0	 85(	| 0.000000	 1.000000	 1.000000 |	-48	 5.167919
HT40/LGI	 T	 MCS13	 58.8	91.7	 87.9	 80(	| 0.000000	 1.000000	 1.000000 |	-48	 5.270949
HT40/LGI	 T	 MCS13	 59.0	92.1	 97.8	 90(	| 0.000000	 1.000000	 1.000000 |	-44	 6.264385
HT40/LGI	 T	 MCS13	 59.1	92.2	 97.8	 89(	| 0.000000	 1.000000	 1.000000 |	-45	 6.785273
HT40/LGI	 T	 MCS13	 55.6	86.8	 70.5	 55(	| 0.000000	 1.000000	 1.000000 |	-46	 6.836643
HT40/LGI	 T	 MCS13	 59.8	93.3	 100.0	 86(	| 0.125000	 1.000000	 1.000000 |	-51	 7.880181
HT40/LGI	 T	 MCS13	 60.0	93.6	 94.4	 85(	| 0.000000	 1.000000	 -nan |	-49	 7.933402
HT40/LGI	 T	 MCS13	 56.2	87.7	 70.1	 61(	| 0.000000	 1.000000	 1.000000 |	-52	 7.987859
