HT40/LGI	 MCS14	 6.7	 10.0	7.9	 5(	 63)	| 0.000000	 1.000000	 1.000000 |	-18	 0.192466
HT40/LGI	 MCS14	 0.0	 8.6	7.4	 7(	 94)	| 0.000000	 1.000000	 1.000000 |	-25	 0.505182
HT40/LGI	 MCS14	 0.0	 9.3	11.2	 11(	 98)	| 0.000000	 1.000000	 1.000000 |	-24	 0.557112
HT40/LGI	 MCS14	 0.0	 8.3	5.3	 5(	 93)	| 0.000000	 1.000000	 1.000000 |	-26	 0.608744
HT40/LGI	 MCS14	 11.5	 17.0	22.2	 14(	 63)	| 0.000000	 1.000000	 1.000000 |	-26	 0.656507
HT40/LGI	 MCS14	 0.0	 8.0	7.2	 7(	 96)	| 0.000000	 1.000000	 1.000000 |	-32	 2.143755
HT40/LGI	 MCS14	 9.7	 14.4	11.3	 11(	 97)	| 0.400000	 1.000000	 1.000000 |	-36	 2.353128
HT40/LGI	 MCS14	 11.0	 16.3	20.6	 20(	 97)	| 0.142857	 1.000000	 1.000000 |	-33	 2.456701
HT40/LGI	 MCS14	 9.7	 14.3	8.7	 8(	 91)	| 0.142857	 1.000000	 1.000000 |	-35	 2.559880
HT40/LGI	 MCS14	 0.0	 5.5	2.2	 2(	 90)	| 0.000000	 1.000000	 1.000000 |	-33	 2.820448
HT40/LGI	 MCS14	 7.6	 11.3	18.3	 18(	 98)	| 0.000000	 1.000000	 -nan |	-35	 3.027382
HT40/LGI	 MCS14	 7.8	 11.5	12.3	 12(	 97)	| 0.000000	 1.000000	 1.000000 |	-38	 3.084624
HT40/LGI	 MCS14	 0.0	 9.0	1.4	 1(	 71)	| 0.000000	 1.000000	 1.000000 |	-41	 3.132396
HT40/LGI	 MCS14	 0.0	 7.0	1.1	 1(	 89)	| 0.090909	 1.000000	 1.000000 |	-40	 3.181092
HT40/LGI	 MCS14	 0.0	 4.2	1.1	 1(	 90)	| 0.000000	 1.000000	 1.000000 |	-41	 3.340634
HT40/LGI	 MCS14	 0.0	 3.0	3.5	 3(	 84)	| 0.142857	 1.000000	 -nan |	-36	 3.496913
HT40/LGI	 MCS14	 0.0	 4.3	8.8	 8(	 90)	| 0.000000	 1.000000	 1.000000 |	-41	 3.600824
HT40/LGI	 MCS14	 0.0	 4.0	0.0	 0(	 67)	| 0.000000	 1.000000	 1.000000 |	-40	 3.810409
HT40/LGI	 MCS14	 0.0	 1.8	0.0	 0(	 91)	| 0.000000	 1.000000	 -nan |	-43	 3.964276
HT40/LGI	 MCS14	 0.0	 1.3	0.0	 0(	 89)	| 0.000000	 1.000000	 1.000000 |	-44	 4.020354
HT40/LGI	 MCS14	 0.0	 1.0	0.0	 0(	 89)	| 0.000000	 1.000000	 1.000000 |	-46	 4.068069
HT40/LGI	 MCS14	 0.0	 1.3	2.2	 2(	 89)	| 0.000000	 1.000000	 1.000000 |	-48	 4.119009
HT40/LGI	 MCS14	 0.0	 1.0	0.0	 0(	 91)	| 0.000000	 1.000000	 -nan |	-44	 4.171348
HT40/LGI	 MCS14	 0.0	 0.7	0.0	 0(	 86)	| 0.142857	 1.000000	 -nan |	-43	 4.224244
HT40/LGI	 MCS14	 0.0	 0.5	0.0	 0(	 82)	| 0.000000	 1.000000	 1.000000 |	-42	 4.275369
HT40/LGI	 MCS14	 0.0	 0.4	0.0	 0(	 79)	| 0.000000	 1.000000	 1.000000 |	-46	 4.328556
HT40/LGI	 MCS14	 0.0	 1.9	7.6	 7(	 92)	| 0.000000	 1.000000	 1.000000 |	-48	 5.167919
HT40/LGI	 MCS14	 0.0	 5.4	3.6	 3(	 83)	| 0.000000	 1.000000	 1.000000 |	-48	 5.270949
HT40/LGI	 MCS14	 0.0	 0.3	1.0	 1(	 91)	| 0.000000	 1.000000	 1.000000 |	-44	 6.264385
HT40/LGI	 MCS14	 0.0	 0.2	0.0	 0(	 89)	| 0.000000	 1.000000	 1.000000 |	-45	 6.785273
HT40/LGI	 MCS14	 0.0	 0.1	0.0	 0(	 57)	| 0.000000	 1.000000	 1.000000 |	-46	 6.836643
HT40/LGI	 MCS14	 0.0	 2.8	7.5	 7(	 93)	| 0.125000	 1.000000	 1.000000 |	-51	 7.880181
HT40/LGI	 MCS14	 0.0	 2.9	3.4	 3(	 88)	| 0.000000	 1.000000	 -nan |	-49	 7.933402
HT40/LGI	 MCS14	 0.0	 2.9	3.0	 2(	 65)	| 0.000000	 1.000000	 1.000000 |	-52	 7.987859
HT40/LGI	 MCS14	 0.0	 0.0	0.0	 0(	 20)	| 0.400000	 1.000000	 1.000000 |	-77	 14.809051
HT40/LGI	 MCS14	 0.0	 0.0	0.0	 0(	 21)	| 0.000000	 1.000000	 1.000000 |	-77	 15.122396
HT40/LGI	 MCS14	 0.0	 0.0	0.0	 0(	 11)	| 0.000000	 1.000000	 1.000000 |	-67	 16.567186
HT40/LGI	 MCS14	 0.0	 0.0	0.0	 0(	 20)	| 0.000000	 1.000000	 1.000000 |	-69	 16.965019
HT40/LGI	 MCS14	 0.0	 0.0	0.0	 0(	 21)	| 0.000000	 1.000000	 1.000000 |	-69	 17.069605
HT40/LGI	 MCS14	 0.0	 0.0	0.0	 0(	 20)	| 0.000000	 1.000000	 1.000000 |	-68	 17.754478
HT40/LGI	 MCS14	 0.0	 0.0	0.0	 0(	 22)	| 0.000000	 1.000000	 1.000000 |	-71	 18.301706
HT40/LGI	 MCS14	 0.0	 0.0	0.0	 0(	 21)	| 0.000000	 1.000000	 -nan |	-68	 19.079693
HT40/LGI	 MCS14	 0.0	 0.0	0.0	 0(	 20)	| 0.000000	 1.000000	 1.000000 |	-55	 20.858183
HT40/LGI	 MCS14	 0.0	 0.0	0.0	 0(	 21)	| 0.000000	 1.000000	 -nan |	-50	 21.344748
HT40/LGI	 MCS14	 0.0	 0.0	0.0	 0(	 19)	| 0.052516	 0.912473	 0.915074 |	-72	 26.373747
HT40/LGI	 MCS14	 0.0	 0.0	0.0	 0(	 21)	| 0.000000	 1.000000	 1.000000 |	-73	 27.101147
HT40/LGI	 MCS14	 0.0	 0.0	0.0	 0(	 21)	| 0.000000	 1.000000	 1.000000 |	-74	 27.206074
HT40/LGI	 MCS14	 0.0	 0.0	0.0	 0(	 21)	| 0.000000	 1.000000	 1.000000 |	-71	 27.416983
HT40/LGI	 MCS14	 0.0	 0.0	0.0	 0(	 20)	| 0.000000	 1.000000	 1.000000 |	-72	 27.622126
HT40/LGI	 MCS14	 0.0	 0.0	0.0	 0(	 20)	| 0.000000	 1.000000	 1.000000 |	-77	 28.089624
HT40/LGI	 MCS14	 0.0	 0.0	0.0	 0(	 21)	| 0.000000	 1.000000	 1.000000 |	-73	 28.194845
HT40/LGI	 MCS14	 0.0	 0.0	0.0	 0(	 22)	| 0.000000	 1.000000	 1.000000 |	-75	 28.298773
HT40/LGI	 MCS14	 0.0	 0.0	0.0	 0(	 21)	| 0.000000	 1.000000	 1.000000 |	-76	 28.609526
HT40/LGI	 MCS14	 0.0	 0.0	0.0	 0(	 21)	| 0.000000	 1.000000	 1.000000 |	-72	 28.972946
HT40/LGI	 MCS14	 0.0	 0.0	0.0	 0(	 19)	| 0.142857	 1.000000	 1.000000 |	-77	 32.214172
HT40/LGI	 MCS14	 0.0	 0.0	0.0	 0(	 21)	| 0.000000	 1.000000	 1.000000 |	-78	 32.524849
HT40/LGI	 MCS14	 0.0	 0.0	0.0	 0(	 20)	| 0.000000	 1.000000	 1.000000 |	-82	 32.683556
HT40/LGI	 MCS14	 0.0	 0.0	0.0	 0(	 19)	| 0.000000	 1.000000	 -nan |	-82	 33.564945
HT40/LGI	 MCS14	 0.0	 0.0	0.0	 0(	 16)	| 0.000000	 1.000000	 1.000000 |	-83	 34.256470
HT40/LGI	 MCS14	 0.0	 0.0	0.0	 0(	 20)	| 0.142857	 1.000000	 -nan |	-80	 34.358959
HT40/LGI	 MCS14	 0.0	 0.0	0.0	 0(	 19)	| 0.000000	 1.000000	 1.000000 |	-80	 35.246658
