HT40/LGI	 MCS14	 7.5	 11.1	3.1	 3(	 94)	-18	 0.036963
HT40/LGI	 MCS14	 6.8	 10.2	7.2	 7(	 96)	-17	 0.088514
HT40/LGI	 MCS14	 7.2	 10.7	12.2	 12(	 98)	-17	 0.142768
HT40/LGI	 MCS14	 6.7	 10.0	7.9	 5(	 63)	-18	 0.192466
HT40/LGI	 MCS14	 10.6	 15.7	4.3	 4(	 91)	-29	 0.349661
HT40/LGI	 MCS14	 8.2	 12.1	1.2	 1(	 81)	-26	 0.400537
HT40/LGI	 MCS14	 0.0	 9.1	0.0	 0(	 71)	-23	 0.452402
HT40/LGI	 MCS14	 0.0	 8.6	7.4	 7(	 94)	-25	 0.505182
HT40/LGI	 MCS14	 0.0	 9.3	11.2	 11(	 98)	-24	 0.557112
HT40/LGI	 MCS14	 0.0	 8.3	5.3	 5(	 93)	-26	 0.608744
HT40/LGI	 MCS14	 11.5	 17.0	22.2	 14(	 63)	-26	 0.656507
HT40/LGI	 MCS14	 8.6	 12.7	0.0	 0(	 55)	-30	 1.988755
HT40/LGI	 MCS14	 0.0	 9.5	0.0	 0(	 79)	-32	 2.040474
HT40/LGI	 MCS14	 0.0	 8.2	4.2	 4(	 93)	-34	 2.092846
HT40/LGI	 MCS14	 0.0	 8.0	7.2	 7(	 96)	-32	 2.143755
HT40/LGI	 MCS14	 0.0	 7.3	5.2	 5(	 95)	-32	 2.197130
HT40/LGI	 MCS14	 9.7	 14.4	11.3	 11(	 97)	-36	 2.353128
HT40/LGI	 MCS14	 10.1	 14.9	16.4	 16(	 97)	-34	 2.405013
HT40/LGI	 MCS14	 11.0	 16.3	20.6	 20(	 97)	-33	 2.456701
HT40/LGI	 MCS14	 10.9	 16.2	15.7	 15(	 95)	-32	 2.509471
HT40/LGI	 MCS14	 9.7	 14.3	8.7	 8(	 91)	-35	 2.559880
HT40/LGI	 MCS14	 7.2	 10.7	0.0	 0(	 87)	-35	 2.612044
HT40/LGI	 MCS14	 0.0	 8.0	0.0	 0(	 89)	-34	 2.664391
HT40/LGI	 MCS14	 0.0	 7.4	5.4	 5(	 92)	-32	 2.716908
HT40/LGI	 MCS14	 0.0	 6.6	4.4	 4(	 89)	-34	 2.768071
HT40/LGI	 MCS14	 0.0	 5.5	2.2	 2(	 90)	-33	 2.820448
HT40/LGI	 MCS14	 0.0	 4.1	0.0	 0(	 90)	-34	 2.871947
HT40/LGI	 MCS14	 0.0	 4.2	4.4	 4(	 90)	-34	 2.924872
HT40/LGI	 MCS14	 0.0	 8.9	23.2	 23(	 99)	-33	 2.976407
HT40/LGI	 MCS14	 7.6	 11.3	18.3	 18(	 98)	-35	 3.027382
HT40/LGI	 MCS14	 7.8	 11.5	12.3	 12(	 97)	-38	 3.084624
HT40/LGI	 MCS14	 0.0	 9.0	1.4	 1(	 71)	-41	 3.132396
HT40/LGI	 MCS14	 0.0	 7.0	1.1	 1(	 89)	-40	 3.181092
HT40/LGI	 MCS14	 0.0	 5.8	2.2	 2(	 87)	-37	 3.237166
HT40/LGI	 MCS14	 0.0	 5.2	3.3	 3(	 90)	-41	 3.288897
HT40/LGI	 MCS14	 0.0	 4.2	1.1	 1(	 90)	-41	 3.340634
HT40/LGI	 MCS14	 0.0	 3.1	0.0	 0(	 84)	-41	 3.392626
HT40/LGI	 MCS14	 0.0	 2.9	2.2	 2(	 88)	-39	 3.444467
HT40/LGI	 MCS14	 0.0	 3.0	3.5	 3(	 84)	-36	 3.496913
HT40/LGI	 MCS14	 0.0	 2.8	2.2	 2(	 87)	-41	 3.548324
HT40/LGI	 MCS14	 0.0	 4.3	8.8	 8(	 90)	-41	 3.600824
HT40/LGI	 MCS14	 0.0	 3.5	1.1	 1(	 90)	-41	 3.652066
HT40/LGI	 MCS14	 0.0	 7.2	18.1	 18(	 99)	-42	 3.705020
HT40/LGI	 MCS14	 0.0	 5.4	0.0	 0(	 87)	-40	 3.756590
HT40/LGI	 MCS14	 0.0	 4.0	0.0	 0(	 67)	-40	 3.810409
HT40/LGI	 MCS14	 0.0	 3.3	1.0	 1(	 91)	-37	 3.861209
HT40/LGI	 MCS14	 0.0	 2.4	0.0	 0(	 86)	-42	 3.912759
HT40/LGI	 MCS14	 0.0	 1.8	0.0	 0(	 91)	-43	 3.964276
HT40/LGI	 MCS14	 0.0	 1.3	0.0	 0(	 89)	-44	 4.020354
HT40/LGI	 MCS14	 0.0	 1.0	0.0	 0(	 89)	-46	 4.068069
HT40/LGI	 MCS14	 0.0	 1.3	2.2	 2(	 89)	-48	 4.119009
HT40/LGI	 MCS14	 0.0	 1.0	0.0	 0(	 91)	-44	 4.171348
HT40/LGI	 MCS14	 0.0	 0.7	0.0	 0(	 86)	-43	 4.224244
HT40/LGI	 MCS14	 0.0	 0.5	0.0	 0(	 82)	-42	 4.275369
HT40/LGI	 MCS14	 0.0	 0.4	0.0	 0(	 79)	-46	 4.328556
HT40/LGI	 MCS14	 0.0	 0.3	0.0	 0(	 90)	-45	 4.379257
HT40/LGI	 MCS14	 0.0	 0.2	0.0	 0(	 87)	-44	 4.432674
HT40/LGI	 MCS14	 0.0	 0.1	0.0	 0(	 91)	-42	 4.484050
HT40/LGI	 MCS14	 0.0	 0.1	0.0	 0(	 89)	-40	 4.537145
HT40/LGI	 MCS14	 0.0	 0.3	1.1	 1(	 90)	-39	 4.589099
HT40/LGI	 MCS14	 0.0	 0.2	0.0	 0(	 83)	-38	 4.641247
HT40/LGI	 MCS14	 0.0	 0.2	0.0	 0(	 81)	-38	 4.692957
HT40/LGI	 MCS14	 0.0	 0.1	0.0	 0(	 37)	-40	 4.752238
HT40/LGI	 MCS14	 0.0	 0.1	0.0	 0(	 37)	-40	 4.804581
HT40/LGI	 MCS14	 0.0	 0.0	0.0	 0(	 34)	-42	 4.857609
HT40/LGI	 MCS14	 0.0	 0.0	0.0	 0(	 41)	-49	 4.908273
HT40/LGI	 MCS14	 0.0	 0.0	0.0	 0(	 80)	-45	 4.960860
HT40/LGI	 MCS14	 0.0	 0.0	0.0	 0(	 87)	-46	 5.012469
HT40/LGI	 MCS14	 0.0	 0.0	0.0	 0(	 88)	-42	 5.064350
HT40/LGI	 MCS14	 0.0	 0.0	0.0	 0(	 89)	-51	 5.116605
HT40/LGI	 MCS14	 0.0	 1.9	7.6	 7(	 92)	-48	 5.167919
HT40/LGI	 MCS14	 0.0	 6.0	18.5	 18(	 97)	-50	 5.220170
HT40/LGI	 MCS14	 0.0	 5.4	3.6	 3(	 83)	-48	 5.270949
HT40/LGI	 MCS14	 0.0	 4.0	0.0	 0(	 90)	-47	 5.324195
HT40/LGI	 MCS14	 0.0	 3.0	0.0	 0(	 79)	-49	 5.376289
HT40/LGI	 MCS14	 0.0	 2.3	0.0	 0(	 85)	-46	 5.428774
HT40/LGI	 MCS14	 0.0	 2.0	1.1	 1(	 88)	-48	 5.481446
HT40/LGI	 MCS14	 0.0	 1.5	0.0	 0(	 59)	-49	 5.537136
HT40/LGI	 MCS14	 0.0	 1.1	0.0	 0(	 85)	-45	 5.589399
HT40/LGI	 MCS14	 0.0	 0.8	0.0	 0(	 86)	-45	 5.640897
HT40/LGI	 MCS14	 0.0	 0.6	0.0	 0(	 50)	-50	 5.694099
HT40/LGI	 MCS14	 0.0	 0.7	1.1	 1(	 90)	-47	 5.744293
HT40/LGI	 MCS14	 0.0	 0.5	0.0	 0(	 88)	-43	 5.796879
HT40/LGI	 MCS14	 0.0	 0.7	1.1	 1(	 86)	-48	 5.848440
HT40/LGI	 MCS14	 0.0	 0.5	0.0	 0(	 88)	-44	 5.900616
HT40/LGI	 MCS14	 0.0	 0.4	0.0	 0(	 86)	-42	 5.952444
HT40/LGI	 MCS14	 0.0	 0.3	0.0	 0(	 82)	-45	 6.003983
HT40/LGI	 MCS14	 0.0	 0.2	0.0	 0(	 91)	-45	 6.056289
HT40/LGI	 MCS14	 0.0	 0.1	0.0	 0(	 89)	-46	 6.108570
HT40/LGI	 MCS14	 0.0	 0.1	0.0	 0(	 85)	-46	 6.160252
HT40/LGI	 MCS14	 0.0	 0.0	0.0	 0(	 77)	-45	 6.212375
HT40/LGI	 MCS14	 0.0	 0.3	1.0	 1(	 91)	-44	 6.264385
HT40/LGI	 MCS14	 0.0	 0.2	0.0	 0(	 87)	-45	 6.316360
HT40/LGI	 MCS14	 0.0	 0.1	0.0	 0(	 87)	-45	 6.369107
HT40/LGI	 MCS14	 0.0	 1.1	4.0	 2(	 49)	-45	 6.420763
HT40/LGI	 MCS14	 0.0	 1.1	1.1	 1(	 87)	-42	 6.472510
HT40/LGI	 MCS14	 0.0	 0.8	0.0	 0(	 86)	-47	 6.524719
HT40/LGI	 MCS14	 0.0	 0.6	0.0	 0(	 78)	-45	 6.576303
HT40/LGI	 MCS14	 0.0	 0.4	0.0	 0(	 81)	-46	 6.628389
HT40/LGI	 MCS14	 0.0	 0.3	0.0	 0(	 87)	-47	 6.680926
HT40/LGI	 MCS14	 0.0	 0.2	0.0	 0(	 85)	-46	 6.732545
HT40/LGI	 MCS14	 0.0	 0.2	0.0	 0(	 89)	-45	 6.785273
HT40/LGI	 MCS14	 0.0	 0.1	0.0	 0(	 57)	-46	 6.836643
HT40/LGI	 MCS14	 0.0	 0.1	0.0	 0(	 63)	-44	 6.888944
HT40/LGI	 MCS14	 0.0	 0.0	0.0	 0(	 82)	-42	 6.941172
HT40/LGI	 MCS14	 0.0	 0.0	0.0	 0(	 87)	-43	 6.993542
HT40/LGI	 MCS14	 0.0	 0.1	0.0	 0(	 88)	-50	 7.772979
HT40/LGI	 MCS14	 0.0	 0.1	0.0	 0(	 77)	-50	 7.777330
HT40/LGI	 MCS14	 0.0	 1.2	4.6	 4(	 86)	-51	 7.828360
HT40/LGI	 MCS14	 0.0	 2.8	7.5	 7(	 93)	-51	 7.880181
HT40/LGI	 MCS14	 0.0	 2.9	3.4	 3(	 88)	-49	 7.933402
HT40/LGI	 MCS14	 0.0	 2.9	3.0	 2(	 65)	-52	 7.987859
HT40/LGI	 MCS14	 0.0	 2.2	0.0	 0(	 76)	-47	 8.037007
HT40/LGI	 MCS14	 0.0	 1.6	0.0	 0(	 84)	-50	 8.089086
HT40/LGI	 MCS14	 0.0	 1.2	0.0	 0(	 76)	-50	 8.140533
HT40/LGI	 MCS14	 0.0	 0.9	0.0	 0(	 88)	-49	 8.192018
HT40/LGI	 MCS14	 0.0	 1.0	1.1	 1(	 85)	-48	 8.244089
HT40/LGI	 MCS14	 0.0	 0.7	0.0	 0(	 74)	-47	 8.297026
HT40/LGI	 MCS14	 0.0	 0.5	0.0	 0(	 57)	-47	 8.350270
HT40/LGI	 MCS14	 0.0	 0.4	0.0	 0(	 35)	-45	 8.401573
HT40/LGI	 MCS14	 0.0	 0.3	0.0	 0(	 41)	-47	 8.452513
HT40/LGI	 MCS14	 0.0	 0.2	0.0	 0(	 24)	-50	 8.505699
HT40/LGI	 MCS14	 0.0	 0.1	0.0	 0(	 21)	-50	 8.557223
HT40/LGI	 MCS14	 0.0	 0.1	0.0	 0(	 37)	-51	 8.608659
HT40/LGI	 MCS14	 0.0	 0.0	0.0	 0(	 82)	-54	 8.660279
HT40/LGI	 MCS14	 0.0	 0.0	0.0	 0(	 40)	-54	 8.724173
HT40/LGI	 MCS14	 0.0	 0.0	0.0	 0(	 60)	-55	 8.772782
HT40/LGI	 MCS14	 0.0	 0.0	0.0	 0(	 87)	-56	 8.824873
HT40/LGI	 MCS14	 0.0	 0.0	0.0	 0(	 20)	-61	 8.881249
HT40/LGI	 MCS14	 0.0	 0.0	0.0	 0(	 6)	-58	 8.933755
HT40/LGI	 MCS14	 0.0	 0.0	0.0	 0(	 7)	-56	 8.986734
HT40/LGI	 MCS14	 0.0	 0.0	0.0	 0(	 22)	-55	 9.036042
HT40/LGI	 MCS14	 0.0	 0.0	0.0	 0(	 34)	-56	 9.088582
HT40/LGI	 MCS14	 0.0	 0.0	0.0	 0(	 33)	-56	 9.150687
HT40/LGI	 MCS14	 0.0	 0.0	0.0	 0(	 50)	-54	 9.201073
HT40/LGI	 MCS14	 0.0	 0.0	0.0	 0(	 46)	-56	 9.254086
HT40/LGI	 MCS14	 0.0	 0.0	0.0	 0(	 61)	-57	 9.305499
HT40/LGI	 MCS14	 0.0	 0.0	0.0	 0(	 20)	-59	 9.357860
HT40/LGI	 MCS14	 0.0	 0.0	0.0	 0(	 7)	-59	 9.414183
HT40/LGI	 MCS14	 0.0	 0.0	0.0	 0(	 23)	-53	 9.468944
HT40/LGI	 MCS14	 0.0	 0.0	0.0	 0(	 9)	-61	 9.523258
HT40/LGI	 MCS14	 0.0	 0.0	0.0	 0(	 26)	-56	 9.573003
HT40/LGI	 MCS14	 0.0	 0.0	0.0	 0(	 21)	-53	 9.627312
HT40/LGI	 MCS14	 0.0	 0.0	0.0	 0(	 6)	-49	 9.680436
HT40/LGI	 MCS14	 0.0	 0.0	0.0	 0(	 7)	-55	 9.738068
HT40/LGI	 MCS14	 0.0	 0.0	0.0	 0(	 6)	-56	 9.790795
HT40/LGI	 MCS14	 0.0	 0.0	0.0	 0(	 6)	-61	 9.846747
HT40/LGI	 MCS14	 0.0	 0.0	0.0	 0(	 7)	-59	 9.902121
HT40/LGI	 MCS14	 0.0	 0.0	0.0	 0(	 13)	-59	 9.962424
HT40/LGI	 MCS14	 0.0	 0.0	0.0	 0(	 6)	-57	 10.016909
HT40/LGI	 MCS14	 0.0	 0.0	0.0	 0(	 8)	-59	 10.065522
HT40/LGI	 MCS14	 0.0	 0.0	0.0	 0(	 18)	-57	 10.118537
HT40/LGI	 MCS14	 0.0	 0.0	0.0	 0(	 21)	-58	 10.170073
HT40/LGI	 MCS14	 0.0	 0.0	0.0	 0(	 21)	-63	 10.222565
HT40/LGI	 MCS14	 0.0	 0.0	0.0	 0(	 20)	-60	 10.271968
HT40/LGI	 MCS14	 0.0	 0.0	0.0	 0(	 22)	-63	 10.325429
HT40/LGI	 MCS14	 0.0	 0.0	0.0	 0(	 20)	-62	 10.377131
HT40/LGI	 MCS14	 0.0	 0.0	0.0	 0(	 21)	-61	 10.429603
HT40/LGI	 MCS14	 0.0	 0.0	0.0	 0(	 20)	-57	 10.481430
HT40/LGI	 MCS14	 0.0	 0.0	0.0	 0(	 21)	-57	 10.533772
HT40/LGI	 MCS14	 0.0	 0.0	0.0	 0(	 21)	-56	 10.585648
HT40/LGI	 MCS14	 0.0	 0.0	0.0	 0(	 21)	-59	 10.637840
HT40/LGI	 MCS14	 0.0	 0.0	0.0	 0(	 20)	-53	 10.688246
HT40/LGI	 MCS14	 0.0	 0.0	0.0	 0(	 21)	-57	 10.741386
HT40/LGI	 MCS14	 0.0	 0.0	0.0	 0(	 20)	-54	 10.794042
HT40/LGI	 MCS14	 0.0	 0.0	0.0	 0(	 21)	-59	 10.846328
HT40/LGI	 MCS14	 0.0	 0.0	0.0	 0(	 21)	-63	 10.898607
HT40/LGI	 MCS14	 0.0	 0.0	0.0	 0(	 21)	-63	 10.950370
HT40/LGI	 MCS14	 0.0	 0.0	0.0	 0(	 20)	-63	 11.000893
HT40/LGI	 MCS14	 0.0	 0.0	0.0	 0(	 21)	-65	 11.054605
HT40/LGI	 MCS14	 0.0	 0.0	0.0	 0(	 20)	-64	 11.105029
HT40/LGI	 MCS14	 0.0	 0.0	0.0	 0(	 20)	-64	 11.158000
HT40/LGI	 MCS14	 0.0	 0.0	0.0	 0(	 20)	-62	 11.209314
HT40/LGI	 MCS14	 0.0	 0.0	0.0	 0(	 22)	-64	 11.261784
HT40/LGI	 MCS14	 0.0	 0.0	0.0	 0(	 22)	-65	 11.314643
HT40/LGI	 MCS14	 0.0	 0.0	0.0	 0(	 20)	-68	 11.363822
HT40/LGI	 MCS14	 0.0	 0.0	0.0	 0(	 21)	-67	 11.417646
HT40/LGI	 MCS14	 0.0	 0.0	0.0	 0(	 21)	-66	 11.469925
HT40/LGI	 MCS14	 0.0	 0.0	0.0	 0(	 21)	-67	 11.523015
HT40/LGI	 MCS14	 0.0	 0.0	0.0	 0(	 20)	-70	 11.573210
HT40/LGI	 MCS14	 0.0	 0.0	0.0	 0(	 21)	-72	 11.626350
HT40/LGI	 MCS14	 0.0	 0.0	0.0	 0(	 20)	-73	 11.677459
HT40/LGI	 MCS14	 0.0	 0.0	0.0	 0(	 21)	-75	 11.730277
HT40/LGI	 MCS14	 0.0	 0.0	0.0	 0(	 20)	-74	 11.782085
HT40/LGI	 MCS14	 0.0	 0.0	0.0	 0(	 21)	-73	 11.834635
HT40/LGI	 MCS14	 0.0	 0.0	0.0	 0(	 20)	-75	 11.885832
HT40/LGI	 MCS14	 0.0	 0.0	0.0	 0(	 21)	-73	 11.937564
HT40/LGI	 MCS14	 0.0	 0.0	0.0	 0(	 20)	-73	 11.989425
HT40/LGI	 MCS14	 0.0	 0.0	0.0	 0(	 20)	-75	 12.041748
HT40/LGI	 MCS14	 0.0	 0.0	0.0	 0(	 21)	-74	 12.093558
HT40/LGI	 MCS14	 0.0	 0.0	0.0	 0(	 20)	-73	 12.145952
HT40/LGI	 MCS14	 0.0	 0.0	0.0	 0(	 21)	-72	 12.197713
HT40/LGI	 MCS14	 0.0	 0.0	0.0	 0(	 20)	-77	 12.250361
HT40/LGI	 MCS14	 0.0	 0.0	0.0	 0(	 20)	-74	 12.300511
HT40/LGI	 MCS14	 0.0	 0.0	0.0	 0(	 7)	-70	 14.601985
HT40/LGI	 MCS14	 0.0	 0.0	0.0	 0(	 11)	-70	 14.652739
HT40/LGI	 MCS14	 0.0	 0.0	0.0	 0(	 10)	-74	 14.705467
HT40/LGI	 MCS14	 0.0	 0.0	0.0	 0(	 21)	-74	 14.757073
HT40/LGI	 MCS14	 0.0	 0.0	0.0	 0(	 20)	-77	 14.809051
HT40/LGI	 MCS14	 0.0	 0.0	0.0	 0(	 20)	-76	 14.860881
HT40/LGI	 MCS14	 0.0	 0.0	0.0	 0(	 18)	-79	 14.913233
HT40/LGI	 MCS14	 0.0	 0.0	0.0	 0(	 20)	-75	 14.964959
HT40/LGI	 MCS14	 0.0	 0.0	0.0	 0(	 21)	-78	 15.018614
HT40/LGI	 MCS14	 0.0	 0.0	0.0	 0(	 20)	-77	 15.068466
HT40/LGI	 MCS14	 0.0	 0.0	0.0	 0(	 21)	-77	 15.122396
HT40/LGI	 MCS14	 0.0	 0.0	0.0	 0(	 20)	-79	 15.172576
HT40/LGI	 MCS14	 0.0	 0.0	0.0	 0(	 21)	-77	 15.226234
HT40/LGI	 MCS14	 0.0	 0.0	0.0	 0(	 20)	-78	 15.277689
HT40/LGI	 MCS14	 0.0	 0.0	0.0	 0(	 20)	-76	 15.329046
HT40/LGI	 MCS14	 0.0	 0.0	0.0	 0(	 21)	-77	 15.380352
HT40/LGI	 MCS14	 0.0	 0.0	0.0	 0(	 10)	-69	 15.910454
HT40/LGI	 MCS14	 0.0	 0.0	0.0	 0(	 19)	-67	 16.217476
HT40/LGI	 MCS14	 0.0	 0.0	0.0	 0(	 18)	-73	 16.269354
HT40/LGI	 MCS14	 0.0	 0.0	0.0	 0(	 21)	-74	 16.321642
HT40/LGI	 MCS14	 0.0	 0.0	0.0	 0(	 20)	-74	 16.509018
HT40/LGI	 MCS14	 0.0	 0.0	0.0	 0(	 11)	-67	 16.567186
HT40/LGI	 MCS14	 0.0	 0.0	0.0	 0(	 20)	-69	 16.617207
HT40/LGI	 MCS14	 0.0	 0.0	0.0	 0(	 21)	-72	 16.669439
HT40/LGI	 MCS14	 0.0	 0.0	0.0	 0(	 21)	-71	 16.720224
HT40/LGI	 MCS14	 0.0	 0.0	0.0	 0(	 21)	-72	 16.914417
HT40/LGI	 MCS14	 0.0	 0.0	0.0	 0(	 20)	-69	 16.965019
HT40/LGI	 MCS14	 0.0	 0.0	0.0	 0(	 21)	-66	 17.016504
HT40/LGI	 MCS14	 0.0	 0.0	0.0	 0(	 21)	-69	 17.069605
HT40/LGI	 MCS14	 0.0	 0.0	0.0	 0(	 20)	-67	 17.121128
HT40/LGI	 MCS14	 0.0	 0.0	0.0	 0(	 12)	-68	 17.282736
HT40/LGI	 MCS14	 0.0	 0.0	0.0	 0(	 21)	-68	 17.334026
HT40/LGI	 MCS14	 0.0	 0.0	0.0	 0(	 20)	-68	 17.384459
HT40/LGI	 MCS14	 0.0	 0.0	0.0	 0(	 21)	-65	 17.437107
HT40/LGI	 MCS14	 0.0	 0.0	0.0	 0(	 21)	-66	 17.489487
HT40/LGI	 MCS14	 0.0	 0.0	0.0	 0(	 21)	-66	 17.540327
HT40/LGI	 MCS14	 0.0	 0.0	0.0	 0(	 12)	-66	 17.702454
HT40/LGI	 MCS14	 0.0	 0.0	0.0	 0(	 20)	-68	 17.754478
HT40/LGI	 MCS14	 0.0	 0.0	0.0	 0(	 20)	-69	 17.804909
HT40/LGI	 MCS14	 0.0	 0.0	0.0	 0(	 21)	-68	 17.856756
HT40/LGI	 MCS14	 0.0	 0.0	0.0	 0(	 20)	-71	 17.910013
HT40/LGI	 MCS14	 0.0	 0.0	0.0	 0(	 21)	-65	 17.962996
HT40/LGI	 MCS14	 0.0	 0.0	0.0	 0(	 10)	-67	 18.063133
HT40/LGI	 MCS14	 0.0	 0.0	0.0	 0(	 19)	-69	 18.248714
HT40/LGI	 MCS14	 0.0	 0.0	0.0	 0(	 22)	-71	 18.301706
HT40/LGI	 MCS14	 0.0	 0.0	0.0	 0(	 20)	-73	 18.353064
HT40/LGI	 MCS14	 0.0	 0.0	0.0	 0(	 21)	-72	 18.406321
HT40/LGI	 MCS14	 0.0	 0.0	0.0	 0(	 20)	-72	 18.457561
HT40/LGI	 MCS14	 0.0	 0.0	0.0	 0(	 12)	-73	 18.614458
HT40/LGI	 MCS14	 0.0	 0.0	0.0	 0(	 20)	-68	 18.663988
HT40/LGI	 MCS14	 0.0	 0.0	0.0	 0(	 16)	-73	 18.730713
HT40/LGI	 MCS14	 0.0	 0.0	0.0	 0(	 21)	-71	 18.782719
HT40/LGI	 MCS14	 0.0	 0.0	0.0	 0(	 21)	-66	 18.833992
HT40/LGI	 MCS14	 0.0	 0.0	0.0	 0(	 20)	-63	 18.884886
HT40/LGI	 MCS14	 0.0	 0.0	0.0	 0(	 7)	-68	 19.030647
HT40/LGI	 MCS14	 0.0	 0.0	0.0	 0(	 21)	-68	 19.079693
HT40/LGI	 MCS14	 0.0	 0.0	0.0	 0(	 16)	-63	 19.967222
HT40/LGI	 MCS14	 0.0	 0.0	0.0	 0(	 20)	-60	 20.016586
HT40/LGI	 MCS14	 0.0	 0.0	0.0	 0(	 22)	-62	 20.072594
HT40/LGI	 MCS14	 0.0	 0.0	0.0	 0(	 20)	-61	 20.121077
HT40/LGI	 MCS14	 0.0	 0.0	0.0	 0(	 10)	-59	 20.274496
HT40/LGI	 MCS14	 0.0	 0.0	0.0	 0(	 21)	-52	 20.326035
HT40/LGI	 MCS14	 0.0	 0.0	0.0	 0(	 17)	-56	 20.382599
HT40/LGI	 MCS14	 0.0	 0.0	0.0	 0(	 20)	-56	 20.433384
HT40/LGI	 MCS14	 0.0	 0.0	0.0	 0(	 20)	-56	 20.484842
HT40/LGI	 MCS14	 0.0	 0.0	0.0	 0(	 21)	-57	 20.537458
HT40/LGI	 MCS14	 0.0	 0.0	0.0	 0(	 11)	-57	 20.698690
HT40/LGI	 MCS14	 0.0	 0.0	0.0	 0(	 20)	-52	 20.749842
HT40/LGI	 MCS14	 0.0	 0.0	0.0	 0(	 19)	-59	 20.807423
HT40/LGI	 MCS14	 0.0	 0.0	0.0	 0(	 20)	-55	 20.858183
HT40/LGI	 MCS14	 0.0	 0.0	0.0	 0(	 21)	-57	 20.910166
HT40/LGI	 MCS14	 0.0	 0.0	0.0	 0(	 19)	-61	 20.960081
HT40/LGI	 MCS14	 0.0	 0.0	0.0	 0(	 15)	-58	 21.130848
HT40/LGI	 MCS14	 0.0	 0.0	0.0	 0(	 21)	-51	 21.183041
HT40/LGI	 MCS14	 0.0	 0.0	0.0	 0(	 21)	-58	 21.242582
HT40/LGI	 MCS14	 0.0	 0.0	0.0	 0(	 20)	-56	 21.292702
HT40/LGI	 MCS14	 0.0	 0.0	0.0	 0(	 21)	-50	 21.344748
HT40/LGI	 MCS14	 0.0	 0.0	0.0	 0(	 21)	-58	 21.396391
HT40/LGI	 MCS14	 0.0	 0.0	0.0	 0(	 14)	-58	 21.558735
HT40/LGI	 MCS14	 0.0	 0.0	0.0	 0(	 21)	-58	 21.611050
HT40/LGI	 MCS14	 0.0	 0.0	0.0	 0(	 20)	-47	 21.661856
HT40/LGI	 MCS14	 0.0	 0.0	0.0	 0(	 18)	-47	 21.714916
HT40/LGI	 MCS14	 0.0	 0.0	0.0	 0(	 20)	-48	 21.764412
HT40/LGI	 MCS14	 0.0	 0.0	0.0	 0(	 21)	-47	 21.818396
HT40/LGI	 MCS14	 0.0	 0.0	0.0	 0(	 15)	-45	 21.986786
HT40/LGI	 MCS14	 0.0	 0.0	0.0	 0(	 21)	-55	 22.037624
HT40/LGI	 MCS14	 0.0	 0.0	0.0	 0(	 21)	-51	 22.090012
HT40/LGI	 MCS14	 0.0	 0.0	0.0	 0(	 21)	-48	 22.142590
HT40/LGI	 MCS14	 0.0	 0.0	0.0	 0(	 20)	-50	 22.193228
HT40/LGI	 MCS14	 0.0	 0.0	0.0	 0(	 21)	-52	 22.245674
HT40/LGI	 MCS14	 0.0	 0.0	0.0	 0(	 16)	-55	 22.414419
HT40/LGI	 MCS14	 0.0	 0.0	0.0	 0(	 20)	-52	 22.465481
HT40/LGI	 MCS14	 0.0	 0.0	0.0	 0(	 20)	-54	 22.518999
HT40/LGI	 MCS14	 0.0	 2.2	9.0	 2(	 22)	-51	 22.568739
HT40/LGI	 MCS14	 0.0	 1.7	0.0	 0(	 21)	-56	 22.620995
HT40/LGI	 MCS14	 0.0	 1.2	0.0	 0(	 21)	-53	 22.672497
HT40/LGI	 MCS14	 0.0	 2.4	5.8	 1(	 17)	-55	 22.844076
HT40/LGI	 MCS14	 0.0	 1.3	0.0	 0(	 9)	-62	 25.178537
HT40/LGI	 MCS14	 0.0	 0.0	0.0	 0(	 19)	-72	 26.373747
HT40/LGI	 MCS14	 0.0	 0.0	0.0	 0(	 20)	-73	 26.424433
HT40/LGI	 MCS14	 0.0	 0.0	0.0	 0(	 21)	-73	 26.478416
HT40/LGI	 MCS14	 0.0	 0.0	0.0	 0(	 21)	-73	 26.529093
HT40/LGI	 MCS14	 0.0	 0.0	0.0	 0(	 19)	-73	 26.581509
HT40/LGI	 MCS14	 0.0	 0.0	0.0	 0(	 20)	-72	 26.633718
HT40/LGI	 MCS14	 0.0	 0.0	0.0	 0(	 21)	-70	 26.685078
HT40/LGI	 MCS14	 0.0	 0.0	0.0	 0(	 21)	-71	 26.737123
HT40/LGI	 MCS14	 0.0	 0.0	0.0	 0(	 21)	-73	 26.788778
HT40/LGI	 MCS14	 0.0	 0.0	0.0	 0(	 21)	-74	 26.842113
HT40/LGI	 MCS14	 0.0	 0.0	0.0	 0(	 21)	-73	 26.893362
HT40/LGI	 MCS14	 0.0	 0.0	0.0	 0(	 20)	-71	 26.946684
HT40/LGI	 MCS14	 0.0	 0.0	0.0	 0(	 20)	-74	 26.996561
HT40/LGI	 MCS14	 0.0	 0.0	0.0	 0(	 21)	-75	 27.048981
HT40/LGI	 MCS14	 0.0	 0.0	0.0	 0(	 21)	-73	 27.101147
HT40/LGI	 MCS14	 0.0	 0.0	0.0	 0(	 21)	-73	 27.153563
HT40/LGI	 MCS14	 0.0	 0.0	0.0	 0(	 21)	-74	 27.206074
HT40/LGI	 MCS14	 0.0	 0.0	0.0	 0(	 20)	-79	 27.256863
HT40/LGI	 MCS14	 0.0	 0.0	0.0	 0(	 21)	-76	 27.309629
HT40/LGI	 MCS14	 0.0	 0.0	0.0	 0(	 20)	-71	 27.361732
HT40/LGI	 MCS14	 0.0	 0.0	0.0	 0(	 21)	-71	 27.416983
HT40/LGI	 MCS14	 0.0	 0.0	0.0	 0(	 20)	-72	 27.465006
HT40/LGI	 MCS14	 0.0	 0.0	0.0	 0(	 21)	-70	 27.517937
HT40/LGI	 MCS14	 0.0	 0.0	0.0	 0(	 21)	-70	 27.569233
HT40/LGI	 MCS14	 0.0	 0.0	0.0	 0(	 20)	-72	 27.622126
HT40/LGI	 MCS14	 0.0	 0.0	0.0	 0(	 21)	-71	 27.674500
HT40/LGI	 MCS14	 0.0	 0.0	0.0	 0(	 20)	-72	 27.725294
HT40/LGI	 MCS14	 0.0	 0.0	0.0	 0(	 21)	-73	 27.777433
HT40/LGI	 MCS14	 0.0	 0.0	0.0	 0(	 21)	-72	 27.830158
HT40/LGI	 MCS14	 0.0	 0.0	0.0	 0(	 21)	-72	 27.881128
HT40/LGI	 MCS14	 0.0	 0.0	0.0	 0(	 21)	-72	 27.934019
HT40/LGI	 MCS14	 0.0	 0.0	0.0	 0(	 20)	-75	 27.985598
HT40/LGI	 MCS14	 0.0	 0.0	0.0	 0(	 21)	-76	 28.038227
HT40/LGI	 MCS14	 0.0	 0.0	0.0	 0(	 20)	-77	 28.089624
HT40/LGI	 MCS14	 0.0	 0.0	0.0	 0(	 21)	-74	 28.142088
HT40/LGI	 MCS14	 0.0	 0.0	0.0	 0(	 21)	-73	 28.194845
HT40/LGI	 MCS14	 0.0	 0.0	0.0	 0(	 20)	-77	 28.245464
HT40/LGI	 MCS14	 0.0	 0.0	0.0	 0(	 22)	-75	 28.298773
HT40/LGI	 MCS14	 0.0	 0.0	0.0	 0(	 20)	-71	 28.348909
HT40/LGI	 MCS14	 0.0	 0.0	0.0	 0(	 21)	-73	 28.400438
HT40/LGI	 MCS14	 0.0	 0.0	0.0	 0(	 20)	-75	 28.453178
HT40/LGI	 MCS14	 0.0	 0.0	0.0	 0(	 21)	-77	 28.504345
HT40/LGI	 MCS14	 0.0	 0.0	0.0	 0(	 20)	-74	 28.552576
HT40/LGI	 MCS14	 0.0	 0.0	0.0	 0(	 21)	-76	 28.609526
HT40/LGI	 MCS14	 0.0	 0.0	0.0	 0(	 21)	-74	 28.662003
HT40/LGI	 MCS14	 0.0	 0.0	0.0	 0(	 21)	-74	 28.713856
HT40/LGI	 MCS14	 0.0	 0.0	0.0	 0(	 21)	-77	 28.766529
HT40/LGI	 MCS14	 0.0	 0.0	0.0	 0(	 21)	-73	 28.818897
HT40/LGI	 MCS14	 0.0	 0.0	0.0	 0(	 21)	-72	 28.870476
HT40/LGI	 MCS14	 0.0	 0.0	0.0	 0(	 20)	-74	 28.921659
HT40/LGI	 MCS14	 0.0	 0.0	0.0	 0(	 21)	-72	 28.972946
HT40/LGI	 MCS14	 0.0	 0.0	0.0	 0(	 21)	-74	 29.025984
HT40/LGI	 MCS14	 0.0	 0.0	0.0	 0(	 21)	-74	 29.077736
HT40/LGI	 MCS14	 0.0	 0.0	0.0	 0(	 21)	-73	 29.130474
HT40/LGI	 MCS14	 0.0	 0.0	0.0	 0(	 21)	-72	 29.181747
HT40/LGI	 MCS14	 0.0	 0.0	0.0	 0(	 20)	-76	 29.232510
HT40/LGI	 MCS14	 0.0	 0.0	0.0	 0(	 20)	-78	 29.284382
HT40/LGI	 MCS14	 0.0	 0.0	0.0	 0(	 21)	-74	 29.338041
HT40/LGI	 MCS14	 0.0	 0.0	0.0	 0(	 21)	-75	 29.389633
HT40/LGI	 MCS14	 0.0	 0.0	0.0	 0(	 21)	-78	 29.442776
HT40/LGI	 MCS14	 0.0	 0.0	0.0	 0(	 21)	-75	 29.497475
HT40/LGI	 MCS14	 0.0	 0.0	0.0	 0(	 21)	-73	 29.549883
HT40/LGI	 MCS14	 0.0	 0.0	0.0	 0(	 21)	-73	 29.601837
HT40/LGI	 MCS14	 0.0	 0.0	0.0	 0(	 20)	-75	 29.652723
HT40/LGI	 MCS14	 0.0	 0.0	0.0	 0(	 6)	-72	 31.953636
HT40/LGI	 MCS14	 0.0	 0.0	0.0	 0(	 11)	-75	 32.018528
HT40/LGI	 MCS14	 0.0	 0.0	0.0	 0(	 12)	-75	 32.057056
HT40/LGI	 MCS14	 0.0	 0.0	0.0	 0(	 21)	-77	 32.108376
HT40/LGI	 MCS14	 0.0	 0.0	0.0	 0(	 21)	-79	 32.162384
HT40/LGI	 MCS14	 0.0	 0.0	0.0	 0(	 19)	-77	 32.214172
HT40/LGI	 MCS14	 0.0	 0.0	0.0	 0(	 19)	-78	 32.266235
HT40/LGI	 MCS14	 0.0	 0.0	0.0	 0(	 21)	-78	 32.316299
HT40/LGI	 MCS14	 0.0	 0.0	0.0	 0(	 19)	-77	 32.369396
HT40/LGI	 MCS14	 0.0	 0.0	0.0	 0(	 20)	-80	 32.421200
HT40/LGI	 MCS14	 0.0	 0.0	0.0	 0(	 21)	-78	 32.473038
HT40/LGI	 MCS14	 0.0	 0.0	0.0	 0(	 21)	-78	 32.524849
HT40/LGI	 MCS14	 0.0	 0.0	0.0	 0(	 21)	-81	 32.577709
HT40/LGI	 MCS14	 0.0	 0.0	0.0	 0(	 20)	-78	 32.630222
HT40/LGI	 MCS14	 0.0	 0.0	0.0	 0(	 20)	-82	 32.683556
HT40/LGI	 MCS14	 0.0	 0.0	0.0	 0(	 20)	-80	 32.734585
HT40/LGI	 MCS14	 0.0	 0.0	0.0	 0(	 21)	-80	 32.786736
HT40/LGI	 MCS14	 0.0	 0.0	0.0	 0(	 19)	-80	 32.836662
HT40/LGI	 MCS14	 0.0	 0.0	0.0	 0(	 21)	-82	 32.889454
HT40/LGI	 MCS14	 0.0	 0.0	0.0	 0(	 19)	-83	 32.941875
HT40/LGI	 MCS14	 0.0	 0.0	0.0	 0(	 18)	-83	 32.993645
HT40/LGI	 MCS14	 0.0	 0.0	0.0	 0(	 19)	-83	 33.045753
HT40/LGI	 MCS14	 0.0	 0.0	0.0	 0(	 20)	-82	 33.098557
HT40/LGI	 MCS14	 0.0	 0.0	0.0	 0(	 17)	-82	 33.150211
HT40/LGI	 MCS14	 0.0	 0.0	0.0	 0(	 18)	-79	 33.206802
HT40/LGI	 MCS14	 0.0	 0.0	0.0	 0(	 21)	-78	 33.254704
HT40/LGI	 MCS14	 0.0	 0.0	0.0	 0(	 21)	-79	 33.306084
HT40/LGI	 MCS14	 0.0	 0.0	0.0	 0(	 20)	-79	 33.356766
HT40/LGI	 MCS14	 0.0	 0.0	0.0	 0(	 21)	-79	 33.408707
HT40/LGI	 MCS14	 0.0	 0.0	0.0	 0(	 21)	-79	 33.461143
HT40/LGI	 MCS14	 0.0	 0.0	0.0	 0(	 19)	-82	 33.513268
HT40/LGI	 MCS14	 0.0	 0.0	0.0	 0(	 19)	-82	 33.564945
HT40/LGI	 MCS14	 0.0	 0.0	0.0	 0(	 18)	-80	 33.616215
HT40/LGI	 MCS14	 0.0	 0.0	0.0	 0(	 20)	-80	 33.671227
HT40/LGI	 MCS14	 0.0	 0.0	0.0	 0(	 18)	-80	 33.720894
HT40/LGI	 MCS14	 0.0	 0.0	0.0	 0(	 11)	-84	 33.778568
HT40/LGI	 MCS14	 0.0	 0.0	0.0	 0(	 15)	-81	 33.829899
HT40/LGI	 MCS14	 0.0	 0.0	0.0	 0(	 19)	-79	 33.880516
HT40/LGI	 MCS14	 0.0	 0.0	0.0	 0(	 20)	-80	 33.934296
HT40/LGI	 MCS14	 0.0	 0.0	0.0	 0(	 20)	-80	 33.985302
HT40/LGI	 MCS14	 0.0	 0.0	0.0	 0(	 16)	-81	 34.036621
HT40/LGI	 MCS14	 0.0	 0.0	0.0	 0(	 19)	-79	 34.089909
HT40/LGI	 MCS14	 0.0	 0.0	0.0	 0(	 19)	-82	 34.141594
HT40/LGI	 MCS14	 0.0	 0.0	0.0	 0(	 19)	-83	 34.194782
HT40/LGI	 MCS14	 0.0	 0.0	0.0	 0(	 16)	-83	 34.256470
HT40/LGI	 MCS14	 0.0	 0.0	0.0	 0(	 16)	-83	 34.305489
HT40/LGI	 MCS14	 0.0	 0.0	0.0	 0(	 20)	-80	 34.358959
HT40/LGI	 MCS14	 0.0	 0.0	0.0	 0(	 15)	-79	 34.410458
HT40/LGI	 MCS14	 0.0	 0.0	0.0	 0(	 19)	-82	 34.461388
HT40/LGI	 MCS14	 0.0	 0.0	0.0	 0(	 20)	-83	 34.513741
HT40/LGI	 MCS14	 0.0	 0.0	0.0	 0(	 18)	-84	 34.566681
HT40/LGI	 MCS14	 0.0	 0.0	0.0	 0(	 19)	-82	 34.617531
HT40/LGI	 MCS14	 0.0	 0.0	0.0	 0(	 18)	-78	 34.669830
HT40/LGI	 MCS14	 0.0	 0.0	0.0	 0(	 20)	-82	 34.720547
HT40/LGI	 MCS14	 0.0	 0.0	0.0	 0(	 20)	-81	 34.773029
HT40/LGI	 MCS14	 0.0	 0.0	0.0	 0(	 20)	-83	 34.829910
HT40/LGI	 MCS14	 0.0	 0.0	0.0	 0(	 20)	-83	 34.880829
HT40/LGI	 MCS14	 0.0	 0.0	0.0	 0(	 18)	-84	 34.932667
HT40/LGI	 MCS14	 0.0	 0.0	0.0	 0(	 17)	-82	 34.985451
HT40/LGI	 MCS14	 0.0	 0.0	0.0	 0(	 19)	-83	 35.036343
HT40/LGI	 MCS14	 0.0	 0.0	0.0	 0(	 18)	-82	 35.090672
HT40/LGI	 MCS14	 0.0	 0.0	0.0	 0(	 18)	-84	 35.141479
HT40/LGI	 MCS14	 0.0	 0.0	0.0	 0(	 19)	-80	 35.193905
HT40/LGI	 MCS14	 0.0	 0.0	0.0	 0(	 19)	-80	 35.246658
HT40/LGI	 MCS14	 0.0	 0.0	0.0	 0(	 18)	-81	 35.297607
HT40/LGI	 MCS14	 0.0	 0.0	0.0	 0(	 17)	-82	 35.348831
HT40/LGI	 MCS14	 0.0	 0.0	0.0	 0(	 19)	-82	 35.402737
HT40/LGI	 MCS14	 0.0	 0.0	0.0	 0(	 12)	-83	 35.464870
HT40/LGI	 MCS14	 0.0	 0.0	0.0	 0(	 6)	-82	 35.517742
HT40/LGI	 MCS14	 0.0	 0.0	0.0	 0(	 15)	-82	 35.569244
HT40/LGI	 MCS14	 0.0	 0.0	0.0	 0(	 21)	-84	 35.621506
HT40/LGI	 MCS14	 0.0	 0.0	0.0	 0(	 16)	-76	 35.673473
HT40/LGI	 MCS14	 0.0	 0.0	0.0	 0(	 19)	-75	 35.724998
HT40/LGI	 MCS14	 0.0	 0.0	0.0	 0(	 20)	-78	 35.777672
HT40/LGI	 MCS14	 0.0	 0.0	0.0	 0(	 18)	-79	 35.829029
HT40/LGI	 MCS14	 0.0	 0.0	0.0	 0(	 19)	-81	 35.884377
HT40/LGI	 MCS14	 0.0	 0.0	0.0	 0(	 18)	-82	 35.935562
HT40/LGI	 MCS14	 0.0	 0.0	0.0	 0(	 16)	-82	 35.984859
HT40/LGI	 MCS14	 0.0	 0.0	0.0	 0(	 18)	-78	 36.038197
HT40/LGI	 MCS14	 0.0	 0.0	0.0	 0(	 20)	-83	 36.089394
HT40/LGI	 MCS14	 0.0	 0.0	0.0	 0(	 19)	-83	 36.142673
HT40/LGI	 MCS14	 0.0	 0.0	0.0	 0(	 18)	-81	 36.193005
HT40/LGI	 MCS14	 0.0	 0.0	0.0	 0(	 19)	-80	 36.246346
HT40/LGI	 MCS14	 0.0	 0.0	0.0	 0(	 17)	-81	 36.296646
HT40/LGI	 MCS14	 0.0	 0.0	0.0	 0(	 20)	-79	 36.349266
HT40/LGI	 MCS14	 0.0	 0.0	0.0	 0(	 18)	-78	 36.402946
HT40/LGI	 MCS14	 0.0	 0.0	0.0	 0(	 16)	-79	 36.453011
HT40/LGI	 MCS14	 0.0	 0.0	0.0	 0(	 18)	-80	 36.504848
HT40/LGI	 MCS14	 0.0	 0.0	0.0	 0(	 16)	-80	 36.556599
HT40/LGI	 MCS14	 0.0	 0.0	0.0	 0(	 19)	-80	 36.610546
HT40/LGI	 MCS14	 0.0	 0.0	0.0	 0(	 19)	-81	 36.661209
HT40/LGI	 MCS14	 0.0	 0.0	0.0	 0(	 20)	-79	 36.714046
HT40/LGI	 MCS14	 0.0	 0.0	0.0	 0(	 18)	-78	 36.764629
HT40/LGI	 MCS14	 0.0	 0.0	0.0	 0(	 19)	-79	 36.816753
HT40/LGI	 MCS14	 0.0	 0.0	0.0	 0(	 21)	-80	 36.870628
HT40/LGI	 MCS14	 0.0	 0.0	0.0	 0(	 18)	-81	 36.921368
HT40/LGI	 MCS14	 0.0	 0.0	0.0	 0(	 19)	-80	 36.973175
HT40/LGI	 MCS14	 0.0	 0.0	0.0	 0(	 15)	-84	 37.026108
HT40/LGI	 MCS14	 0.0	 0.0	0.0	 0(	 19)	-84	 38.395855
HT40/LGI	 MCS14	 0.0	 0.0	0.0	 0(	 19)	-83	 38.437290
HT40/LGI	 MCS14	 0.0	 0.0	0.0	 0(	 20)	-84	 38.489929
HT40/LGI	 MCS14	 0.0	 0.0	0.0	 0(	 19)	-82	 38.542011
HT40/LGI	 MCS14	 0.0	 0.0	0.0	 0(	 19)	-83	 38.593269
HT40/LGI	 MCS14	 0.0	 0.0	0.0	 0(	 18)	-81	 38.646725
HT40/LGI	 MCS14	 0.0	 0.0	0.0	 0(	 18)	-81	 38.701061
HT40/LGI	 MCS14	 0.0	 0.0	0.0	 0(	 17)	-81	 38.753052
HT40/LGI	 MCS14	 0.0	 0.0	0.0	 0(	 17)	-81	 38.805668
HT40/LGI	 MCS14	 0.0	 0.0	0.0	 0(	 18)	-81	 38.857143
HT40/LGI	 MCS14	 0.0	 0.0	0.0	 0(	 17)	-81	 38.909832
HT40/LGI	 MCS14	 0.0	 0.0	0.0	 0(	 17)	-81	 38.961010
HT40/LGI	 MCS14	 0.0	 0.0	0.0	 0(	 19)	-81	 39.015877
HT40/LGI	 MCS14	 0.0	 0.0	0.0	 0(	 15)	-85	 39.066376
HT40/LGI	 MCS14	 0.0	 0.0	0.0	 0(	 9)	-83	 39.117310
HT40/LGI	 MCS14	 0.0	 0.0	0.0	 0(	 15)	-83	 39.203186
HT40/LGI	 MCS14	 0.0	 0.0	0.0	 0(	 6)	-83	 41.042648
HT40/LGI	 MCS14	 0.0	 0.0	0.0	 0(	 18)	-83	 41.577579
HT40/LGI	 MCS14	 0.0	 0.0	0.0	 0(	 14)	-84	 41.628735
HT40/LGI	 MCS14	 0.0	 0.0	0.0	 0(	 18)	-82	 41.681400
HT40/LGI	 MCS14	 0.0	 0.0	0.0	 0(	 15)	-83	 41.732956
HT40/LGI	 MCS14	 0.0	 0.0	0.0	 0(	 17)	-83	 41.787724
HT40/LGI	 MCS14	 0.0	 0.0	0.0	 0(	 18)	-83	 41.837433
HT40/LGI	 MCS14	 0.0	 0.0	0.0	 0(	 8)	-83	 41.982742
HT40/LGI	 MCS14	 0.0	 0.0	0.0	 0(	 16)	-82	 42.032597
