-27	 0.982090	 1.000000	 1.000000	 0.120830
-28	 0.955556	 1.000000	 1.000000	 0.173527
-28	 0.980132	 1.000000	 1.000000	 0.286990
-28	 0.976096	 1.000000	 1.000000	 0.382549
-29	 0.973913	 1.000000	 1.000000	 0.468025
-27	 0.959732	 1.000000	 1.000000	 0.525902
-27	 0.956204	 1.000000	 1.000000	 0.578269
-26	 0.977941	 1.000000	 1.000000	 0.685733
-27	 0.981073	 1.000000	 1.000000	 0.797537
-24	 0.981538	 1.000000	 1.000000	 0.925861
-23	 0.909091	 1.000000	 1.000000	 0.956364
-21	 0.979310	 1.000000	 1.000000	 1.066774
-24	 0.971963	 1.000000	 1.000000	 1.150935
-23	 0.973913	 1.000000	 1.000000	 1.236002
-22	 0.982143	 1.000000	 1.000000	 1.363368
-26	 0.972477	 1.000000	 1.000000	 1.447873
-23	 0.977359	 1.000000	 1.000000	 1.547136
-26	 0.946429	 1.000000	 1.000000	 1.591257
-25	 0.950413	 1.000000	 1.000000	 1.637751
-26	 0.982709	 1.000000	 1.000000	 1.766315
-28	 0.963415	 1.000000	 1.000000	 1.826788
-27	 0.973333	 1.000000	 1.000000	 1.909305
-29	 0.988327	 1.000000	 1.000000	 2.097491
-36	 0.990400	 1.000000	 1.000000	 2.314593
-33	 0.973913	 1.000000	 1.000000	 2.397706
-34	 0.980132	 1.000000	 1.000000	 2.505601
-34	 0.977186	 1.000000	 1.000000	 2.600931
-36	 0.982906	 1.000000	 1.000000	 2.727945
-34	 0.979730	 1.000000	 1.000000	 2.837214
-40	 0.990755	 1.000000	 1.000000	 3.062824
-43	 0.991561	 1.000000	 1.000000	 3.314020
-42	 0.986985	 1.000000	 1.000000	 3.484153
-43	 0.984416	 1.000000	 1.000000	 3.618611
-40	 0.981763	 1.000000	 1.000000	 3.735302
-39	 0.989381	 1.000000	 1.000000	 3.933174
-37	 0.968421	 1.000000	 1.000000	 4.003978
-37	 0.983003	 1.000000	 1.000000	 4.134342
-39	 0.974026	 1.000000	 1.000000	 4.221195
-41	 0.973913	 1.000000	 1.000000	 4.306819
-39	 0.978873	 1.000000	 1.000000	 4.416473
-43	 0.947368	 1.000000	 1.000000	 4.460939
-40	 0.977012	 1.000000	 1.000000	 4.557241
-40	 0.983193	 1.000000	 1.000000	 4.683597
-44	 0.982955	 1.000000	 1.000000	 4.809785
-45	 0.981132	 1.000000	 1.000000	 4.925462
-46	 0.975708	 1.000000	 1.000000	 5.016132
-45	 0.971154	 1.000000	 1.000000	 5.092802
-45	 0.977612	 1.000000	 1.000000	 5.191910
-47	 0.976834	 1.000000	 1.000000	 5.284686
-46	 0.982301	 1.000000	 1.000000	 5.407091
-51	 0.966102	 1.000000	 1.000000	 5.472994
-47	 0.978022	 1.000000	 1.000000	 5.570670
-46	 0.976834	 1.000000	 1.000000	 5.668884
-46	 0.904762	 1.000000	 1.000000	 5.700915
-45	 0.987013	 1.000000	 1.000000	 5.869858
-47	 0.973451	 1.000000	 1.000000	 5.953944
-49	 0.972973	 1.000000	 1.000000	 6.049748
-51	 0.963190	 1.000000	 1.000000	 6.112206
-51	 0.983099	 1.000000	 1.000000	 6.244994
-48	 0.986079	 1.000000	 1.000000	 6.403741
-50	 0.938776	 1.000000	 1.000000	 6.442291
-49	 0.983471	 1.000000	 1.000000	 6.575716
-47	 0.967914	 1.000000	 1.000000	 6.643850
-45	 0.983471	 1.000000	 1.000000	 6.777924
-46	 0.978261	 1.000000	 1.000000	 6.879549
-45	 0.989637	 1.000000	 1.000000	 7.083662
-47	 0.971292	 1.000000	 1.000000	 7.159205
-49	 0.941748	 1.000000	 1.000000	 7.201531
-45	 0.978261	 1.000000	 1.000000	 7.305864
-50	 0.977099	 1.000000	 1.000000	 7.405366
-49	 0.977860	 1.000000	 1.000000	 7.506946
-49	 0.979021	 1.000000	 1.000000	 7.611234
-51	 0.958042	 1.000000	 1.000000	 7.665940
-47	 0.972477	 1.000000	 1.000000	 7.750109
-49	 0.921053	 1.000000	 1.000000	 7.780399
-48	 0.985222	 0.768473	 0.818182	 8.673998
-47	 0.980769	 1.000000	 1.000000	 8.992439
-49	 0.961290	 1.000000	 1.000000	 9.055373
-51	 0.986111	 1.000000	 1.000000	 9.417080
-51	 0.973214	 1.000000	 1.000000	 9.703589
-48	 0.988889	 1.000000	 1.000000	 10.305718
-53	 0.962264	 1.000000	 1.000000	 10.378027
-53	 0.976378	 1.000000	 1.000000	 10.479242
-57	 0.979866	 1.000000	 1.000000	 10.791828
-56	 0.980066	 1.000000	 1.000000	 11.121464
-53	 0.984334	 1.000000	 1.000000	 11.506485
-63	 0.985542	 1.000000	 1.000000	 11.879976
-64	 0.974359	 1.000000	 1.000000	 12.178816
-64	 0.300000	 1.000000	 1.000000	 12.196351
-68	 0.970588	 1.000000	 1.000000	 12.407096
-67	 0.000000	 1.000000	 -nan	 12.452143
-67	 0.000000	 1.000000	 -nan	 12.502311
-71	 0.000000	 1.000000	 1.000000	 12.544693
-71	 0.363636	 1.000000	 -nan	 12.551504
-75	 0.500000	 1.000000	 1.000000	 12.583444
-75	 0.000000	 1.000000	 -nan	 12.637632
-74	 0.000000	 1.000000	 -nan	 12.686899
-72	 0.000000	 1.000000	 -nan	 12.741104
-73	 0.000000	 1.000000	 -nan	 12.791134
-76	 0.000000	 1.000000	 -nan	 12.840867
-75	 0.000000	 1.000000	 -nan	 12.895084
-75	 0.000000	 1.000000	 -nan	 12.948533
-76	 0.000000	 1.000000	 -nan	 12.997053
-76	 0.000000	 -3.000000	 -0.142857	 13.191358
-74	 0.000000	 1.000000	 1.000000	 13.242831
-74	 0.000000	 1.000000	 -nan	 13.292858
-75	 0.000000	 1.000000	 1.000000	 13.550452
-74	 0.000000	 1.000000	 1.000000	 13.568980
-74	 0.000000	 1.000000	 1.000000	 13.601975
-72	 0.000000	 1.000000	 1.000000	 13.625015
-72	 0.000000	 1.000000	 -nan	 13.629697
-72	 0.250000	 1.000000	 1.000000	 13.634761
-72	 0.000000	 1.000000	 -nan	 13.638771
-70	 0.000000	 1.000000	 1.000000	 13.644559
-71	 0.111111	 1.000000	 1.000000	 13.650660
-71	 0.000000	 1.000000	 1.000000	 13.656854
-72	 0.000000	 1.000000	 -nan	 13.661277
-72	 0.000000	 1.000000	 -nan	 13.666243
-71	 0.000000	 1.000000	 -nan	 13.670504
-71	 0.000000	 1.000000	 -nan	 13.675203
-72	 0.142857	 1.000000	 -nan	 13.679762
-72	 0.000000	 1.000000	 -nan	 13.688868
-70	 0.000000	 1.000000	 1.000000	 13.824656
-70	 0.000000	 1.000000	 1.000000	 13.836860
-69	 0.739130	 1.000000	 1.000000	 13.847267
-72	 0.538462	 1.000000	 1.000000	 13.853903
-72	 0.000000	 1.000000	 1.000000	 13.858799
-73	 0.000000	 1.000000	 1.000000	 13.863498
-72	 0.142857	 1.000000	 1.000000	 13.867841
-72	 0.000000	 1.000000	 -nan	 13.873574
-72	 0.000000	 1.000000	 -nan	 13.879331
-73	 0.000000	 1.000000	 1.000000	 13.885147
-73	 0.000000	 1.000000	 -nan	 13.890930
-73	 0.000000	 1.000000	 1.000000	 13.895638
-71	 0.000000	 1.000000	 -nan	 13.900797
-70	 0.000000	 1.000000	 1.000000	 13.908505
-70	 0.142857	 1.000000	 1.000000	 13.914571
-71	 0.777778	 1.000000	 1.000000	 13.927352
-74	 0.714286	 1.000000	 1.000000	 13.937857
-74	 0.000000	 1.000000	 1.000000	 13.943006
-76	 0.000000	 1.000000	 1.000000	 13.947940
-75	 0.000000	 1.000000	 1.000000	 13.952723
-75	 0.000000	 1.000000	 -nan	 13.956826
-75	 0.000000	 1.000000	 1.000000	 13.961715
-75	 0.000000	 1.000000	 1.000000	 13.988025
-76	 0.000000	 1.000000	 -nan	 14.019275
-76	 0.000000	 1.000000	 -nan	 14.072006
-77	 0.000000	 1.000000	 -nan	 14.117591
-77	 0.000000	 1.000000	 -nan	 14.168739
-76	 0.000000	 1.000000	 -nan	 14.189374
-76	 0.000000	 1.000000	 -nan	 14.194666
-75	 0.000000	 1.000000	 -nan	 14.199060
-76	 0.000000	 1.000000	 -nan	 14.204035
-75	 0.000000	 1.000000	 -nan	 14.208902
-76	 0.000000	 1.000000	 1.000000	 14.359471
-76	 0.000000	 1.000000	 1.000000	 14.405860
-76	 0.000000	 1.000000	 1.000000	 14.451268
-76	 0.000000	 1.000000	 1.000000	 14.504002
-76	 0.000000	 1.000000	 1.000000	 14.550167
-75	 0.000000	 1.000000	 -nan	 14.555261
-74	 0.000000	 1.000000	 -nan	 14.560048
-74	 0.000000	 1.000000	 -nan	 14.565518
-74	 0.000000	 1.000000	 -nan	 14.570406
-75	 0.000000	 1.000000	 -nan	 14.592028
-75	 0.000000	 1.000000	 -nan	 14.632673
-71	 0.142857	 1.000000	 1.000000	 14.780584
-71	 0.000000	 1.000000	 -nan	 14.794095
-71	 0.000000	 1.000000	 -nan	 14.839009
-71	 0.000000	 1.000000	 -nan	 14.855946
-73	 0.000000	 1.000000	 1.000000	 14.898998
-73	 0.000000	 1.000000	 1.000000	 14.907939
-74	 0.000000	 1.000000	 1.000000	 14.914981
-75	 0.000000	 1.000000	 1.000000	 14.931790
-74	 0.000000	 1.000000	 1.000000	 14.944031
-74	 0.000000	 1.000000	 1.000000	 14.955021
-74	 0.000000	 1.000000	 1.000000	 14.983081
-73	 0.000000	 1.000000	 1.000000	 15.006913
-73	 0.000000	 1.000000	 1.000000	 15.027345
-72	 0.000000	 1.000000	 1.000000	 15.067014
-72	 0.000000	 1.000000	 -nan	 15.071523
-72	 0.000000	 1.000000	 1.000000	 15.076736
-72	 0.000000	 1.000000	 1.000000	 15.081568
-72	 0.000000	 1.000000	 1.000000	 15.087489
-74	 0.000000	 1.000000	 1.000000	 15.108266
-74	 0.000000	 1.000000	 1.000000	 15.116153
-73	 0.000000	 1.000000	 1.000000	 15.120962
-73	 0.000000	 1.000000	 1.000000	 15.131488
-73	 0.000000	 1.000000	 1.000000	 15.136660
-72	 0.000000	 1.000000	 1.000000	 15.148203
-73	 0.000000	 1.000000	 1.000000	 15.153180
-74	 0.000000	 1.000000	 1.000000	 15.178896
-73	 0.000000	 1.000000	 1.000000	 15.187596
-73	 0.000000	 1.000000	 1.000000	 15.192409
-73	 0.000000	 1.000000	 1.000000	 15.197334
-73	 0.000000	 1.000000	 1.000000	 15.207560
-73	 0.000000	 1.000000	 1.000000	 15.218741
-73	 0.000000	 1.000000	 1.000000	 15.237321
-73	 0.000000	 1.000000	 1.000000	 15.279046
-74	 0.000000	 1.000000	 1.000000	 15.284576
-74	 0.000000	 1.000000	 1.000000	 15.288850
-72	 0.000000	 1.000000	 1.000000	 15.295530
-73	 0.567568	 1.000000	 1.000000	 15.315357
-73	 0.000000	 1.000000	 -nan	 15.321994
-73	 0.000000	 1.000000	 -nan	 15.326791
-72	 0.000000	 1.000000	 1.000000	 15.356112
-71	 0.000000	 1.000000	 1.000000	 15.404724
-72	 0.000000	 1.000000	 1.000000	 15.425693
-71	 0.000000	 1.000000	 1.000000	 15.432412
-72	 0.000000	 1.000000	 1.000000	 15.437469
-71	 0.000000	 1.000000	 1.000000	 15.442291
-73	 0.000000	 1.000000	 1.000000	 15.447362
-74	 0.000000	 1.000000	 1.000000	 15.452331
-74	 0.000000	 1.000000	 1.000000	 15.457990
-74	 0.000000	 1.000000	 1.000000	 15.463015
-75	 0.000000	 1.000000	 1.000000	 15.467933
-75	 0.000000	 1.000000	 1.000000	 15.471754
-73	 0.000000	 1.000000	 1.000000	 15.504573
-73	 0.000000	 1.000000	 1.000000	 15.509882
-74	 0.000000	 1.000000	 1.000000	 15.514653
-75	 0.000000	 1.000000	 1.000000	 15.518906
-74	 0.000000	 1.000000	 1.000000	 15.523837
-74	 0.000000	 1.000000	 1.000000	 15.528332
-74	 0.000000	 1.000000	 1.000000	 15.533216
-75	 0.000000	 1.000000	 1.000000	 15.538621
-75	 0.000000	 1.000000	 -nan	 15.542467
-74	 0.000000	 1.000000	 1.000000	 15.548323
-76	 0.000000	 1.000000	 1.000000	 15.553048
-75	 0.000000	 1.000000	 1.000000	 15.558872
-77	 0.000000	 1.000000	 1.000000	 15.581140
-75	 0.000000	 1.000000	 1.000000	 15.632102
-75	 0.000000	 1.000000	 1.000000	 15.684330
-79	 0.000000	 1.000000	 1.000000	 15.741562
-74	 0.000000	 1.000000	 1.000000	 15.799114
-77	 0.000000	 1.000000	 1.000000	 15.858345
-79	 0.000000	 1.000000	 1.000000	 15.918979
-79	 0.000000	 1.000000	 1.000000	 15.977881
-77	 0.000000	 1.000000	 1.000000	 16.031958
-78	 0.000000	 1.000000	 1.000000	 16.086769
-79	 0.000000	 1.000000	 1.000000	 16.138739
-79	 0.000000	 1.000000	 1.000000	 16.186159
-82	 0.000000	 1.000000	 1.000000	 16.234888
-79	 0.000000	 1.000000	 1.000000	 16.259203
-78	 0.000000	 1.000000	 1.000000	 16.275419
-78	 0.000000	 1.000000	 1.000000	 16.291386
-77	 0.000000	 1.000000	 1.000000	 16.309219
-75	 0.000000	 1.000000	 1.000000	 16.323956
-78	 0.000000	 1.000000	 1.000000	 16.339018
-78	 0.000000	 1.000000	 1.000000	 16.354366
-76	 0.000000	 1.000000	 1.000000	 16.370302
-77	 0.000000	 1.000000	 1.000000	 16.384834
-77	 0.000000	 1.000000	 1.000000	 16.400854
-79	 0.000000	 1.000000	 1.000000	 16.416595
-76	 0.000000	 1.000000	 1.000000	 16.435110
-78	 0.000000	 1.000000	 1.000000	 16.450994
-78	 0.000000	 1.000000	 1.000000	 16.470535
-75	 0.000000	 1.000000	 1.000000	 16.483997
-78	 0.000000	 1.000000	 1.000000	 16.499619
-78	 0.000000	 1.000000	 1.000000	 16.515806
-79	 0.000000	 1.000000	 1.000000	 16.536106
-76	 0.000000	 1.000000	 1.000000	 16.551292
-78	 0.000000	 1.000000	 1.000000	 16.566351
-78	 0.000000	 1.000000	 1.000000	 16.581999
-81	 0.000000	 1.000000	 1.000000	 16.597754
-78	 0.000000	 1.000000	 1.000000	 16.616335
-78	 0.000000	 1.000000	 1.000000	 16.631392
-77	 0.000000	 1.000000	 1.000000	 16.646715
-78	 0.000000	 1.000000	 1.000000	 16.664795
-79	 0.000000	 1.000000	 1.000000	 16.680223
-78	 0.000000	 1.000000	 1.000000	 16.695225
-76	 0.000000	 1.000000	 1.000000	 16.710590
-75	 0.000000	 1.000000	 1.000000	 16.726103
-74	 0.000000	 1.000000	 1.000000	 16.740936
-74	 0.000000	 1.000000	 1.000000	 16.755943
-76	 0.000000	 1.000000	 1.000000	 16.771667
-76	 0.000000	 1.000000	 1.000000	 16.786348
-76	 0.000000	 1.000000	 1.000000	 16.802023
-76	 0.000000	 1.000000	 1.000000	 16.817059
-76	 0.000000	 1.000000	 1.000000	 16.832376
-76	 0.000000	 1.000000	 1.000000	 16.846157
-75	 0.000000	 1.000000	 1.000000	 16.862371
-73	 0.000000	 1.000000	 1.000000	 16.876572
-72	 0.000000	 1.000000	 1.000000	 16.892422
-72	 0.000000	 1.000000	 1.000000	 16.907442
-71	 0.000000	 1.000000	 1.000000	 16.923908
-72	 0.000000	 1.000000	 1.000000	 16.942577
-72	 0.000000	 1.000000	 1.000000	 16.957479
-73	 0.000000	 1.000000	 1.000000	 16.970930
-75	 0.000000	 1.000000	 1.000000	 16.986553
-73	 0.000000	 1.000000	 1.000000	 17.002346
-68	 0.000000	 1.000000	 1.000000	 17.017479
-75	 0.000000	 1.000000	 1.000000	 17.032242
-77	 0.000000	 1.000000	 1.000000	 17.047756
-77	 0.000000	 1.000000	 1.000000	 17.066931
-77	 0.000000	 1.000000	 1.000000	 17.083828
-77	 0.000000	 1.000000	 1.000000	 17.099058
-77	 0.000000	 1.000000	 1.000000	 17.113661
-77	 0.000000	 1.000000	 1.000000	 17.130150
-77	 0.000000	 1.000000	 1.000000	 17.144804
-76	 0.000000	 1.000000	 1.000000	 17.160181
-77	 0.000000	 1.000000	 1.000000	 17.177502
-78	 0.000000	 1.000000	 1.000000	 17.193041
-77	 0.000000	 1.000000	 1.000000	 17.209007
-78	 0.000000	 1.000000	 1.000000	 17.223410
-75	 0.000000	 1.000000	 1.000000	 17.243689
-73	 0.000000	 1.000000	 1.000000	 17.257238
-71	 0.000000	 1.000000	 1.000000	 17.272448
-74	 0.000000	 1.000000	 1.000000	 17.287905
-73	 0.250000	 1.000000	 1.000000	 17.304087
-73	 0.000000	 1.000000	 1.000000	 17.322191
-72	 0.000000	 1.000000	 1.000000	 17.338228
-74	 0.000000	 1.000000	 1.000000	 17.352707
-72	 0.000000	 1.000000	 1.000000	 17.369179
-74	 0.000000	 1.000000	 1.000000	 17.384317
-73	 0.000000	 1.000000	 1.000000	 17.399645
-73	 0.000000	 1.000000	 1.000000	 17.413465
-74	 0.000000	 1.000000	 1.000000	 17.428602
-72	 0.000000	 1.000000	 1.000000	 17.445103
-71	 0.000000	 1.000000	 1.000000	 17.459175
-70	 0.785714	 1.000000	 1.000000	 17.482269
-71	 0.793103	 1.000000	 1.000000	 17.508026
-71	 0.000000	 1.000000	 1.000000	 17.522930
-70	 0.000000	 1.000000	 1.000000	 17.538847
-71	 0.000000	 1.000000	 1.000000	 17.553612
-72	 0.000000	 1.000000	 1.000000	 17.575459
-71	 0.000000	 1.000000	 1.000000	 17.623100
-70	 0.000000	 1.000000	 1.000000	 17.667044
-72	 0.000000	 1.000000	 1.000000	 17.717194
-73	 0.000000	 1.000000	 1.000000	 17.771015
-74	 0.250000	 1.000000	 1.000000	 17.777512
-73	 0.500000	 1.000000	 1.000000	 17.785973
-73	 0.000000	 1.000000	 1.000000	 17.800188
-73	 0.454545	 1.000000	 1.000000	 17.817684
-73	 0.000000	 1.000000	 1.000000	 17.833721
-73	 0.000000	 1.000000	 1.000000	 17.849012
-73	 0.000000	 1.000000	 1.000000	 17.864819
-74	 0.000000	 1.000000	 1.000000	 17.879681
-74	 0.000000	 1.000000	 1.000000	 17.895445
-74	 0.000000	 1.000000	 1.000000	 17.914923
-72	 0.000000	 1.000000	 1.000000	 17.935181
-70	 0.400000	 1.000000	 1.000000	 17.944159
-69	 0.142857	 1.000000	 1.000000	 17.959826
-71	 0.700000	 1.000000	 1.000000	 17.980185
-71	 0.938776	 1.000000	 1.000000	 18.031889
-68	 0.000000	 1.000000	 1.000000	 18.047512
-75	 0.333333	 1.000000	 1.000000	 18.063217
-72	 0.500000	 1.000000	 1.000000	 18.090384
-73	 0.333333	 1.000000	 1.000000	 18.098513
-69	 0.000000	 1.000000	 1.000000	 18.157015
-74	 0.853659	 1.000000	 1.000000	 18.200006
-74	 0.894737	 1.000000	 1.000000	 18.223803
-72	 0.934066	 1.000000	 1.000000	 18.264544
-74	 0.611111	 1.000000	 1.000000	 18.274796
-74	 0.538462	 1.000000	 1.000000	 18.287008
-73	 0.333333	 1.000000	 1.000000	 18.292801
-73	 0.500000	 1.000000	 1.000000	 18.303518
-73	 0.400000	 1.000000	 1.000000	 18.318958
-73	 0.901639	 1.000000	 1.000000	 18.344206
-74	 0.750000	 1.000000	 1.000000	 18.355705
-73	 0.785714	 1.000000	 1.000000	 18.369186
-74	 0.666667	 1.000000	 1.000000	 18.378365
-73	 0.647059	 1.000000	 1.000000	 18.388178
-73	 0.739130	 1.000000	 1.000000	 18.399742
-73	 0.454545	 1.000000	 1.000000	 18.408476
-72	 0.000000	 1.000000	 -nan	 18.460485
-75	 0.000000	 1.000000	 1.000000	 18.506948
-75	 0.647059	 1.000000	 -nan	 18.515673
-72	 0.898305	 1.000000	 1.000000	 18.539455
-73	 0.892857	 1.000000	 1.000000	 18.562160
-73	 0.880000	 1.000000	 1.000000	 18.582066
-71	 0.917808	 1.000000	 1.000000	 18.612675
-72	 0.600000	 1.000000	 1.000000	 18.620703
-72	 0.571429	 1.000000	 1.000000	 18.654110
-73	 0.760000	 1.000000	 1.000000	 18.666582
-72	 0.571429	 1.000000	 1.000000	 18.675749
-73	 0.714286	 1.000000	 1.000000	 18.691723
-73	 0.818182	 1.000000	 -nan	 18.704866
-73	 0.142857	 1.000000	 1.000000	 18.723864
-70	 0.000000	 1.000000	 1.000000	 18.779730
-70	 0.571429	 1.000000	 1.000000	 18.805565
-69	 0.949580	 1.000000	 1.000000	 18.849289
-71	 0.966480	 1.000000	 1.000000	 18.916241
-70	 0.951613	 1.000000	 1.000000	 18.963739
-70	 0.958042	 1.000000	 1.000000	 19.017849
-70	 0.966292	 1.000000	 1.000000	 19.087290
-65	 0.981763	 1.000000	 1.000000	 19.274485
-66	 0.972727	 1.000000	 1.000000	 19.387047
-65	 0.964706	 1.000000	 1.000000	 19.450823
-65	 0.972973	 1.000000	 1.000000	 19.534546
-67	 0.985472	 1.000000	 1.000000	 19.685038
-64	 0.979522	 1.000000	 1.000000	 19.795938
-65	 0.978947	 1.000000	 1.000000	 19.904047
-65	 0.971154	 1.000000	 1.000000	 19.981607
-61	 0.980519	 1.000000	 1.000000	 20.092646
-63	 0.964706	 1.000000	 1.000000	 20.156614
-65	 0.976378	 1.000000	 1.000000	 20.251106
-67	 0.976096	 1.000000	 1.000000	 20.346857
-71	 0.980716	 1.000000	 1.000000	 20.481882
-69	 0.972222	 1.000000	 1.000000	 20.569357
-70	 0.971963	 1.000000	 1.000000	 20.650980
-68	 0.943925	 1.000000	 1.000000	 20.693348
-69	 0.714286	 1.000000	 1.000000	 20.703154
-69	 0.400000	 1.000000	 1.000000	 20.709433
-69	 0.911765	 1.000000	 1.000000	 20.738766
-63	 0.975410	 1.000000	 1.000000	 20.829357
-69	 0.955224	 1.000000	 1.000000	 20.881395
-67	 0.333333	 1.000000	 1.000000	 20.886848
-68	 0.700000	 1.000000	 1.000000	 20.899401
-69	 0.222222	 1.000000	 1.000000	 20.928942
-70	 0.714286	 1.000000	 1.000000	 20.941189
-71	 0.890909	 1.000000	 1.000000	 20.965076
-70	 0.957143	 1.000000	 1.000000	 21.018562
-65	 0.984043	 1.000000	 1.000000	 21.156681
-61	 0.980645	 1.000000	 1.000000	 21.274801
-59	 0.987680	 1.000000	 1.000000	 21.454107
-55	 0.984848	 1.000000	 1.000000	 21.609772
-55	 0.984962	 1.000000	 1.000000	 21.755804
-56	 0.910448	 1.000000	 1.000000	 21.783060
-58	 0.990115	 1.000000	 1.000000	 22.000092
-55	 0.988119	 1.000000	 1.000000	 22.180630
-58	 0.988119	 1.000000	 1.000000	 22.365135
-60	 0.991266	 1.000000	 1.000000	 22.633423
-56	 0.989830	 1.000000	 1.000000	 22.890810
-51	 0.980263	 1.000000	 1.000000	 23.005697
-50	 0.987261	 1.000000	 1.000000	 23.184113
-53	 0.980583	 1.000000	 1.000000	 23.300770
-53	 0.951219	 1.000000	 1.000000	 23.349495
-52	 0.981424	 1.000000	 1.000000	 23.472147
-49	 0.954198	 1.000000	 1.000000	 23.524006
-51	 0.977099	 1.000000	 1.000000	 23.622910
-49	 0.959732	 1.000000	 1.000000	 23.680456
-51	 0.962264	 1.000000	 1.000000	 23.744509
-54	 0.984252	 1.000000	 1.000000	 23.887138
-54	 0.981818	 1.000000	 1.000000	 24.011761
-53	 0.964497	 1.000000	 1.000000	 24.075575
-55	 0.992780	 1.000000	 1.000000	 24.491823
-50	 0.977186	 1.000000	 1.000000	 24.596695
-52	 0.979730	 1.000000	 1.000000	 24.708199
-50	 0.974790	 1.000000	 1.000000	 24.797596
-52	 0.965714	 1.000000	 1.000000	 24.864775
-53	 0.953846	 1.000000	 1.000000	 24.913677
-55	 0.972727	 1.000000	 1.000000	 24.996929
-56	 0.985507	 1.000000	 1.000000	 25.155872
-60	 0.985000	 1.000000	 1.000000	 25.306549
-63	 0.971831	 1.000000	 1.000000	 25.387735
-64	 0.979592	 1.000000	 1.000000	 25.500807
-65	 0.981191	 1.000000	 1.000000	 25.623491
-68	 0.962500	 1.000000	 1.000000	 25.684538
-67	 0.961783	 1.000000	 1.000000	 25.756214
-68	 0.974265	 1.000000	 1.000000	 25.859390
-67	 0.970149	 1.000000	 1.000000	 25.936483
-68	 0.967742	 1.000000	 1.000000	 26.007946
-65	 0.961538	 1.000000	 1.000000	 26.068577
-66	 0.934066	 1.000000	 1.000000	 26.105337
-64	 0.904762	 1.000000	 1.000000	 26.145393
-64	 0.972477	 1.000000	 1.000000	 26.227846
-70	 0.962963	 1.000000	 1.000000	 26.291592
-68	 0.500000	 1.000000	 1.000000	 26.310692
-66	 0.538462	 1.000000	 1.000000	 26.330545
-66	 0.880000	 1.000000	 1.000000	 26.350494
-64	 0.857143	 1.000000	 1.000000	 26.369490
-64	 0.800000	 1.000000	 1.000000	 26.384310
-67	 0.970297	 1.000000	 1.000000	 26.461359
-67	 0.984848	 1.000000	 1.000000	 26.608812
-66	 0.975000	 1.000000	 1.000000	 26.697126
-67	 0.973799	 1.000000	 1.000000	 26.782890
-66	 0.961538	 1.000000	 1.000000	 26.841530
-66	 0.982609	 1.000000	 1.000000	 26.970854
-73	 0.964706	 1.000000	 1.000000	 27.034988
-74	 0.935484	 1.000000	 1.000000	 27.081999
-74	 0.975000	 1.000000	 1.000000	 27.174547
-72	 0.571429	 1.000000	 1.000000	 27.225706
-72	 0.785714	 1.000000	 -nan	 27.251734
-71	 0.947826	 1.000000	 1.000000	 27.294355
-73	 0.538462	 1.000000	 1.000000	 27.332539
-74	 0.971292	 1.000000	 1.000000	 27.408056
-74	 0.250000	 1.000000	 1.000000	 27.445850
-72	 0.963636	 1.000000	 1.000000	 27.511990
-73	 0.934066	 1.000000	 1.000000	 27.546703
-76	 0.142857	 1.000000	 1.000000	 27.603256
-73	 0.250000	 1.000000	 -nan	 27.629692
-75	 0.000000	 1.000000	 -nan	 27.656866
-74	 0.000000	 1.000000	 -nan	 27.710854
-72	 0.625000	 1.000000	 -nan	 27.734657
-72	 0.416667	 1.000000	 1.000000	 27.743582
-69	 0.250000	 1.000000	 1.000000	 27.779411
-75	 0.000000	 1.000000	 1.000000	 27.833115
-68	 0.000000	 1.000000	 1.000000	 27.884428
-73	 0.000000	 1.000000	 1.000000	 27.917912
-73	 0.823529	 1.000000	 -nan	 27.936453
-74	 0.913043	 1.000000	 1.000000	 27.969334
-75	 0.250000	 1.000000	 1.000000	 27.993580
-76	 0.000000	 1.000000	 -nan	 28.042818
-78	 0.000000	 1.000000	 -nan	 28.096731
-74	 0.000000	 1.000000	 -nan	 28.140091
-76	 0.000000	 1.000000	 -nan	 28.193218
-74	 0.000000	 1.000000	 -nan	 28.239450
-73	 0.000000	 1.000000	 -nan	 28.279196
-73	 0.666667	 1.000000	 -nan	 28.291245
-74	 0.684211	 1.000000	 1.000000	 28.301430
-75	 0.333333	 1.000000	 1.000000	 28.335295
-72	 0.727273	 1.000000	 1.000000	 28.352673
-69	 0.894737	 1.000000	 1.000000	 28.388910
-74	 0.000000	 1.000000	 -nan	 28.408646
-73	 0.000000	 1.000000	 -nan	 28.428083
-75	 0.000000	 1.000000	 -nan	 28.454676
-76	 0.000000	 1.000000	 -nan	 28.475861
-70	 0.000000	 1.000000	 1.000000	 28.506577
-75	 0.000000	 1.000000	 1.000000	 28.561518
-75	 0.000000	 1.000000	 1.000000	 28.615700
-71	 0.000000	 1.000000	 1.000000	 28.663361
-74	 0.000000	 1.000000	 1.000000	 28.720432
-77	 0.000000	 1.000000	 1.000000	 28.769316
-78	 0.000000	 1.000000	 1.000000	 28.825075
-77	 0.000000	 1.000000	 1.000000	 28.875254
-74	 0.000000	 1.000000	 1.000000	 28.895588
-73	 0.000000	 1.000000	 1.000000	 28.917862
-74	 0.000000	 1.000000	 1.000000	 28.935566
-75	 0.454545	 1.000000	 1.000000	 28.952293
-76	 0.142857	 1.000000	 1.000000	 28.967709
-77	 0.000000	 1.000000	 1.000000	 28.983225
-77	 0.000000	 1.000000	 1.000000	 28.999161
-76	 0.000000	 1.000000	 1.000000	 29.014978
-75	 0.000000	 1.000000	 1.000000	 29.029991
-75	 0.000000	 1.000000	 1.000000	 29.046152
-76	 0.000000	 1.000000	 1.000000	 29.060785
-76	 0.000000	 1.000000	 1.000000	 29.076349
-78	 0.000000	 1.000000	 1.000000	 29.091269
-78	 0.000000	 1.000000	 1.000000	 29.113041
-78	 0.000000	 1.000000	 1.000000	 29.127146
-75	 0.000000	 1.000000	 1.000000	 29.143040
-74	 0.000000	 1.000000	 1.000000	 29.158129
-73	 0.000000	 1.000000	 1.000000	 29.173262
-72	 0.000000	 1.000000	 1.000000	 29.188276
-72	 0.000000	 1.000000	 1.000000	 29.203791
-72	 0.000000	 1.000000	 1.000000	 29.218769
-74	 0.000000	 1.000000	 1.000000	 29.234789
-73	 0.000000	 1.000000	 1.000000	 29.250530
-75	 0.000000	 1.000000	 1.000000	 29.266314
-74	 0.000000	 1.000000	 1.000000	 29.280493
-75	 0.000000	 1.000000	 1.000000	 29.296545
-75	 0.000000	 1.000000	 1.000000	 29.311541
-75	 0.000000	 1.000000	 1.000000	 29.326807
-75	 0.000000	 1.000000	 1.000000	 29.342653
-76	 0.000000	 1.000000	 1.000000	 29.357176
-75	 0.000000	 1.000000	 1.000000	 29.372137
-76	 0.000000	 1.000000	 1.000000	 29.392248
-77	 0.000000	 1.000000	 1.000000	 29.406031
-77	 0.000000	 1.000000	 1.000000	 29.421734
-77	 0.000000	 1.000000	 1.000000	 29.436323
-76	 0.000000	 1.000000	 1.000000	 29.454702
-75	 0.000000	 1.000000	 1.000000	 29.469149
-74	 0.000000	 1.000000	 1.000000	 29.484665
-76	 0.000000	 1.000000	 1.000000	 29.500690
-77	 0.000000	 1.000000	 1.000000	 29.515265
-76	 0.000000	 1.000000	 1.000000	 29.530891
-76	 0.000000	 1.000000	 1.000000	 29.545862
-75	 0.000000	 1.000000	 1.000000	 29.561886
-73	 0.000000	 1.000000	 1.000000	 29.576393
-73	 0.000000	 1.000000	 1.000000	 29.594875
-73	 0.000000	 1.000000	 1.000000	 29.609423
-72	 0.000000	 1.000000	 1.000000	 29.625648
-73	 0.000000	 1.000000	 1.000000	 29.640789
-75	 0.000000	 1.000000	 1.000000	 29.655834
-76	 0.000000	 1.000000	 1.000000	 29.671303
-76	 0.000000	 1.000000	 1.000000	 29.686701
-77	 0.000000	 1.000000	 1.000000	 29.702438
-77	 0.000000	 1.000000	 1.000000	 29.717077
-77	 0.000000	 1.000000	 1.000000	 29.732903
-76	 0.000000	 1.000000	 1.000000	 29.748568
-78	 0.000000	 1.000000	 1.000000	 29.763828
-78	 0.000000	 1.000000	 1.000000	 29.778748
-77	 0.000000	 1.000000	 1.000000	 29.793512
-76	 0.000000	 1.000000	 1.000000	 29.808586
-76	 0.000000	 1.000000	 1.000000	 29.824865
-78	 0.000000	 1.000000	 1.000000	 29.846025
-78	 0.000000	 1.000000	 1.000000	 29.860155
-77	 0.000000	 1.000000	 1.000000	 29.877037
-76	 0.000000	 1.000000	 1.000000	 29.898586
-77	 0.000000	 1.000000	 1.000000	 29.914879
-78	 0.000000	 1.000000	 1.000000	 29.932177
-79	 0.000000	 1.000000	 1.000000	 29.946449
-79	 0.000000	 1.000000	 1.000000	 29.963970
-78	 0.000000	 1.000000	 1.000000	 29.978689
-78	 0.000000	 1.000000	 1.000000	 29.993738
-77	 0.000000	 1.000000	 1.000000	 30.014458
-76	 0.000000	 1.000000	 1.000000	 30.029327
-79	 0.142857	 -2.428571	 0.684211	 32.418911
-81	 0.142857	 1.000000	 1.000000	 32.435429
-79	 0.250000	 1.000000	 1.000000	 32.452698
-80	 0.142857	 1.000000	 1.000000	 32.469059
-80	 0.142857	 1.000000	 1.000000	 32.485336
-81	 0.142857	 1.000000	 1.000000	 32.501259
-79	 0.300000	 1.000000	 1.000000	 32.519714
-80	 0.250000	 1.000000	 1.000000	 32.535728
-79	 0.333333	 1.000000	 1.000000	 32.551365
-79	 0.400000	 1.000000	 1.000000	 32.569103
-80	 0.142857	 1.000000	 1.000000	 32.584164
-80	 0.000000	 1.000000	 1.000000	 32.601585
-80	 0.000000	 1.000000	 -nan	 32.616341
-80	 0.000000	 1.000000	 -nan	 32.631180
-80	 0.000000	 1.000000	 -nan	 32.646030
-80	 0.000000	 1.000000	 1.000000	 32.660892
-81	 0.000000	 1.000000	 1.000000	 32.676521
-80	 0.000000	 1.000000	 1.000000	 32.694778
-80	 0.000000	 1.000000	 1.000000	 32.712540
-80	 0.000000	 1.000000	 1.000000	 32.727757
-80	 0.000000	 1.000000	 1.000000	 32.743263
-80	 0.000000	 1.000000	 1.000000	 32.758698
-80	 0.000000	 1.000000	 1.000000	 32.774078
-81	 0.000000	 1.000000	 1.000000	 32.789417
-80	 0.000000	 1.000000	 1.000000	 32.805737
-80	 0.000000	 1.000000	 1.000000	 32.821018
-81	 0.000000	 1.000000	 1.000000	 32.841084
-81	 0.000000	 1.000000	 1.000000	 32.856895
-81	 0.000000	 1.000000	 1.000000	 32.873253
-81	 0.000000	 1.000000	 1.000000	 32.888523
-81	 0.000000	 1.000000	 1.000000	 32.904400
-81	 0.000000	 1.000000	 1.000000	 32.919655
-80	 0.000000	 1.000000	 1.000000	 32.935020
-80	 0.000000	 1.000000	 1.000000	 32.949841
-80	 0.000000	 1.000000	 1.000000	 32.965675
-81	 0.000000	 1.000000	 1.000000	 32.980885
-81	 0.000000	 1.000000	 1.000000	 32.996384
-81	 0.000000	 1.000000	 1.000000	 33.011528
-81	 0.000000	 1.000000	 1.000000	 33.027569
-81	 0.000000	 1.000000	 1.000000	 33.042091
-81	 0.000000	 1.000000	 -nan	 33.058083
-83	 0.000000	 1.000000	 1.000000	 33.083916
-82	 0.000000	 1.000000	 1.000000	 33.099144
-82	 0.000000	 1.000000	 1.000000	 33.114727
-82	 0.000000	 1.000000	 1.000000	 33.131763
-82	 0.000000	 1.000000	 1.000000	 33.147263
-81	 0.000000	 1.000000	 1.000000	 33.164616
-82	 0.000000	 1.000000	 1.000000	 33.180359
-81	 0.000000	 1.000000	 1.000000	 33.195141
-82	 0.000000	 1.000000	 1.000000	 33.211121
-82	 0.000000	 1.000000	 1.000000	 33.226509
-82	 0.000000	 1.000000	 1.000000	 33.241199
-82	 0.000000	 1.000000	 1.000000	 33.256924
-82	 0.000000	 1.000000	 1.000000	 33.272251
-82	 0.000000	 1.000000	 1.000000	 33.287918
-80	 0.000000	 1.000000	 1.000000	 33.306866
-80	 0.000000	 1.000000	 1.000000	 33.321373
-80	 0.000000	 1.000000	 1.000000	 33.337135
-81	 0.000000	 1.000000	 1.000000	 33.352245
-82	 0.000000	 1.000000	 1.000000	 33.369392
-82	 0.000000	 1.000000	 1.000000	 33.387417
-81	 0.000000	 1.000000	 1.000000	 33.404350
-80	 0.000000	 1.000000	 1.000000	 33.419357
-80	 0.000000	 1.000000	 1.000000	 33.435558
-81	 0.000000	 1.000000	 1.000000	 33.448959
-80	 0.000000	 1.000000	 1.000000	 33.464600
-80	 0.000000	 1.000000	 1.000000	 33.479347
-80	 0.000000	 1.000000	 1.000000	 33.494473
-77	 0.000000	 1.000000	 1.000000	 33.510231
-81	 0.000000	 1.000000	 1.000000	 33.525265
-80	 0.000000	 1.000000	 1.000000	 33.541306
-80	 0.000000	 1.000000	 1.000000	 33.556210
-81	 0.000000	 1.000000	 1.000000	 33.571747
-81	 0.000000	 1.000000	 1.000000	 33.586861
-80	 0.000000	 1.000000	 1.000000	 33.601910
-81	 0.000000	 1.000000	 1.000000	 33.618164
-80	 0.000000	 1.000000	 1.000000	 33.638077
-80	 0.000000	 1.000000	 1.000000	 33.651733
-80	 0.000000	 1.000000	 1.000000	 33.666920
-80	 0.000000	 1.000000	 1.000000	 33.681847
-80	 0.000000	 1.000000	 1.000000	 33.697762
-80	 0.000000	 1.000000	 1.000000	 33.713333
-80	 0.000000	 1.000000	 1.000000	 33.728733
-81	 0.000000	 1.000000	 1.000000	 33.744011
-83	 0.000000	 1.000000	 1.000000	 33.762142
-83	 0.000000	 1.000000	 1.000000	 33.780277
-82	 0.000000	 1.000000	 1.000000	 33.808022
-83	 0.000000	 1.000000	 1.000000	 33.824970
-83	 0.000000	 1.000000	 1.000000	 33.841850
-83	 0.000000	 1.000000	 1.000000	 33.859707
-82	 0.000000	 1.000000	 1.000000	 33.874466
-81	 0.000000	 1.000000	 1.000000	 33.888084
-79	 0.000000	 1.000000	 1.000000	 33.903637
-75	 0.000000	 1.000000	 1.000000	 33.921856
-80	 0.000000	 1.000000	 1.000000	 33.940910
-80	 0.000000	 1.000000	 1.000000	 33.956955
-80	 0.000000	 1.000000	 1.000000	 33.972816
-80	 0.000000	 1.000000	 1.000000	 33.987980
-80	 0.000000	 1.000000	 1.000000	 34.003647
-80	 0.000000	 1.000000	 1.000000	 34.018894
-79	 0.000000	 1.000000	 1.000000	 34.035015
-80	 0.000000	 1.000000	 1.000000	 34.049732
-80	 0.000000	 1.000000	 1.000000	 34.065750
-82	 0.000000	 1.000000	 1.000000	 34.082565
-85	 0.000000	 1.000000	 1.000000	 34.103313
-84	 0.000000	 1.000000	 1.000000	 34.125893
-86	 0.000000	 1.000000	 1.000000	 34.146481
-83	 0.000000	 1.000000	 1.000000	 34.164059
-83	 0.000000	 1.000000	 1.000000	 34.182117
-82	 0.000000	 1.000000	 1.000000	 34.197098
-83	 0.000000	 1.000000	 1.000000	 34.212803
-81	 0.000000	 1.000000	 1.000000	 34.231853
-82	 0.000000	 1.000000	 1.000000	 34.249058
-82	 0.000000	 1.000000	 1.000000	 34.267036
-81	 0.000000	 1.000000	 1.000000	 34.284939
-81	 0.000000	 1.000000	 1.000000	 34.303665
-82	 0.000000	 1.000000	 1.000000	 34.319393
-80	 0.000000	 1.000000	 1.000000	 34.335384
-82	 0.000000	 1.000000	 1.000000	 34.358540
-80	 0.000000	 1.000000	 1.000000	 34.373528
-83	 0.000000	 1.000000	 1.000000	 34.392097
-84	 0.000000	 1.000000	 1.000000	 34.409798
-80	 0.000000	 1.000000	 1.000000	 34.430584
-83	 0.000000	 1.000000	 1.000000	 34.445904
-77	 0.000000	 1.000000	 1.000000	 34.463772
-81	 0.000000	 1.000000	 1.000000	 34.478989
-82	 0.111111	 1.000000	 1.000000	 34.501862
-82	 0.000000	 1.000000	 1.000000	 34.532009
-80	 0.000000	 1.000000	 1.000000	 34.652481
-80	 0.000000	 1.000000	 1.000000	 34.724632
-81	 0.000000	 1.000000	 1.000000	 34.752773
-80	 0.000000	 1.000000	 1.000000	 34.853222
-80	 0.000000	 1.000000	 1.000000	 34.874016
-78	 0.000000	 1.000000	 1.000000	 34.966362
-85	 0.000000	 1.000000	 1.000000	 35.000652
-84	 0.000000	 1.000000	 1.000000	 35.331074
-85	 0.000000	 1.000000	 1.000000	 35.385067
-84	 0.000000	 1.000000	 1.000000	 35.415733
-84	 0.000000	 1.000000	 1.000000	 35.509922
-80	 0.000000	 1.000000	 1.000000	 35.758450
-79	 0.000000	 1.000000	 1.000000	 36.207047
-86	 0.000000	 1.000000	 1.000000	 36.361034
-81	 0.000000	 1.000000	 1.000000	 36.410461
-82	 0.000000	 1.000000	 1.000000	 36.501678
-80	 0.000000	 1.000000	 1.000000	 36.560352
-80	 0.000000	 1.000000	 1.000000	 36.588772
-81	 0.000000	 1.000000	 1.000000	 36.622772
-81	 0.000000	 1.000000	 1.000000	 36.651409
-82	 0.000000	 1.000000	 1.000000	 36.682961
-82	 0.000000	 1.000000	 1.000000	 36.710087
-82	 0.000000	 1.000000	 1.000000	 36.793438
-82	 0.000000	 1.000000	 1.000000	 36.904484
-81	 0.000000	 1.000000	 1.000000	 36.953003
-82	 0.000000	 1.000000	 1.000000	 37.006802
-84	 0.000000	 1.000000	 1.000000	 37.257263
-82	 0.000000	 1.000000	 1.000000	 37.384460
-82	 0.000000	 1.000000	 1.000000	 37.405281
-78	 0.000000	 1.000000	 1.000000	 37.507401
-81	 0.000000	 1.000000	 1.000000	 37.706696
-85	 0.000000	 1.000000	 1.000000	 37.899506
-81	 0.000000	 1.000000	 1.000000	 37.914768
-85	 0.000000	 1.000000	 1.000000	 37.976791
-85	 0.000000	 1.000000	 1.000000	 38.062447
-84	 0.000000	 1.000000	 1.000000	 38.198410
-84	 0.000000	 1.000000	 1.000000	 38.368343
-84	 0.000000	 1.000000	 1.000000	 38.552540
-84	 0.000000	 1.000000	 1.000000	 39.060314
