-19	 0.000000	 1.000000	 1.000000	 0.003821
-18	 0.000000	 1.000000	 1.000000	 0.007597
-18	 0.000000	 1.000000	 -nan	 0.011540
-18	 0.000000	 1.000000	 -nan	 0.014539
-18	 0.000000	 1.000000	 -nan	 0.018275
-18	 0.000000	 1.000000	 1.000000	 0.022200
-18	 0.000000	 1.000000	 -nan	 0.025150
-18	 0.000000	 1.000000	 -nan	 0.028986
-18	 0.000000	 1.000000	 1.000000	 0.032879
-18	 0.363636	 1.000000	 1.000000	 0.038307
-18	 0.000000	 1.000000	 -nan	 0.042306
-18	 0.333333	 1.000000	 -nan	 0.046201
-18	 0.000000	 1.000000	 1.000000	 0.050449
-17	 0.125000	 1.000000	 1.000000	 0.054387
-19	 0.142857	 1.000000	 1.000000	 0.058790
-19	 0.000000	 1.000000	 1.000000	 0.066709
-20	 0.000000	 1.000000	 1.000000	 0.073840
-20	 0.000000	 1.000000	 1.000000	 0.076967
-20	 0.000000	 1.000000	 -nan	 0.079899
-17	 0.125000	 1.000000	 -nan	 0.083853
-17	 0.000000	 1.000000	 -nan	 0.087095
-17	 0.142857	 1.000000	 -nan	 0.090753
-17	 0.000000	 1.000000	 -nan	 0.093816
-17	 0.300000	 1.000000	 -nan	 0.098051
-17	 0.000000	 1.000000	 -nan	 0.102079
-17	 0.142857	 1.000000	 -nan	 0.105212
-17	 0.142857	 1.000000	 -nan	 0.108575
-17	 0.111111	 1.000000	 -nan	 0.112941
-17	 0.250000	 1.000000	 -nan	 0.117173
-17	 0.222222	 1.000000	 -nan	 0.121340
-17	 0.125000	 1.000000	 -nan	 0.125754
-17	 0.000000	 1.000000	 -nan	 0.128982
-17	 0.000000	 1.000000	 -nan	 0.133223
-17	 0.000000	 1.000000	 -nan	 0.136717
-16	 0.000000	 1.000000	 1.000000	 0.145168
-16	 0.000000	 1.000000	 -nan	 0.148354
-18	 0.125000	 1.000000	 1.000000	 0.168885
-17	 0.142857	 1.000000	 1.000000	 0.172219
-17	 0.250000	 1.000000	 1.000000	 0.176182
-17	 0.111111	 1.000000	 -nan	 0.180580
-17	 0.000000	 1.000000	 -nan	 0.184923
-17	 0.000000	 1.000000	 -nan	 0.187910
-18	 0.000000	 1.000000	 1.000000	 0.192466
-18	 0.000000	 1.000000	 1.000000	 0.195463
-18	 0.333333	 1.000000	 1.000000	 0.199450
-17	 0.125000	 1.000000	 1.000000	 0.203827
-18	 0.250000	 1.000000	 1.000000	 0.207817
-18	 0.000000	 1.000000	 1.000000	 0.211768
-18	 0.125000	 1.000000	 1.000000	 0.216403
-18	 0.250000	 1.000000	 1.000000	 0.220562
-18	 0.400000	 1.000000	 1.000000	 0.225446
-18	 0.333333	 1.000000	 1.000000	 0.229899
-18	 0.000000	 1.000000	 1.000000	 0.233115
-18	 0.333333	 1.000000	 1.000000	 0.237947
-18	 0.250000	 1.000000	 1.000000	 0.241586
-18	 0.142857	 1.000000	 1.000000	 0.244870
-18	 0.625000	 1.000000	 1.000000	 0.252479
-18	 0.700000	 1.000000	 1.000000	 0.260211
-19	 0.125000	 1.000000	 1.000000	 0.264761
-19	 0.666667	 1.000000	 1.000000	 0.272656
-18	 0.000000	 1.000000	 1.000000	 0.276098
-29	 0.000000	 1.000000	 1.000000	 0.280494
-29	 0.142857	 1.000000	 1.000000	 0.284564
-29	 0.125000	 1.000000	 1.000000	 0.288152
-29	 0.333333	 1.000000	 1.000000	 0.292500
-29	 0.125000	 1.000000	 1.000000	 0.296469
-30	 0.000000	 1.000000	 1.000000	 0.300007
-30	 0.125000	 1.000000	 1.000000	 0.303964
-30	 0.125000	 1.000000	 1.000000	 0.307857
-31	 0.125000	 1.000000	 1.000000	 0.312441
-31	 0.000000	 1.000000	 1.000000	 0.315763
-31	 0.000000	 1.000000	 1.000000	 0.319747
-31	 0.000000	 1.000000	 1.000000	 0.324347
-30	 0.000000	 1.000000	 1.000000	 0.328631
-31	 0.000000	 1.000000	 1.000000	 0.332528
-30	 0.125000	 1.000000	 1.000000	 0.337026
-30	 0.000000	 1.000000	 1.000000	 0.341266
-30	 0.000000	 1.000000	 1.000000	 0.345263
-29	 0.000000	 1.000000	 1.000000	 0.351153
-29	 0.000000	 1.000000	 1.000000	 0.354177
-29	 0.000000	 1.000000	 1.000000	 0.358099
-29	 0.000000	 1.000000	 1.000000	 0.362379
-29	 0.125000	 1.000000	 1.000000	 0.366409
-29	 0.000000	 1.000000	 1.000000	 0.369459
-28	 0.000000	 1.000000	 1.000000	 0.373113
-27	 0.000000	 1.000000	 1.000000	 0.378261
-28	 0.000000	 1.000000	 1.000000	 0.382297
-28	 0.000000	 1.000000	 1.000000	 0.385937
-25	 0.142857	 1.000000	 1.000000	 0.391141
-26	 0.000000	 1.000000	 1.000000	 0.411934
-26	 0.000000	 1.000000	 1.000000	 0.421563
-26	 0.000000	 1.000000	 1.000000	 0.426280
-24	 0.000000	 1.000000	 1.000000	 0.445298
-23	 0.000000	 1.000000	 1.000000	 0.474141
-22	 0.000000	 1.000000	 1.000000	 0.478391
-23	 0.125000	 1.000000	 1.000000	 0.482406
-23	 0.142857	 1.000000	 -nan	 0.486033
-25	 0.222222	 1.000000	 1.000000	 0.490403
-24	 0.125000	 1.000000	 1.000000	 0.494333
-24	 0.125000	 1.000000	 1.000000	 0.498824
-24	 0.000000	 1.000000	 -nan	 0.502103
-25	 0.000000	 1.000000	 1.000000	 0.505182
-24	 0.142857	 1.000000	 1.000000	 0.508763
-24	 0.000000	 1.000000	 1.000000	 0.512053
-24	 0.222222	 1.000000	 -nan	 0.517045
-24	 0.222222	 1.000000	 1.000000	 0.521800
-24	 0.222222	 1.000000	 1.000000	 0.526089
-24	 0.125000	 1.000000	 1.000000	 0.530115
-24	 0.142857	 1.000000	 -nan	 0.533563
-24	 0.000000	 1.000000	 1.000000	 0.537030
-24	 0.142857	 1.000000	 1.000000	 0.540973
-24	 0.000000	 1.000000	 1.000000	 0.545415
-24	 0.000000	 1.000000	 1.000000	 0.548690
-24	 0.125000	 1.000000	 -nan	 0.552563
-24	 0.000000	 1.000000	 1.000000	 0.557112
-23	 0.142857	 1.000000	 1.000000	 0.561038
-24	 0.125000	 1.000000	 -nan	 0.565085
-24	 0.000000	 1.000000	 1.000000	 0.571259
-24	 0.000000	 1.000000	 1.000000	 0.575236
-24	 0.000000	 1.000000	 1.000000	 0.578761
-25	 0.250000	 1.000000	 1.000000	 0.583014
-17	 0.000000	 1.000000	 1.000000	 0.586135
-17	 0.142857	 1.000000	 -nan	 0.589716
-26	 0.000000	 1.000000	 1.000000	 0.593059
-25	 0.000000	 1.000000	 1.000000	 0.597086
-26	 0.000000	 1.000000	 1.000000	 0.601450
-25	 0.000000	 1.000000	 1.000000	 0.604766
-26	 0.000000	 1.000000	 1.000000	 0.608744
-26	 0.000000	 1.000000	 1.000000	 0.613224
-25	 0.000000	 1.000000	 1.000000	 0.618022
-26	 0.000000	 1.000000	 -nan	 0.622058
-26	 0.000000	 1.000000	 -nan	 0.625955
-26	 0.142857	 1.000000	 1.000000	 0.629863
-26	 0.000000	 1.000000	 1.000000	 0.634731
-27	 0.000000	 1.000000	 1.000000	 0.637818
-27	 0.000000	 1.000000	 1.000000	 0.641007
-26	 0.000000	 1.000000	 1.000000	 0.644870
-27	 0.000000	 1.000000	 1.000000	 0.649261
-27	 0.000000	 1.000000	 1.000000	 0.652636
-26	 0.000000	 1.000000	 1.000000	 0.656507
-29	 0.137203	 1.000000	 1.000000	 1.936198
-30	 0.000000	 1.000000	 1.000000	 1.950707
-29	 0.000000	 1.000000	 1.000000	 1.957987
-30	 0.000000	 1.000000	 1.000000	 1.961485
-30	 0.000000	 1.000000	 1.000000	 1.964795
-31	 0.000000	 1.000000	 1.000000	 1.968272
-30	 0.000000	 1.000000	 1.000000	 1.972805
-30	 0.000000	 1.000000	 1.000000	 1.977009
-30	 0.000000	 1.000000	 -nan	 1.981058
-31	 0.000000	 1.000000	 1.000000	 1.996196
-31	 0.000000	 1.000000	 1.000000	 2.001986
-31	 0.000000	 1.000000	 1.000000	 2.005424
-31	 0.000000	 1.000000	 1.000000	 2.009026
-31	 0.000000	 1.000000	 1.000000	 2.012926
-31	 0.000000	 1.000000	 1.000000	 2.016046
-32	 0.000000	 1.000000	 1.000000	 2.019563
-32	 0.000000	 1.000000	 1.000000	 2.023050
-32	 0.000000	 1.000000	 1.000000	 2.026480
-31	 0.000000	 1.000000	 1.000000	 2.030276
-33	 0.000000	 1.000000	 1.000000	 2.033801
-31	 0.142857	 1.000000	 -nan	 2.037736
-33	 0.000000	 1.000000	 1.000000	 2.054727
-32	 0.333333	 1.000000	 1.000000	 2.059331
-32	 0.000000	 1.000000	 1.000000	 2.063041
-33	 0.000000	 1.000000	 1.000000	 2.067083
-33	 0.000000	 1.000000	 1.000000	 2.070152
-33	 0.142857	 1.000000	 1.000000	 2.074134
-33	 0.000000	 1.000000	 1.000000	 2.090185
-33	 0.000000	 1.000000	 1.000000	 2.097588
-33	 0.125000	 1.000000	 1.000000	 2.102482
-33	 0.250000	 1.000000	 1.000000	 2.106796
-32	 0.000000	 1.000000	 1.000000	 2.112008
-33	 0.142857	 1.000000	 1.000000	 2.115724
-33	 0.000000	 1.000000	 1.000000	 2.119640
-34	 0.000000	 1.000000	 1.000000	 2.123456
-34	 0.000000	 1.000000	 -nan	 2.126644
-33	 0.125000	 1.000000	 1.000000	 2.130458
-33	 0.142857	 1.000000	 -nan	 2.133969
-33	 0.000000	 1.000000	 -nan	 2.137085
-33	 0.000000	 1.000000	 -nan	 2.140240
-32	 0.000000	 1.000000	 1.000000	 2.143755
-32	 0.000000	 1.000000	 -nan	 2.146929
-33	 0.000000	 1.000000	 1.000000	 2.151284
-33	 0.000000	 1.000000	 1.000000	 2.157011
-33	 0.000000	 1.000000	 -nan	 2.160270
-32	 0.000000	 1.000000	 1.000000	 2.163629
-33	 0.000000	 1.000000	 1.000000	 2.167385
-33	 0.000000	 1.000000	 -nan	 2.171049
-33	 0.000000	 1.000000	 1.000000	 2.174426
-33	 0.000000	 1.000000	 -nan	 2.177695
-33	 0.000000	 1.000000	 -nan	 2.181544
-33	 0.142857	 1.000000	 -nan	 2.185104
-33	 0.222222	 1.000000	 1.000000	 2.189666
-32	 0.222222	 1.000000	 1.000000	 2.195063
-32	 0.222222	 1.000000	 1.000000	 2.199913
-32	 0.250000	 1.000000	 1.000000	 2.204463
-32	 0.400000	 1.000000	 -nan	 2.208352
-32	 0.400000	 1.000000	 1.000000	 2.213213
-32	 0.400000	 1.000000	 1.000000	 2.217775
-32	 0.250000	 1.000000	 1.000000	 2.221908
-32	 0.125000	 1.000000	 1.000000	 2.226426
-33	 0.250000	 1.000000	 1.000000	 2.230786
-32	 0.461538	 1.000000	 1.000000	 2.235995
-33	 0.125000	 1.000000	 -nan	 2.240384
-33	 0.333333	 1.000000	 1.000000	 2.245649
-33	 0.142857	 1.000000	 1.000000	 2.249468
-33	 0.454545	 1.000000	 -nan	 2.253505
-33	 0.555556	 1.000000	 1.000000	 2.260766
-33	 0.000000	 1.000000	 1.000000	 2.264724
-33	 0.000000	 1.000000	 1.000000	 2.267921
-33	 0.142857	 1.000000	 1.000000	 2.271665
-34	 0.000000	 1.000000	 1.000000	 2.275393
-35	 0.000000	 1.000000	 1.000000	 2.279759
-35	 0.000000	 1.000000	 1.000000	 2.284339
-34	 0.400000	 1.000000	 1.000000	 2.289209
-35	 0.000000	 1.000000	 -nan	 2.293361
-35	 0.142857	 1.000000	 -nan	 2.297591
-34	 0.222222	 1.000000	 -nan	 2.302137
-35	 0.125000	 1.000000	 1.000000	 2.306363
-35	 0.454545	 1.000000	 1.000000	 2.311177
-35	 0.125000	 1.000000	 1.000000	 2.315728
-36	 0.000000	 1.000000	 1.000000	 2.319793
-36	 0.000000	 1.000000	 -nan	 2.324086
-37	 0.000000	 1.000000	 -nan	 2.327290
-36	 0.000000	 1.000000	 1.000000	 2.330500
-36	 0.000000	 1.000000	 1.000000	 2.334133
-37	 0.000000	 1.000000	 1.000000	 2.337661
-36	 0.000000	 1.000000	 1.000000	 2.341072
-36	 0.142857	 1.000000	 1.000000	 2.345019
-36	 0.125000	 1.000000	 1.000000	 2.348595
-36	 0.400000	 1.000000	 1.000000	 2.353128
-36	 0.000000	 1.000000	 1.000000	 2.357142
-36	 0.454545	 1.000000	 1.000000	 2.361916
-36	 0.250000	 1.000000	 1.000000	 2.365956
-36	 0.222222	 1.000000	 1.000000	 2.370614
-36	 0.125000	 1.000000	 1.000000	 2.375312
-37	 0.000000	 1.000000	 1.000000	 2.379718
-36	 0.000000	 1.000000	 1.000000	 2.383171
-35	 0.222222	 1.000000	 1.000000	 2.387904
-35	 0.000000	 1.000000	 1.000000	 2.391834
-35	 0.000000	 1.000000	 1.000000	 2.395402
-35	 0.142857	 1.000000	 1.000000	 2.399873
-34	 0.250000	 1.000000	 -nan	 2.403782
-34	 0.111111	 1.000000	 1.000000	 2.408548
-35	 0.400000	 1.000000	 -nan	 2.412536
-34	 0.250000	 1.000000	 1.000000	 2.416936
-34	 0.125000	 1.000000	 1.000000	 2.422184
-34	 0.142857	 1.000000	 1.000000	 2.426172
-33	 0.000000	 1.000000	 1.000000	 2.430419
-33	 0.000000	 1.000000	 1.000000	 2.435063
-33	 0.000000	 1.000000	 1.000000	 2.439159
-33	 0.454545	 1.000000	 1.000000	 2.443862
-34	 0.222222	 1.000000	 1.000000	 2.448682
-33	 0.250000	 1.000000	 1.000000	 2.452635
-33	 0.142857	 1.000000	 1.000000	 2.456701
-33	 0.090909	 1.000000	 1.000000	 2.462789
-33	 0.333333	 1.000000	 1.000000	 2.467005
-32	 0.200000	 1.000000	 1.000000	 2.472128
-33	 0.000000	 1.000000	 1.000000	 2.477052
-33	 0.000000	 1.000000	 1.000000	 2.481622
-33	 0.222222	 1.000000	 1.000000	 2.485907
-32	 0.000000	 1.000000	 1.000000	 2.490290
-32	 0.142857	 1.000000	 -nan	 2.493649
-32	 0.125000	 1.000000	 -nan	 2.497701
-32	 0.400000	 1.000000	 1.000000	 2.503692
-32	 0.250000	 1.000000	 1.000000	 2.507264
-32	 0.000000	 1.000000	 1.000000	 2.511174
-32	 0.125000	 1.000000	 -nan	 2.515717
-33	 0.125000	 1.000000	 1.000000	 2.520082
-33	 0.000000	 1.000000	 1.000000	 2.523347
-34	 0.000000	 1.000000	 1.000000	 2.527021
-34	 0.000000	 1.000000	 1.000000	 2.530516
-34	 0.000000	 1.000000	 1.000000	 2.534067
-34	 0.000000	 1.000000	 1.000000	 2.538431
-33	 0.000000	 1.000000	 1.000000	 2.542938
-34	 0.142857	 1.000000	 1.000000	 2.546795
-35	 0.125000	 1.000000	 1.000000	 2.551758
-35	 0.222222	 1.000000	 -nan	 2.555863
-35	 0.142857	 1.000000	 1.000000	 2.559880
-35	 0.000000	 1.000000	 1.000000	 2.563778
-35	 0.000000	 1.000000	 1.000000	 2.567587
-35	 0.000000	 1.000000	 1.000000	 2.571498
-35	 0.000000	 1.000000	 1.000000	 2.575985
-35	 0.000000	 1.000000	 1.000000	 2.580403
-35	 0.000000	 1.000000	 1.000000	 2.583951
-27	 0.000000	 1.000000	 -nan	 2.587616
-36	 0.000000	 1.000000	 1.000000	 2.590978
-35	 0.142857	 1.000000	 1.000000	 2.594574
-34	 0.000000	 1.000000	 1.000000	 2.626394
-34	 0.000000	 1.000000	 1.000000	 2.650779
-33	 0.000000	 1.000000	 1.000000	 2.656348
-34	 0.000000	 1.000000	 1.000000	 2.673697
-33	 0.000000	 1.000000	 1.000000	 2.677079
-34	 0.000000	 1.000000	 1.000000	 2.681026
-34	 0.000000	 1.000000	 1.000000	 2.684967
-33	 0.250000	 1.000000	 1.000000	 2.688659
-33	 0.000000	 1.000000	 1.000000	 2.693038
-33	 0.000000	 1.000000	 1.000000	 2.697045
-32	 0.142857	 1.000000	 1.000000	 2.700533
-32	 0.000000	 1.000000	 1.000000	 2.704860
-32	 0.000000	 1.000000	 1.000000	 2.708804
-32	 0.000000	 1.000000	 1.000000	 2.712538
-32	 0.000000	 1.000000	 1.000000	 2.715782
-33	 0.222222	 1.000000	 1.000000	 2.719950
-33	 0.000000	 1.000000	 1.000000	 2.724373
-33	 0.000000	 1.000000	 1.000000	 2.728337
-33	 0.142857	 1.000000	 1.000000	 2.732296
-33	 0.000000	 1.000000	 1.000000	 2.736986
-32	 0.000000	 1.000000	 1.000000	 2.740398
-32	 0.000000	 1.000000	 1.000000	 2.745269
-33	 0.142857	 1.000000	 1.000000	 2.748893
-33	 0.125000	 1.000000	 1.000000	 2.753176
-33	 0.000000	 1.000000	 1.000000	 2.757062
-33	 0.000000	 1.000000	 1.000000	 2.760876
-34	 0.000000	 1.000000	 1.000000	 2.764221
-33	 0.000000	 1.000000	 1.000000	 2.769392
-33	 0.142857	 1.000000	 1.000000	 2.772905
-33	 0.000000	 1.000000	 1.000000	 2.776979
-33	 0.000000	 1.000000	 1.000000	 2.779926
-34	 0.000000	 1.000000	 1.000000	 2.783548
-33	 0.000000	 1.000000	 1.000000	 2.787799
-34	 0.142857	 1.000000	 1.000000	 2.791709
-35	 0.000000	 1.000000	 1.000000	 2.795353
-33	 0.000000	 1.000000	 1.000000	 2.799545
-33	 0.000000	 1.000000	 -nan	 2.802680
-34	 0.000000	 1.000000	 1.000000	 2.807208
-34	 0.000000	 1.000000	 1.000000	 2.810650
-34	 0.000000	 1.000000	 1.000000	 2.813745
-33	 0.000000	 1.000000	 1.000000	 2.817639
-33	 0.000000	 1.000000	 1.000000	 2.820448
-34	 0.000000	 1.000000	 1.000000	 2.824899
-34	 0.000000	 1.000000	 1.000000	 2.829240
-34	 0.000000	 1.000000	 1.000000	 2.832384
-34	 0.000000	 1.000000	 -nan	 2.835408
-35	 0.000000	 1.000000	 1.000000	 2.839899
-35	 0.000000	 1.000000	 1.000000	 2.843484
-35	 0.000000	 1.000000	 1.000000	 2.847359
-34	 0.000000	 1.000000	 1.000000	 2.850405
-34	 0.000000	 1.000000	 1.000000	 2.854342
-34	 0.000000	 1.000000	 1.000000	 2.858349
-34	 0.000000	 1.000000	 -nan	 2.861788
-35	 0.000000	 1.000000	 1.000000	 2.865172
-34	 0.000000	 1.000000	 1.000000	 2.869039
-34	 0.000000	 1.000000	 1.000000	 2.873941
-34	 0.000000	 1.000000	 1.000000	 2.877945
-34	 0.000000	 1.000000	 1.000000	 2.881788
-34	 0.000000	 1.000000	 1.000000	 2.886143
-34	 0.000000	 1.000000	 1.000000	 2.890126
-34	 0.000000	 1.000000	 1.000000	 2.893169
-35	 0.000000	 1.000000	 -nan	 2.896815
-34	 0.125000	 1.000000	 1.000000	 2.901067
-35	 0.000000	 1.000000	 1.000000	 2.905922
-34	 0.000000	 1.000000	 1.000000	 2.910593
-34	 0.250000	 1.000000	 1.000000	 2.914789
-34	 0.142857	 1.000000	 1.000000	 2.918711
-34	 0.000000	 1.000000	 1.000000	 2.923287
-34	 0.000000	 1.000000	 -nan	 2.927021
-34	 0.000000	 1.000000	 1.000000	 2.930955
-34	 0.250000	 1.000000	 1.000000	 2.935295
-35	 0.000000	 1.000000	 1.000000	 2.939226
-34	 0.200000	 1.000000	 1.000000	 2.944582
-34	 0.416667	 1.000000	 1.000000	 2.949832
-34	 0.391304	 1.000000	 1.000000	 2.960894
-33	 0.200000	 1.000000	 1.000000	 2.966072
-34	 0.153846	 1.000000	 1.000000	 2.973422
-34	 0.250000	 1.000000	 1.000000	 2.977778
-33	 0.333333	 1.000000	 -nan	 2.981630
-33	 0.250000	 1.000000	 1.000000	 2.985836
-34	 0.333333	 1.000000	 1.000000	 2.990036
-34	 0.454545	 1.000000	 1.000000	 2.994633
-34	 0.000000	 1.000000	 1.000000	 3.000970
-34	 0.142857	 1.000000	 1.000000	 3.004922
-35	 0.000000	 1.000000	 1.000000	 3.008574
-35	 0.142857	 1.000000	 1.000000	 3.012597
-35	 0.000000	 1.000000	 1.000000	 3.016821
-36	 0.166667	 1.000000	 1.000000	 3.023121
-35	 0.000000	 1.000000	 -nan	 3.027382
-36	 0.250000	 1.000000	 1.000000	 3.031830
-35	 0.000000	 1.000000	 1.000000	 3.035308
-35	 0.000000	 1.000000	 1.000000	 3.039101
-37	 0.000000	 1.000000	 1.000000	 3.043087
-36	 0.250000	 1.000000	 1.000000	 3.047043
-36	 0.142857	 1.000000	 1.000000	 3.050627
-37	 0.000000	 1.000000	 1.000000	 3.054721
-38	 0.125000	 1.000000	 1.000000	 3.059303
-36	 0.222222	 1.000000	 1.000000	 3.063550
-39	 0.333333	 1.000000	 1.000000	 3.067745
-37	 0.125000	 1.000000	 1.000000	 3.071957
-37	 0.000000	 1.000000	 1.000000	 3.077502
-38	 0.000000	 1.000000	 1.000000	 3.084624
-37	 0.000000	 1.000000	 1.000000	 3.089275
-40	 0.142857	 1.000000	 1.000000	 3.093217
-40	 0.000000	 1.000000	 1.000000	 3.100210
-38	 0.000000	 1.000000	 1.000000	 3.103344
-38	 0.000000	 1.000000	 1.000000	 3.112642
-41	 0.000000	 1.000000	 1.000000	 3.128351
-41	 0.000000	 1.000000	 1.000000	 3.132396
-41	 0.000000	 1.000000	 1.000000	 3.139077
-41	 0.000000	 1.000000	 1.000000	 3.144290
-42	 0.000000	 1.000000	 1.000000	 3.147461
-40	 0.000000	 1.000000	 1.000000	 3.150500
-41	 0.000000	 1.000000	 1.000000	 3.154414
-42	 0.000000	 1.000000	 1.000000	 3.158760
-41	 0.000000	 1.000000	 1.000000	 3.163321
-39	 0.000000	 1.000000	 1.000000	 3.167357
-39	 0.000000	 1.000000	 1.000000	 3.170750
-39	 0.000000	 1.000000	 1.000000	 3.174846
-40	 0.090909	 1.000000	 1.000000	 3.181092
-39	 0.000000	 1.000000	 1.000000	 3.185722
-39	 0.000000	 1.000000	 1.000000	 3.189677
-39	 0.000000	 1.000000	 1.000000	 3.192724
-39	 0.142857	 1.000000	 1.000000	 3.196570
-39	 0.000000	 1.000000	 1.000000	 3.199605
-39	 0.125000	 1.000000	 1.000000	 3.203856
-38	 0.000000	 1.000000	 1.000000	 3.208944
-39	 0.000000	 1.000000	 -nan	 3.212824
-38	 0.000000	 1.000000	 1.000000	 3.221313
-37	 0.000000	 1.000000	 1.000000	 3.225968
-37	 0.000000	 1.000000	 1.000000	 3.230305
-36	 0.000000	 1.000000	 1.000000	 3.234628
-37	 0.000000	 1.000000	 1.000000	 3.238575
-37	 0.000000	 1.000000	 1.000000	 3.242925
-38	 0.000000	 1.000000	 1.000000	 3.250048
-38	 0.000000	 1.000000	 -nan	 3.253259
-40	 0.000000	 1.000000	 1.000000	 3.257496
-40	 0.000000	 1.000000	 1.000000	 3.261294
-39	 0.000000	 1.000000	 1.000000	 3.264409
-40	 0.000000	 1.000000	 1.000000	 3.267905
-40	 0.125000	 1.000000	 -nan	 3.271511
-40	 0.000000	 1.000000	 1.000000	 3.275898
-41	 0.250000	 1.000000	 1.000000	 3.280033
-41	 0.000000	 1.000000	 -nan	 3.283520
-39	 0.000000	 1.000000	 -nan	 3.287680
-41	 0.000000	 1.000000	 1.000000	 3.291256
-40	 0.000000	 1.000000	 1.000000	 3.295403
-39	 0.000000	 1.000000	 1.000000	 3.298416
-39	 0.000000	 1.000000	 1.000000	 3.302512
-41	 0.000000	 1.000000	 1.000000	 3.306055
-39	 0.000000	 1.000000	 1.000000	 3.310142
-38	 0.000000	 1.000000	 -nan	 3.313460
-38	 0.000000	 1.000000	 -nan	 3.316807
-40	 0.000000	 1.000000	 1.000000	 3.321079
-38	 0.000000	 1.000000	 1.000000	 3.325241
-40	 0.000000	 1.000000	 1.000000	 3.328742
-38	 0.142857	 1.000000	 1.000000	 3.332005
-41	 0.000000	 1.000000	 1.000000	 3.336227
-41	 0.000000	 1.000000	 1.000000	 3.340634
-42	 0.000000	 1.000000	 1.000000	 3.344458
-41	 0.000000	 1.000000	 -nan	 3.348652
-41	 0.000000	 1.000000	 -nan	 3.351859
-41	 0.000000	 1.000000	 1.000000	 3.356754
-41	 0.000000	 1.000000	 1.000000	 3.360004
-41	 0.000000	 1.000000	 1.000000	 3.364487
-41	 0.000000	 1.000000	 1.000000	 3.367721
-42	 0.000000	 1.000000	 1.000000	 3.372073
-40	 0.000000	 1.000000	 1.000000	 3.375599
-41	 0.000000	 1.000000	 1.000000	 3.380396
-40	 0.000000	 1.000000	 1.000000	 3.383850
-40	 0.000000	 1.000000	 1.000000	 3.388190
-41	 0.000000	 1.000000	 1.000000	 3.391394
-42	 0.000000	 1.000000	 1.000000	 3.395884
-41	 0.000000	 1.000000	 1.000000	 3.399974
-42	 0.000000	 1.000000	 1.000000	 3.403137
-43	 0.000000	 1.000000	 1.000000	 3.406470
-42	 0.000000	 1.000000	 1.000000	 3.411389
-42	 0.000000	 1.000000	 1.000000	 3.415531
-42	 0.000000	 1.000000	 1.000000	 3.418828
-42	 0.000000	 1.000000	 1.000000	 3.423230
-41	 0.142857	 1.000000	 1.000000	 3.427363
-41	 0.142857	 1.000000	 1.000000	 3.430620
-41	 0.000000	 1.000000	 1.000000	 3.434127
-41	 0.000000	 1.000000	 1.000000	 3.438346
-40	 0.000000	 1.000000	 1.000000	 3.442075
-38	 0.000000	 1.000000	 1.000000	 3.446116
-37	 0.000000	 1.000000	 -nan	 3.450058
-38	 0.000000	 1.000000	 1.000000	 3.454161
-37	 0.000000	 1.000000	 1.000000	 3.458353
-37	 0.000000	 1.000000	 1.000000	 3.465222
-37	 0.000000	 1.000000	 1.000000	 3.468748
-37	 0.000000	 1.000000	 1.000000	 3.472980
-37	 0.000000	 1.000000	 1.000000	 3.476500
-36	 0.142857	 1.000000	 1.000000	 3.480876
-37	 0.142857	 1.000000	 1.000000	 3.485096
-37	 0.000000	 1.000000	 1.000000	 3.490209
-36	 0.000000	 1.000000	 1.000000	 3.493782
-36	 0.142857	 1.000000	 -nan	 3.496913
-37	 0.000000	 1.000000	 1.000000	 3.501605
-36	 0.000000	 1.000000	 1.000000	 3.504943
-37	 0.000000	 1.000000	 1.000000	 3.508928
-38	 0.142857	 1.000000	 1.000000	 3.513245
-37	 0.142857	 1.000000	 1.000000	 3.516820
-39	 0.000000	 1.000000	 1.000000	 3.520933
-38	 0.000000	 1.000000	 1.000000	 3.534875
-41	 0.000000	 1.000000	 1.000000	 3.540324
-40	 0.000000	 1.000000	 1.000000	 3.545214
-41	 0.000000	 1.000000	 1.000000	 3.549555
-41	 0.125000	 1.000000	 1.000000	 3.554253
-38	 0.400000	 1.000000	 1.000000	 3.558613
-38	 0.000000	 1.000000	 1.000000	 3.562636
-39	 0.300000	 1.000000	 1.000000	 3.568360
-40	 0.000000	 1.000000	 1.000000	 3.572616
-40	 0.000000	 1.000000	 1.000000	 3.577689
-40	 0.000000	 1.000000	 -nan	 3.581270
-40	 0.000000	 1.000000	 1.000000	 3.584689
-40	 0.000000	 1.000000	 1.000000	 3.589737
-40	 0.000000	 1.000000	 -nan	 3.593393
-41	 0.000000	 1.000000	 1.000000	 3.596967
-41	 0.000000	 1.000000	 1.000000	 3.600824
-42	 0.142857	 1.000000	 1.000000	 3.604756
-43	 0.000000	 1.000000	 1.000000	 3.610627
-41	 0.000000	 1.000000	 1.000000	 3.647492
-41	 0.000000	 1.000000	 1.000000	 3.650958
-41	 0.000000	 1.000000	 1.000000	 3.654389
-41	 0.333333	 1.000000	 1.000000	 3.658784
-41	 0.250000	 1.000000	 1.000000	 3.662740
-41	 0.000000	 1.000000	 1.000000	 3.666619
-43	 0.142857	 1.000000	 1.000000	 3.670354
-42	 0.250000	 1.000000	 1.000000	 3.674585
-44	 0.500000	 1.000000	 1.000000	 3.679491
-43	 0.000000	 1.000000	 -nan	 3.683067
-43	 0.142857	 1.000000	 -nan	 3.686419
-44	 0.000000	 1.000000	 1.000000	 3.690517
-42	 0.222222	 1.000000	 1.000000	 3.695005
-41	 0.125000	 1.000000	 1.000000	 3.699384
-42	 0.000000	 1.000000	 1.000000	 3.702348
-43	 0.000000	 1.000000	 1.000000	 3.707257
-41	 0.000000	 1.000000	 1.000000	 3.710365
-40	 0.000000	 1.000000	 -nan	 3.715181
-40	 0.000000	 1.000000	 1.000000	 3.718613
-40	 0.000000	 1.000000	 1.000000	 3.722673
-40	 0.142857	 1.000000	 1.000000	 3.725949
-39	 0.000000	 1.000000	 1.000000	 3.747678
-39	 0.000000	 1.000000	 1.000000	 3.765227
-40	 0.000000	 1.000000	 1.000000	 3.773074
-40	 0.000000	 1.000000	 1.000000	 3.810409
-38	 0.000000	 1.000000	 1.000000	 3.835004
-38	 0.000000	 1.000000	 1.000000	 3.858761
-37	 0.000000	 1.000000	 1.000000	 3.862402
-37	 0.000000	 1.000000	 -nan	 3.865390
-39	 0.000000	 1.000000	 1.000000	 3.869252
-39	 0.000000	 1.000000	 -nan	 3.872586
-39	 0.000000	 1.000000	 1.000000	 3.877285
-40	 0.000000	 1.000000	 1.000000	 3.881098
-39	 0.000000	 1.000000	 1.000000	 3.884569
-39	 0.000000	 1.000000	 -nan	 3.887508
-40	 0.000000	 1.000000	 1.000000	 3.891347
-41	 0.000000	 1.000000	 1.000000	 3.895164
-41	 0.000000	 1.000000	 1.000000	 3.899679
-44	 0.000000	 1.000000	 1.000000	 3.903516
-43	 0.000000	 1.000000	 1.000000	 3.910600
-42	 0.000000	 1.000000	 1.000000	 3.915346
-43	 0.000000	 1.000000	 1.000000	 3.918387
-43	 0.000000	 1.000000	 1.000000	 3.922370
-44	 0.000000	 1.000000	 1.000000	 3.925947
-44	 0.000000	 1.000000	 -nan	 3.929335
-44	 0.000000	 1.000000	 1.000000	 3.940810
-43	 0.000000	 1.000000	 1.000000	 3.945854
-45	 0.000000	 1.000000	 1.000000	 3.949819
-45	 0.000000	 1.000000	 -nan	 3.952827
-43	 0.000000	 1.000000	 1.000000	 3.957601
-43	 0.000000	 1.000000	 -nan	 3.961252
-43	 0.000000	 1.000000	 -nan	 3.964276
-43	 0.000000	 1.000000	 1.000000	 3.969071
-43	 0.000000	 1.000000	 1.000000	 3.973057
-45	 0.000000	 1.000000	 -nan	 3.977073
-44	 0.000000	 1.000000	 -nan	 3.980875
-43	 0.000000	 1.000000	 -nan	 3.984228
-45	 0.000000	 1.000000	 1.000000	 3.991669
-44	 0.000000	 1.000000	 1.000000	 3.995234
-44	 0.000000	 1.000000	 1.000000	 4.005255
-43	 0.000000	 1.000000	 1.000000	 4.009229
-44	 0.000000	 1.000000	 1.000000	 4.012266
-44	 0.000000	 1.000000	 1.000000	 4.020354
-45	 0.000000	 1.000000	 1.000000	 4.025070
-46	 0.000000	 1.000000	 1.000000	 4.028062
-46	 0.000000	 1.000000	 -nan	 4.031772
-45	 0.000000	 1.000000	 1.000000	 4.035684
-45	 0.000000	 1.000000	 1.000000	 4.039710
-45	 0.000000	 1.000000	 -nan	 4.043413
-45	 0.000000	 1.000000	 -nan	 4.046351
-45	 0.000000	 1.000000	 -nan	 4.049499
-45	 0.000000	 1.000000	 -nan	 4.053589
-45	 0.000000	 1.000000	 1.000000	 4.057462
-46	 0.000000	 1.000000	 1.000000	 4.060728
-45	 0.000000	 1.000000	 1.000000	 4.064410
-46	 0.000000	 1.000000	 1.000000	 4.068069
-45	 0.000000	 1.000000	 1.000000	 4.071904
-45	 0.000000	 1.000000	 1.000000	 4.076338
-46	 0.000000	 1.000000	 1.000000	 4.080188
-47	 0.000000	 1.000000	 1.000000	 4.084023
-46	 0.000000	 1.000000	 1.000000	 4.088608
-46	 0.000000	 1.000000	 1.000000	 4.091625
-46	 0.000000	 1.000000	 1.000000	 4.095425
-45	 0.125000	 1.000000	 1.000000	 4.100713
-45	 0.142857	 1.000000	 1.000000	 4.104420
-47	 0.000000	 1.000000	 1.000000	 4.108762
-45	 0.000000	 1.000000	 1.000000	 4.111714
-47	 0.000000	 1.000000	 1.000000	 4.115396
-48	 0.000000	 1.000000	 1.000000	 4.119009
-48	 0.000000	 1.000000	 -nan	 4.122730
-47	 0.000000	 1.000000	 1.000000	 4.126338
-47	 0.000000	 1.000000	 1.000000	 4.130948
-46	 0.000000	 1.000000	 1.000000	 4.134395
-46	 0.000000	 1.000000	 1.000000	 4.138318
-47	 0.000000	 1.000000	 1.000000	 4.142263
-45	 0.000000	 1.000000	 1.000000	 4.146195
-47	 0.000000	 1.000000	 1.000000	 4.149574
-46	 0.000000	 1.000000	 -nan	 4.153442
-45	 0.000000	 1.000000	 1.000000	 4.156394
-46	 0.000000	 1.000000	 1.000000	 4.160482
-46	 0.000000	 1.000000	 1.000000	 4.164581
-44	 0.000000	 1.000000	 1.000000	 4.168444
-44	 0.000000	 1.000000	 -nan	 4.171348
-44	 0.000000	 1.000000	 1.000000	 4.176497
-45	 0.000000	 1.000000	 1.000000	 4.180950
-44	 0.000000	 1.000000	 1.000000	 4.184722
-43	 0.000000	 1.000000	 1.000000	 4.190863
-43	 0.000000	 1.000000	 -nan	 4.194025
-43	 0.000000	 1.000000	 1.000000	 4.197925
-45	 0.000000	 1.000000	 1.000000	 4.205173
-45	 0.000000	 1.000000	 -nan	 4.206501
-45	 0.000000	 1.000000	 -nan	 4.210063
-43	 0.000000	 1.000000	 1.000000	 4.213018
-44	 0.000000	 1.000000	 1.000000	 4.216987
-44	 0.000000	 1.000000	 1.000000	 4.220392
-43	 0.142857	 1.000000	 -nan	 4.224244
-43	 0.000000	 1.000000	 1.000000	 4.228208
-43	 0.000000	 1.000000	 1.000000	 4.246237
-42	 0.000000	 1.000000	 1.000000	 4.275369
-44	 0.000000	 1.000000	 1.000000	 4.303385
-46	 0.000000	 1.000000	 1.000000	 4.328556
-46	 0.000000	 1.000000	 1.000000	 4.342758
-46	 0.000000	 1.000000	 1.000000	 4.363991
-46	 0.000000	 1.000000	 1.000000	 4.374769
-43	 0.148148	 1.000000	 1.000000	 4.390490
-50	 0.000000	 1.000000	 1.000000	 5.146770
-49	 0.200000	 1.000000	 1.000000	 5.151379
-49	 0.142857	 1.000000	 1.000000	 5.154919
-49	 0.000000	 1.000000	 1.000000	 5.158342
-49	 0.000000	 1.000000	 1.000000	 5.163026
-48	 0.000000	 1.000000	 1.000000	 5.167919
-48	 0.142857	 1.000000	 1.000000	 5.171579
-48	 0.250000	 1.000000	 1.000000	 5.175342
-48	 0.416667	 1.000000	 1.000000	 5.180982
-48	 0.125000	 1.000000	 1.000000	 5.185565
-48	 0.125000	 1.000000	 1.000000	 5.190535
-48	 0.000000	 1.000000	 1.000000	 5.194468
-48	 0.111111	 1.000000	 1.000000	 5.199554
-49	 0.250000	 1.000000	 1.000000	 5.203588
-50	 0.000000	 1.000000	 1.000000	 5.213113
-51	 0.454545	 1.000000	 1.000000	 5.217871
-50	 0.200000	 1.000000	 1.000000	 5.222995
-50	 0.142857	 1.000000	 1.000000	 5.227207
-49	 0.000000	 1.000000	 1.000000	 5.232249
-49	 0.000000	 1.000000	 1.000000	 5.235819
-49	 0.000000	 1.000000	 1.000000	 5.239613
-49	 0.000000	 1.000000	 1.000000	 5.244467
-48	 0.000000	 1.000000	 1.000000	 5.248790
-48	 0.000000	 1.000000	 1.000000	 5.253725
-49	 0.000000	 1.000000	 1.000000	 5.258337
-49	 0.000000	 1.000000	 1.000000	 5.262596
-49	 0.000000	 1.000000	 1.000000	 5.266887
-48	 0.000000	 1.000000	 1.000000	 5.270949
-48	 0.111111	 1.000000	 1.000000	 5.276514
-47	 0.000000	 1.000000	 1.000000	 5.300885
-47	 0.000000	 1.000000	 1.000000	 5.304534
-48	 0.000000	 1.000000	 1.000000	 5.426264
-45	 0.000000	 1.000000	 1.000000	 5.435230
-44	 0.000000	 1.000000	 1.000000	 5.439355
-43	 0.142857	 1.000000	 -nan	 5.443288
-48	 0.000000	 1.000000	 1.000000	 5.477344
-49	 0.000000	 1.000000	 1.000000	 5.543749
-49	 0.000000	 1.000000	 1.000000	 5.548544
-45	 0.000000	 1.000000	 1.000000	 5.569271
-44	 0.000000	 1.000000	 1.000000	 5.578280
-44	 0.000000	 1.000000	 1.000000	 5.596280
-43	 0.000000	 1.000000	 1.000000	 5.612053
-45	 0.000000	 1.000000	 1.000000	 5.654010
-50	 0.000000	 1.000000	 1.000000	 5.690879
-47	 0.000000	 1.000000	 1.000000	 5.709602
-48	 0.000000	 1.000000	 1.000000	 5.713247
-48	 0.000000	 1.000000	 -nan	 5.717205
-48	 0.000000	 1.000000	 1.000000	 5.720847
-49	 0.000000	 1.000000	 1.000000	 5.725574
-49	 0.000000	 1.000000	 1.000000	 5.729178
-49	 0.000000	 1.000000	 1.000000	 5.732528
-49	 0.111111	 1.000000	 1.000000	 5.737380
-46	 0.000000	 1.000000	 1.000000	 5.751129
-44	 0.034483	 1.000000	 1.000000	 5.768769
-43	 0.000000	 1.000000	 1.000000	 5.981502
-44	 0.000000	 1.000000	 1.000000	 6.028891
-46	 0.000000	 1.000000	 1.000000	 6.071644
-47	 0.000000	 1.000000	 1.000000	 6.078333
-47	 0.000000	 1.000000	 1.000000	 6.093532
-46	 0.000000	 1.000000	 1.000000	 6.117364
-45	 0.000000	 1.000000	 -nan	 6.127935
-44	 0.000000	 1.000000	 1.000000	 6.143377
-46	 0.000000	 1.000000	 1.000000	 6.152174
-45	 0.000000	 1.000000	 1.000000	 6.191696
-46	 0.000000	 1.000000	 1.000000	 6.208030
-45	 0.000000	 1.000000	 1.000000	 6.213606
-46	 0.000000	 1.000000	 1.000000	 6.224273
-47	 0.000000	 1.000000	 1.000000	 6.228365
-48	 0.000000	 1.000000	 1.000000	 6.231819
-46	 0.000000	 1.000000	 1.000000	 6.237407
-46	 0.000000	 1.000000	 1.000000	 6.240456
-46	 0.000000	 1.000000	 -nan	 6.243390
-44	 0.000000	 1.000000	 1.000000	 6.249351
-45	 0.000000	 1.000000	 1.000000	 6.253298
-43	 0.000000	 1.000000	 1.000000	 6.260402
-44	 0.000000	 1.000000	 1.000000	 6.264385
-45	 0.000000	 1.000000	 1.000000	 6.268793
-44	 0.000000	 1.000000	 1.000000	 6.273631
-45	 0.000000	 1.000000	 1.000000	 6.277591
-44	 0.000000	 1.000000	 1.000000	 6.283515
-46	 0.000000	 1.000000	 1.000000	 6.287502
-46	 0.000000	 1.000000	 1.000000	 6.291608
-44	 0.000000	 1.000000	 1.000000	 6.295665
-46	 0.000000	 1.000000	 1.000000	 6.299906
-44	 0.000000	 1.000000	 1.000000	 6.303140
-44	 0.000000	 1.000000	 1.000000	 6.306999
-46	 0.000000	 1.000000	 1.000000	 6.310941
-44	 0.000000	 1.000000	 1.000000	 6.314322
-45	 0.000000	 1.000000	 1.000000	 6.318493
-46	 0.000000	 1.000000	 1.000000	 6.321770
-44	 0.000000	 1.000000	 1.000000	 6.325622
-46	 0.000000	 1.000000	 1.000000	 6.329559
-47	 0.000000	 1.000000	 1.000000	 6.333762
-46	 0.000000	 1.000000	 1.000000	 6.337858
-45	 0.000000	 1.000000	 1.000000	 6.341730
-45	 0.000000	 1.000000	 1.000000	 6.345822
-45	 0.000000	 1.000000	 1.000000	 6.350270
-46	 0.000000	 1.000000	 1.000000	 6.355016
-45	 0.000000	 1.000000	 1.000000	 6.358919
-46	 0.000000	 1.000000	 1.000000	 6.362140
-45	 0.000000	 1.000000	 1.000000	 6.365252
-45	 0.000000	 1.000000	 1.000000	 6.372012
-45	 0.000000	 1.000000	 -nan	 6.376088
-46	 0.000000	 1.000000	 1.000000	 6.381751
-45	 0.000000	 1.000000	 1.000000	 6.404869
-45	 0.000000	 1.000000	 1.000000	 6.409186
-44	 0.142857	 1.000000	 1.000000	 6.413461
-44	 0.142857	 1.000000	 1.000000	 6.417615
-44	 0.000000	 1.000000	 1.000000	 6.422778
-43	 0.142857	 1.000000	 1.000000	 6.426690
-42	 0.000000	 1.000000	 1.000000	 6.429889
-42	 0.000000	 1.000000	 1.000000	 6.433827
-42	 0.000000	 1.000000	 1.000000	 6.437644
-41	 0.000000	 1.000000	 1.000000	 6.442670
-42	 0.000000	 1.000000	 1.000000	 6.445890
-42	 0.000000	 1.000000	 1.000000	 6.450744
-44	 0.000000	 1.000000	 1.000000	 6.453986
-43	 0.000000	 1.000000	 1.000000	 6.458895
-42	 0.142857	 1.000000	 1.000000	 6.462834
-46	 0.000000	 1.000000	 1.000000	 6.542285
-46	 0.000000	 1.000000	 1.000000	 6.698107
-44	 0.000000	 1.000000	 1.000000	 6.715087
-45	 0.000000	 1.000000	 1.000000	 6.785273
-47	 0.000000	 1.000000	 1.000000	 6.816365
-46	 0.000000	 1.000000	 1.000000	 6.836643
-44	 0.333333	 1.000000	 1.000000	 6.860540
-50	 0.000000	 1.000000	 1.000000	 7.812955
-50	 0.125000	 1.000000	 1.000000	 7.817861
-50	 0.142857	 1.000000	 1.000000	 7.821506
-51	 0.000000	 1.000000	 1.000000	 7.825753
-51	 0.142857	 1.000000	 -nan	 7.829427
-50	 0.000000	 1.000000	 1.000000	 7.832788
-51	 0.000000	 1.000000	 1.000000	 7.836315
-52	 0.000000	 1.000000	 -nan	 7.840608
-51	 0.142857	 1.000000	 1.000000	 7.844042
-51	 0.125000	 1.000000	 1.000000	 7.848921
-51	 0.000000	 1.000000	 1.000000	 7.852360
-51	 0.000000	 1.000000	 1.000000	 7.855725
-50	 0.000000	 1.000000	 1.000000	 7.859606
-50	 0.142857	 1.000000	 1.000000	 7.863345
-51	 0.000000	 1.000000	 1.000000	 7.867683
-51	 0.142857	 1.000000	 1.000000	 7.871485
-51	 0.125000	 1.000000	 1.000000	 7.875542
-51	 0.125000	 1.000000	 1.000000	 7.880181
-51	 0.142857	 1.000000	 1.000000	 7.883773
-51	 0.000000	 1.000000	 1.000000	 7.887636
-51	 0.142857	 1.000000	 1.000000	 7.891664
-50	 0.100000	 1.000000	 1.000000	 7.897401
-49	 0.000000	 1.000000	 1.000000	 7.901722
-49	 0.000000	 1.000000	 1.000000	 7.905633
-49	 0.000000	 1.000000	 1.000000	 7.909658
-49	 0.000000	 1.000000	 1.000000	 7.913656
-49	 0.000000	 1.000000	 1.000000	 7.917819
-49	 0.000000	 1.000000	 -nan	 7.921563
-49	 0.000000	 1.000000	 1.000000	 7.925706
-49	 0.000000	 1.000000	 1.000000	 7.929694
-49	 0.000000	 1.000000	 -nan	 7.933402
-49	 0.000000	 1.000000	 -nan	 7.937448
-49	 0.000000	 1.000000	 -nan	 7.940721
-49	 0.000000	 1.000000	 -nan	 7.944235
-49	 0.000000	 1.000000	 -nan	 7.947581
-49	 0.000000	 1.000000	 -nan	 7.950777
-49	 0.000000	 1.000000	 -nan	 7.954101
-49	 0.000000	 1.000000	 -nan	 7.957794
-49	 0.200000	 1.000000	 -nan	 7.962622
-49	 0.000000	 1.000000	 -nan	 7.967869
-52	 0.000000	 1.000000	 1.000000	 7.987859
-52	 0.000000	 1.000000	 1.000000	 7.993792
-51	 0.000000	 1.000000	 1.000000	 7.998601
-51	 0.000000	 1.000000	 1.000000	 8.002643
-51	 0.000000	 1.000000	 -nan	 8.006852
-51	 0.000000	 1.000000	 -nan	 8.011380
-50	 0.000000	 1.000000	 -nan	 8.014250
-48	 0.142857	 1.000000	 -nan	 8.018739
-46	 0.000000	 1.000000	 -nan	 8.027662
-46	 0.000000	 1.000000	 -nan	 8.035574
-47	 0.000000	 1.000000	 1.000000	 8.040073
-46	 0.000000	 1.000000	 1.000000	 8.043520
-46	 0.000000	 1.000000	 1.000000	 8.062389
-47	 0.000000	 1.000000	 1.000000	 8.067216
-48	 0.000000	 1.000000	 1.000000	 8.074668
-49	 0.000000	 1.000000	 1.000000	 8.093225
-49	 0.000000	 1.000000	 1.000000	 8.171017
-49	 0.062500	 1.000000	 1.000000	 8.180351
-49	 0.000000	 1.000000	 1.000000	 8.220772
-48	 0.000000	 1.000000	 1.000000	 8.227619
-49	 0.000000	 1.000000	 1.000000	 8.250713
-49	 0.111111	 1.000000	 1.000000	 8.256058
-74	 0.000000	 0.977091	 0.977732	 14.763944
-75	 0.250000	 1.000000	 1.000000	 14.777768
-74	 0.250000	 1.000000	 1.000000	 14.793624
-77	 0.400000	 1.000000	 1.000000	 14.809051
-79	 0.333333	 1.000000	 1.000000	 14.825386
-77	 0.333333	 1.000000	 1.000000	 14.840654
-76	 0.333333	 1.000000	 1.000000	 14.855975
-76	 0.400000	 1.000000	 1.000000	 14.871430
-76	 0.400000	 1.000000	 1.000000	 14.887190
-76	 0.400000	 1.000000	 1.000000	 14.906496
-78	 0.538462	 1.000000	 1.000000	 14.923743
-75	 0.142857	 1.000000	 1.000000	 14.937886
-74	 0.000000	 1.000000	 1.000000	 14.955452
-76	 0.000000	 1.000000	 1.000000	 14.968690
-78	 0.000000	 1.000000	 1.000000	 14.985594
-76	 0.000000	 1.000000	 1.000000	 15.001169
-78	 0.000000	 1.000000	 1.000000	 15.016474
-78	 0.000000	 1.000000	 1.000000	 15.030819
-77	 0.000000	 1.000000	 1.000000	 15.046284
-78	 0.000000	 1.000000	 1.000000	 15.061415
-77	 0.000000	 1.000000	 1.000000	 15.076281
-76	 0.000000	 1.000000	 1.000000	 15.090849
-78	 0.000000	 1.000000	 1.000000	 15.107284
-77	 0.000000	 1.000000	 1.000000	 15.122396
-76	 0.000000	 1.000000	 1.000000	 15.137371
-80	 0.000000	 1.000000	 1.000000	 15.152528
-80	 0.000000	 1.000000	 1.000000	 15.167597
-79	 0.000000	 1.000000	 1.000000	 15.182813
-77	 0.000000	 1.000000	 1.000000	 15.197800
-79	 0.000000	 1.000000	 1.000000	 15.214064
-77	 0.000000	 1.000000	 1.000000	 15.229146
-77	 0.000000	 1.000000	 1.000000	 15.243479
-77	 0.000000	 1.000000	 1.000000	 15.259404
-78	 0.000000	 1.000000	 1.000000	 15.275171
-78	 0.000000	 1.000000	 1.000000	 15.292611
-75	 0.000000	 1.000000	 1.000000	 15.307076
-76	 0.000000	 1.000000	 1.000000	 15.321375
-75	 0.000000	 1.000000	 1.000000	 15.336432
-77	 0.000000	 1.000000	 1.000000	 15.351176
-75	 0.000000	 1.000000	 1.000000	 15.365922
-76	 0.000000	 1.000000	 1.000000	 15.382113
-75	 0.000000	 1.000000	 1.000000	 15.395805
-69	 0.000000	 -6.166667	 -5.142857	 15.922655
-67	 0.000000	 1.000000	 1.000000	 16.172234
-68	 0.000000	 1.000000	 1.000000	 16.188726
-68	 0.000000	 1.000000	 1.000000	 16.202648
-67	 0.000000	 1.000000	 1.000000	 16.221481
-72	 0.000000	 1.000000	 1.000000	 16.237547
-72	 0.000000	 1.000000	 1.000000	 16.256220
-72	 0.000000	 1.000000	 -nan	 16.271927
-72	 0.000000	 1.000000	 -nan	 16.287502
-74	 0.000000	 1.000000	 -nan	 16.301992
-74	 0.000000	 1.000000	 -nan	 16.317081
-74	 0.000000	 1.000000	 1.000000	 16.461206
-74	 0.000000	 1.000000	 -nan	 16.476288
-74	 0.000000	 1.000000	 -nan	 16.491661
-74	 0.000000	 1.000000	 -nan	 16.506355
-74	 0.000000	 1.000000	 -nan	 16.521963
-67	 0.000000	 1.000000	 1.000000	 16.567186
-69	 0.000000	 1.000000	 1.000000	 16.581823
-70	 0.000000	 1.000000	 1.000000	 16.597040
-69	 0.000000	 1.000000	 1.000000	 16.612358
-68	 0.000000	 1.000000	 1.000000	 16.626741
-71	 0.000000	 1.000000	 1.000000	 16.643059
-71	 0.000000	 1.000000	 1.000000	 16.657207
-72	 0.000000	 1.000000	 -nan	 16.672350
-72	 0.000000	 1.000000	 -nan	 16.686716
-71	 0.000000	 1.000000	 -nan	 16.701555
-71	 0.000000	 1.000000	 -nan	 16.716532
-70	 0.000000	 1.000000	 -nan	 16.731506
-72	 0.000000	 1.000000	 1.000000	 16.874975
-74	 0.000000	 1.000000	 1.000000	 16.889744
-72	 0.000000	 1.000000	 1.000000	 16.904703
-71	 0.000000	 1.000000	 1.000000	 16.919409
-69	 0.000000	 1.000000	 1.000000	 16.935183
-69	 0.000000	 1.000000	 1.000000	 16.950050
-69	 0.000000	 1.000000	 1.000000	 16.965019
-68	 0.000000	 1.000000	 1.000000	 16.979410
-67	 0.000000	 1.000000	 1.000000	 16.994062
-66	 0.000000	 1.000000	 1.000000	 17.009645
-67	 0.000000	 1.000000	 1.000000	 17.024090
-66	 0.000000	 1.000000	 1.000000	 17.039206
-68	 0.000000	 1.000000	 1.000000	 17.054483
-69	 0.000000	 1.000000	 1.000000	 17.069605
-67	 0.000000	 1.000000	 -nan	 17.085215
-67	 0.000000	 1.000000	 -nan	 17.099092
-67	 0.000000	 1.000000	 -nan	 17.116844
-67	 0.000000	 1.000000	 -nan	 17.133331
-67	 0.000000	 1.000000	 -nan	 17.148598
-67	 0.000000	 1.000000	 1.000000	 17.292244
-68	 0.000000	 1.000000	 1.000000	 17.307278
-69	 0.000000	 1.000000	 1.000000	 17.322458
-68	 0.000000	 1.000000	 1.000000	 17.337805
-68	 0.000000	 1.000000	 1.000000	 17.352318
-67	 0.000000	 1.000000	 1.000000	 17.367710
-68	 0.000000	 1.000000	 1.000000	 17.382948
-66	 0.000000	 1.000000	 1.000000	 17.397219
-66	 0.000000	 1.000000	 1.000000	 17.412207
-65	 0.000000	 1.000000	 1.000000	 17.427345
-65	 0.000000	 1.000000	 1.000000	 17.441662
-65	 0.000000	 1.000000	 1.000000	 17.457134
-66	 0.000000	 1.000000	 1.000000	 17.472664
-66	 0.000000	 1.000000	 1.000000	 17.486996
-66	 0.000000	 1.000000	 -nan	 17.502245
-66	 0.000000	 1.000000	 -nan	 17.516226
-65	 0.000000	 1.000000	 -nan	 17.531502
-66	 0.000000	 1.000000	 -nan	 17.545603
-65	 0.000000	 1.000000	 -nan	 17.561113
-66	 0.000000	 1.000000	 1.000000	 17.707853
-67	 0.000000	 1.000000	 1.000000	 17.724848
-66	 0.000000	 1.000000	 1.000000	 17.739347
-68	 0.000000	 1.000000	 1.000000	 17.754478
-68	 0.000000	 1.000000	 1.000000	 17.769711
-69	 0.000000	 1.000000	 1.000000	 17.784573
-69	 0.000000	 1.000000	 1.000000	 17.799086
-68	 0.000000	 1.000000	 1.000000	 17.815269
-68	 0.000000	 1.000000	 1.000000	 17.829535
-68	 0.000000	 1.000000	 1.000000	 17.844501
-68	 0.000000	 1.000000	 1.000000	 17.860126
-68	 0.000000	 1.000000	 1.000000	 17.875517
-68	 0.000000	 1.000000	 1.000000	 17.890741
-68	 0.000000	 1.000000	 1.000000	 17.905725
-68	 0.000000	 1.000000	 -nan	 17.922073
-67	 0.000000	 1.000000	 -nan	 17.937016
-68	 0.000000	 1.000000	 -nan	 17.951250
-69	 0.000000	 1.000000	 -nan	 17.967257
-72	 0.000000	 1.000000	 -nan	 17.989456
-71	 0.000000	 0.666667	 0.954545	 18.211370
-71	 0.000000	 1.000000	 1.000000	 18.228397
-71	 0.000000	 1.000000	 1.000000	 18.243652
-70	 0.000000	 1.000000	 1.000000	 18.259352
-69	 0.000000	 1.000000	 1.000000	 18.274195
-70	 0.000000	 1.000000	 1.000000	 18.289400
-71	 0.000000	 1.000000	 1.000000	 18.301706
-73	 0.000000	 1.000000	 1.000000	 18.317459
-72	 0.000000	 1.000000	 1.000000	 18.332865
-72	 0.000000	 1.000000	 1.000000	 18.348877
-75	 0.000000	 1.000000	 1.000000	 18.362829
-72	 0.000000	 1.000000	 1.000000	 18.379248
-72	 0.000000	 1.000000	 1.000000	 18.394255
-72	 0.000000	 1.000000	 -nan	 18.408913
-73	 0.000000	 1.000000	 -nan	 18.424034
-71	 0.000000	 1.000000	 -nan	 18.440187
-72	 0.000000	 1.000000	 -nan	 18.455183
-72	 0.000000	 1.000000	 -nan	 18.470097
-73	 0.000000	 1.000000	 -nan	 18.484913
-73	 0.000000	 1.000000	 1.000000	 18.626419
-68	 0.000000	 1.000000	 -nan	 18.642241
-68	 0.000000	 1.000000	 -nan	 18.657198
-68	 0.000000	 1.000000	 -nan	 18.672098
-69	 0.000000	 1.000000	 -nan	 18.687296
-69	 0.000000	 1.000000	 -nan	 18.703184
-72	 0.000000	 1.000000	 1.000000	 18.744078
-71	 0.000000	 1.000000	 1.000000	 18.758030
-71	 0.000000	 1.000000	 1.000000	 18.773060
-71	 0.000000	 1.000000	 1.000000	 18.788097
-69	 0.000000	 1.000000	 1.000000	 18.802992
-70	 0.000000	 1.000000	 1.000000	 18.817001
-66	 0.000000	 1.000000	 -nan	 18.831825
-66	 0.000000	 1.000000	 -nan	 18.847366
-68	 0.000000	 1.000000	 -nan	 18.862579
-67	 0.000000	 1.000000	 -nan	 18.877872
-63	 0.000000	 1.000000	 -nan	 18.892878
-68	 0.000000	 1.000000	 1.000000	 19.035957
-68	 0.000000	 1.000000	 -nan	 19.050657
-68	 0.000000	 1.000000	 -nan	 19.064907
-68	 0.000000	 1.000000	 -nan	 19.079693
-61	 0.000000	 1.000000	 1.000000	 19.923838
-61	 0.000000	 1.000000	 -nan	 19.937891
-63	 0.000000	 1.000000	 1.000000	 19.969849
-62	 0.000000	 1.000000	 1.000000	 19.984266
-60	 0.000000	 1.000000	 1.000000	 19.998587
-60	 0.000000	 1.000000	 1.000000	 20.014088
-60	 0.000000	 1.000000	 -nan	 20.028442
-61	 0.000000	 1.000000	 1.000000	 20.044031
-63	 0.000000	 1.000000	 1.000000	 20.058846
-62	 0.000000	 1.000000	 -nan	 20.074375
-62	 0.000000	 1.000000	 -nan	 20.088003
-62	 0.000000	 1.000000	 -nan	 20.102495
-61	 0.000000	 1.000000	 -nan	 20.118666
-62	 0.000000	 1.000000	 -nan	 20.133381
-59	 0.000000	 1.000000	 1.000000	 20.276976
-59	 0.000000	 1.000000	 -nan	 20.292000
-59	 0.000000	 1.000000	 -nan	 20.306679
-52	 0.000000	 1.000000	 -nan	 20.322018
-52	 0.000000	 1.000000	 -nan	 20.336315
-52	 0.000000	 1.000000	 -nan	 20.351139
-52	 0.000000	 1.000000	 -nan	 20.364561
-58	 0.000000	 1.000000	 1.000000	 20.395479
-57	 0.000000	 1.000000	 1.000000	 20.410496
-57	 0.000000	 1.000000	 1.000000	 20.425955
-57	 0.000000	 1.000000	 1.000000	 20.440912
-56	 0.000000	 1.000000	 1.000000	 20.458603
-54	 0.000000	 1.000000	 1.000000	 20.472971
-56	 0.000000	 1.000000	 -nan	 20.488569
-56	 0.000000	 1.000000	 -nan	 20.503260
-58	 0.000000	 1.000000	 -nan	 20.518017
-56	 0.000000	 1.000000	 -nan	 20.532976
-57	 0.000000	 1.000000	 -nan	 20.550091
-57	 0.000000	 1.000000	 -nan	 20.565798
-57	 0.000000	 1.000000	 1.000000	 20.710825
-57	 0.000000	 1.000000	 -nan	 20.727758
-52	 0.000000	 1.000000	 -nan	 20.742546
-52	 0.000000	 1.000000	 -nan	 20.757896
-52	 0.000000	 1.000000	 -nan	 20.772387
-52	 0.000000	 1.000000	 -nan	 20.787315
-59	 0.000000	 1.000000	 1.000000	 20.812281
-58	 0.000000	 1.000000	 1.000000	 20.826580
-56	 0.000000	 1.000000	 1.000000	 20.843506
-55	 0.000000	 1.000000	 1.000000	 20.858183
-56	 0.000000	 1.000000	 1.000000	 20.873737
-57	 0.000000	 1.000000	 1.000000	 20.889240
-57	 0.000000	 1.000000	 1.000000	 20.903782
-58	 0.000000	 1.000000	 -nan	 20.918682
-52	 0.000000	 1.000000	 -nan	 20.935295
-60	 0.000000	 1.000000	 -nan	 20.951426
-58	 0.000000	 1.000000	 -nan	 20.966394
-58	 0.000000	 1.000000	 -nan	 20.981483
-58	 0.000000	 1.000000	 -nan	 21.000994
-51	 0.000000	 1.000000	 1.000000	 21.143156
-51	 0.000000	 1.000000	 -nan	 21.158375
-51	 0.000000	 1.000000	 -nan	 21.173536
-51	 0.000000	 1.000000	 -nan	 21.187984
-51	 0.000000	 1.000000	 1.000000	 21.203176
-51	 0.000000	 1.000000	 -nan	 21.217352
-51	 0.000000	 1.000000	 -nan	 21.230494
-57	 0.000000	 1.000000	 1.000000	 21.255188
-57	 0.000000	 1.000000	 1.000000	 21.270739
-57	 0.000000	 1.000000	 1.000000	 21.284876
-56	 0.000000	 1.000000	 1.000000	 21.299772
-56	 0.000000	 1.000000	 1.000000	 21.315165
-56	 0.000000	 1.000000	 1.000000	 21.329624
-50	 0.000000	 1.000000	 -nan	 21.344748
-55	 0.000000	 1.000000	 -nan	 21.359316
-57	 0.000000	 1.000000	 -nan	 21.374802
-57	 0.000000	 1.000000	 -nan	 21.389277
-57	 0.000000	 1.000000	 -nan	 21.404575
-58	 0.000000	 1.000000	 -nan	 21.419382
-58	 0.000000	 1.000000	 1.000000	 21.561230
-58	 0.000000	 1.000000	 -nan	 21.576023
-58	 0.000000	 1.000000	 -nan	 21.591312
-58	 0.000000	 1.000000	 -nan	 21.605783
-58	 0.000000	 1.000000	 -nan	 21.622017
-58	 0.000000	 1.000000	 -nan	 21.636831
-47	 0.000000	 1.000000	 -nan	 21.652014
-48	 0.000000	 1.000000	 1.000000	 21.671349
-48	 0.000000	 1.000000	 1.000000	 21.689793
-47	 0.000000	 1.000000	 1.000000	 21.705030
-47	 0.000000	 1.000000	 1.000000	 21.720255
-47	 0.000000	 1.000000	 1.000000	 21.735144
-47	 0.000000	 1.000000	 1.000000	 21.750107
-48	 0.000000	 1.000000	 -nan	 21.765965
-50	 0.000000	 1.000000	 -nan	 21.779360
-49	 0.000000	 1.000000	 -nan	 21.794567
-47	 0.000000	 1.000000	 -nan	 21.816250
-48	 0.000000	 1.000000	 -nan	 21.831059
-47	 0.000000	 1.000000	 -nan	 21.846214
-55	 0.000000	 1.000000	 1.000000	 21.991503
-55	 0.000000	 1.000000	 1.000000	 22.006445
-56	 0.000000	 1.000000	 1.000000	 22.020912
-56	 0.000000	 1.000000	 1.000000	 22.035620
-53	 0.000000	 1.000000	 1.000000	 22.050222
-53	 0.000000	 1.000000	 1.000000	 22.066309
-52	 0.000000	 1.000000	 1.000000	 22.081366
-51	 0.000000	 1.000000	 1.000000	 22.095791
-50	 0.000000	 1.000000	 1.000000	 22.110407
-48	 0.000000	 1.000000	 1.000000	 22.124931
-48	 0.000000	 1.000000	 1.000000	 22.141066
-49	 0.000000	 1.000000	 1.000000	 22.160229
-49	 0.000000	 1.000000	 1.000000	 22.176031
-50	 0.000000	 1.000000	 1.000000	 22.190502
-49	 0.000000	 1.000000	 -nan	 22.206612
-51	 0.000000	 1.000000	 -nan	 22.221079
-51	 0.000000	 1.000000	 -nan	 22.236193
-54	 0.000000	 1.000000	 -nan	 22.252308
-51	 0.000000	 1.000000	 -nan	 22.266272
-55	 0.000000	 1.000000	 -nan	 22.284599
-52	 0.000000	 1.000000	 1.000000	 22.429531
-50	 0.000000	 1.000000	 1.000000	 22.444548
-50	 0.000000	 1.000000	 1.000000	 22.458549
-54	 0.000000	 1.000000	 1.000000	 22.474125
-56	 0.000000	 1.000000	 1.000000	 22.488291
-56	 0.000000	 1.000000	 1.000000	 22.503849
-54	 0.000000	 1.000000	 1.000000	 22.521528
-52	 0.250000	 1.000000	 1.000000	 22.537046
-51	 0.000000	 1.000000	 1.000000	 22.551493
-51	 0.000000	 1.000000	 1.000000	 22.566324
-52	 0.000000	 1.000000	 1.000000	 22.581150
-54	 0.000000	 1.000000	 1.000000	 22.596804
-56	 0.000000	 1.000000	 1.000000	 22.611591
-54	 0.000000	 1.000000	 -nan	 22.625763
-56	 0.000000	 1.000000	 -nan	 22.640722
-54	 0.000000	 1.000000	 -nan	 22.656378
-53	 0.000000	 1.000000	 -nan	 22.669806
-52	 0.000000	 1.000000	 -nan	 22.685219
-54	 0.000000	 1.000000	 -nan	 22.699991
-55	 0.142857	 1.000000	 1.000000	 22.853680
-72	 0.052516	 0.912473	 0.915074	 26.373747
-73	 0.000000	 1.000000	 1.000000	 26.387768
-70	 0.000000	 1.000000	 1.000000	 26.402761
-73	 0.000000	 1.000000	 1.000000	 26.419962
-73	 0.000000	 1.000000	 1.000000	 26.434919
-73	 0.000000	 1.000000	 1.000000	 26.449945
-73	 0.000000	 1.000000	 1.000000	 26.465380
-73	 0.000000	 1.000000	 1.000000	 26.481239
-72	 0.000000	 1.000000	 1.000000	 26.495525
-73	 0.000000	 1.000000	 1.000000	 26.509809
-73	 0.000000	 1.000000	 1.000000	 26.524614
-73	 0.000000	 1.000000	 1.000000	 26.539665
-73	 0.000000	 1.000000	 1.000000	 26.553980
-73	 0.000000	 1.000000	 1.000000	 26.574076
-73	 0.000000	 1.000000	 1.000000	 26.589565
-73	 0.000000	 1.000000	 1.000000	 26.605919
-74	 0.000000	 1.000000	 1.000000	 26.620836
-72	 0.000000	 1.000000	 1.000000	 26.636316
-71	 0.000000	 1.000000	 1.000000	 26.650551
-71	 0.000000	 1.000000	 1.000000	 26.665295
-70	 0.000000	 1.000000	 1.000000	 26.680403
-70	 0.000000	 1.000000	 1.000000	 26.695723
-72	 0.000000	 1.000000	 1.000000	 26.709879
-71	 0.000000	 1.000000	 1.000000	 26.725023
-71	 0.000000	 1.000000	 1.000000	 26.739891
-72	 0.000000	 1.000000	 1.000000	 26.754562
-72	 0.000000	 1.000000	 1.000000	 26.768433
-73	 0.000000	 1.000000	 1.000000	 26.784199
-74	 0.000000	 1.000000	 1.000000	 26.799334
-73	 0.000000	 1.000000	 1.000000	 26.814882
-73	 0.000000	 1.000000	 1.000000	 26.828892
-75	 0.000000	 1.000000	 1.000000	 26.844530
-72	 0.000000	 1.000000	 1.000000	 26.858938
-73	 0.000000	 1.000000	 1.000000	 26.874891
-73	 0.000000	 1.000000	 1.000000	 26.888863
-72	 0.000000	 1.000000	 1.000000	 26.905102
-72	 0.000000	 1.000000	 1.000000	 26.919695
-71	 0.000000	 1.000000	 1.000000	 26.934334
-72	 0.000000	 1.000000	 1.000000	 26.952492
-71	 0.000000	 1.000000	 1.000000	 26.967155
-73	 0.000000	 1.000000	 1.000000	 26.983015
-75	 0.000000	 1.000000	 1.000000	 26.998249
-75	 0.000000	 1.000000	 1.000000	 27.012909
-75	 0.000000	 1.000000	 -nan	 27.026594
-74	 0.000000	 1.000000	 1.000000	 27.041565
-75	 0.000000	 1.000000	 1.000000	 27.056683
-75	 0.000000	 1.000000	 1.000000	 27.071823
-74	 0.000000	 1.000000	 1.000000	 27.086916
-73	 0.000000	 1.000000	 1.000000	 27.101147
-73	 0.000000	 1.000000	 1.000000	 27.115702
-73	 0.000000	 1.000000	 1.000000	 27.131508
-74	 0.000000	 1.000000	 1.000000	 27.146364
-74	 0.000000	 1.000000	 1.000000	 27.161074
-73	 0.000000	 1.000000	 1.000000	 27.175716
-73	 0.000000	 1.000000	 1.000000	 27.190933
-74	 0.000000	 1.000000	 1.000000	 27.206074
-76	 0.000000	 1.000000	 1.000000	 27.220699
-78	 0.000000	 1.000000	 1.000000	 27.235428
-79	 0.000000	 1.000000	 1.000000	 27.252998
-78	 0.000000	 1.000000	 1.000000	 27.268764
-78	 0.000000	 1.000000	 1.000000	 27.282930
-77	 0.000000	 1.000000	 1.000000	 27.297808
-74	 0.000000	 1.000000	 1.000000	 27.315216
-73	 0.000000	 1.000000	 1.000000	 27.329514
-73	 0.000000	 1.000000	 1.000000	 27.344795
-71	 0.000000	 1.000000	 1.000000	 27.359486
-71	 0.000000	 1.000000	 1.000000	 27.374916
-72	 0.000000	 1.000000	 1.000000	 27.390192
-71	 0.000000	 1.000000	 1.000000	 27.416983
-71	 0.000000	 1.000000	 1.000000	 27.439037
-71	 0.000000	 1.000000	 1.000000	 27.454142
-72	 0.000000	 1.000000	 1.000000	 27.469341
-72	 0.000000	 1.000000	 1.000000	 27.486628
-71	 0.000000	 1.000000	 1.000000	 27.501032
-71	 0.000000	 1.000000	 1.000000	 27.515133
-70	 0.000000	 1.000000	 1.000000	 27.529802
-69	 0.000000	 1.000000	 1.000000	 27.545465
-70	 0.000000	 1.000000	 1.000000	 27.559759
-70	 0.000000	 1.000000	 1.000000	 27.574907
-71	 0.000000	 1.000000	 1.000000	 27.589800
-72	 0.000000	 1.000000	 1.000000	 27.604879
-72	 0.000000	 1.000000	 1.000000	 27.622126
-72	 0.000000	 1.000000	 1.000000	 27.637688
-71	 0.000000	 1.000000	 1.000000	 27.652609
-71	 0.000000	 1.000000	 1.000000	 27.667191
-72	 0.000000	 1.000000	 1.000000	 27.682777
-72	 0.000000	 1.000000	 1.000000	 27.698221
-72	 0.000000	 1.000000	 1.000000	 27.713169
-72	 0.000000	 1.000000	 1.000000	 27.728579
-73	 0.000000	 1.000000	 1.000000	 27.743116
-72	 0.000000	 1.000000	 1.000000	 27.757893
-73	 0.000000	 1.000000	 1.000000	 27.773182
-74	 0.000000	 1.000000	 1.000000	 27.787577
-71	 0.000000	 1.000000	 1.000000	 27.802570
-72	 0.000000	 1.000000	 1.000000	 27.817671
-73	 0.000000	 1.000000	 1.000000	 27.832645
-73	 0.000000	 1.000000	 1.000000	 27.847492
-74	 0.000000	 1.000000	 1.000000	 27.862526
-73	 0.000000	 1.000000	 1.000000	 27.876738
-72	 0.000000	 1.000000	 1.000000	 27.891304
-72	 0.000000	 1.000000	 1.000000	 27.906511
-73	 0.000000	 1.000000	 1.000000	 27.921848
-72	 0.000000	 1.000000	 1.000000	 27.936468
-73	 0.000000	 1.000000	 1.000000	 27.951717
-74	 0.000000	 1.000000	 1.000000	 27.966059
-75	 0.000000	 1.000000	 1.000000	 27.983168
-77	 0.000000	 1.000000	 1.000000	 27.998442
-76	 0.000000	 1.000000	 1.000000	 28.013294
-77	 0.000000	 1.000000	 1.000000	 28.028374
-76	 0.000000	 1.000000	 1.000000	 28.043533
-76	 0.000000	 1.000000	 1.000000	 28.057833
-77	 0.000000	 1.000000	 1.000000	 28.072947
-77	 0.000000	 1.000000	 1.000000	 28.089624
-76	 0.000000	 1.000000	 1.000000	 28.105989
-76	 0.000000	 1.000000	 1.000000	 28.120773
-75	 0.000000	 1.000000	 1.000000	 28.135120
-74	 0.000000	 1.000000	 1.000000	 28.150335
-73	 0.000000	 1.000000	 1.000000	 28.165262
-73	 0.000000	 1.000000	 1.000000	 28.180557
-73	 0.000000	 1.000000	 1.000000	 28.194845
-73	 0.000000	 1.000000	 1.000000	 28.210869
-75	 0.000000	 1.000000	 1.000000	 28.225800
-76	 0.000000	 1.000000	 1.000000	 28.240376
-77	 0.000000	 1.000000	 1.000000	 28.254364
-76	 0.000000	 1.000000	 1.000000	 28.270060
-75	 0.000000	 1.000000	 1.000000	 28.285381
-75	 0.000000	 1.000000	 1.000000	 28.298773
-74	 0.000000	 1.000000	 1.000000	 28.314110
-74	 0.000000	 1.000000	 1.000000	 28.329336
-71	 0.000000	 1.000000	 1.000000	 28.344610
-72	 0.000000	 1.000000	 1.000000	 28.358870
-72	 0.000000	 1.000000	 1.000000	 28.373861
-73	 0.000000	 1.000000	 1.000000	 28.389015
-73	 0.000000	 1.000000	 1.000000	 28.403784
-72	 0.000000	 1.000000	 1.000000	 28.419979
-73	 0.000000	 1.000000	 1.000000	 28.434500
-75	 0.000000	 1.000000	 1.000000	 28.451607
-75	 0.000000	 1.000000	 1.000000	 28.468437
-75	 0.000000	 1.000000	 1.000000	 28.482954
-76	 0.000000	 1.000000	 1.000000	 28.497425
-76	 0.000000	 1.000000	 1.000000	 28.515379
-75	 0.000000	 1.000000	 1.000000	 28.530275
-75	 0.000000	 1.000000	 1.000000	 28.548309
-74	 0.000000	 1.000000	 1.000000	 28.564367
-74	 0.000000	 1.000000	 1.000000	 28.579473
-74	 0.000000	 1.000000	 1.000000	 28.594872
-76	 0.000000	 1.000000	 1.000000	 28.609526
-76	 0.000000	 1.000000	 1.000000	 28.625723
-76	 0.000000	 1.000000	 1.000000	 28.639460
-75	 0.000000	 1.000000	 1.000000	 28.654942
-74	 0.000000	 1.000000	 1.000000	 28.670185
-75	 0.000000	 1.000000	 1.000000	 28.684435
-75	 0.000000	 1.000000	 1.000000	 28.699610
-69	 0.000000	 1.000000	 1.000000	 28.715231
-74	 0.000000	 1.000000	 1.000000	 28.732237
-76	 0.000000	 1.000000	 1.000000	 28.747316
-78	 0.000000	 1.000000	 1.000000	 28.761385
-75	 0.000000	 1.000000	 1.000000	 28.776518
-73	 0.000000	 1.000000	 1.000000	 28.791248
-72	 0.000000	 1.000000	 1.000000	 28.806677
-73	 0.000000	 1.000000	 1.000000	 28.821484
-74	 0.000000	 1.000000	 1.000000	 28.836895
-73	 0.000000	 1.000000	 1.000000	 28.850956
-72	 0.000000	 1.000000	 1.000000	 28.866137
-73	 0.000000	 1.000000	 1.000000	 28.881414
-74	 0.000000	 1.000000	 1.000000	 28.896177
-74	 0.000000	 1.000000	 1.000000	 28.910378
-74	 0.000000	 1.000000	 1.000000	 28.926081
-74	 0.000000	 1.000000	 1.000000	 28.940851
-73	 0.000000	 1.000000	 1.000000	 28.956209
-72	 0.000000	 1.000000	 1.000000	 28.972946
-71	 0.000000	 1.000000	 1.000000	 28.987997
-71	 0.000000	 1.000000	 1.000000	 29.000786
-72	 0.000000	 1.000000	 1.000000	 29.016150
-74	 0.000000	 1.000000	 1.000000	 29.030846
-75	 0.000000	 1.000000	 1.000000	 29.045786
-73	 0.000000	 1.000000	 1.000000	 29.061331
-74	 0.000000	 1.000000	 1.000000	 29.075254
-74	 0.000000	 1.000000	 1.000000	 29.090563
-74	 0.000000	 1.000000	 1.000000	 29.105600
-73	 0.000000	 1.000000	 1.000000	 29.119827
-73	 0.000000	 1.000000	 1.000000	 29.135944
-73	 0.000000	 1.000000	 1.000000	 29.149570
-72	 0.000000	 1.000000	 1.000000	 29.165312
-72	 0.000000	 1.000000	 1.000000	 29.180397
-74	 0.000000	 1.000000	 1.000000	 29.195309
-75	 0.000000	 1.000000	 1.000000	 29.209930
-76	 0.000000	 1.000000	 1.000000	 29.224962
-75	 0.000000	 1.000000	 1.000000	 29.240402
-76	 0.000000	 1.000000	 1.000000	 29.255871
-77	 0.000000	 1.000000	 1.000000	 29.270973
-78	 0.000000	 1.000000	 1.000000	 29.287020
-76	 0.000000	 1.000000	 1.000000	 29.302624
-74	 0.000000	 1.000000	 1.000000	 29.317833
-74	 0.000000	 1.000000	 1.000000	 29.332872
-74	 0.000000	 1.000000	 1.000000	 29.347889
-75	 0.000000	 1.000000	 1.000000	 29.362816
-75	 0.000000	 1.000000	 1.000000	 29.377819
-75	 0.000000	 1.000000	 1.000000	 29.393456
-76	 0.000000	 1.000000	 1.000000	 29.407515
-76	 0.000000	 1.000000	 1.000000	 29.422167
-78	 0.000000	 1.000000	 1.000000	 29.439251
-78	 0.000000	 1.000000	 1.000000	 29.453045
-79	 0.000000	 1.000000	 1.000000	 29.467825
-78	 0.000000	 1.000000	 1.000000	 29.483208
-75	 0.000000	 1.000000	 1.000000	 29.499689
-76	 0.000000	 1.000000	 1.000000	 29.514406
-74	 0.000000	 1.000000	 1.000000	 29.529770
-74	 0.000000	 1.000000	 1.000000	 29.544493
-73	 0.000000	 1.000000	 1.000000	 29.560390
-74	 0.000000	 1.000000	 1.000000	 29.574732
-73	 0.000000	 1.000000	 1.000000	 29.589600
-73	 0.000000	 1.000000	 1.000000	 29.604280
-74	 0.000000	 1.000000	 1.000000	 29.619631
-75	 0.000000	 1.000000	 1.000000	 29.635176
-74	 0.000000	 1.000000	 1.000000	 29.650099
-74	 0.000000	 1.000000	 1.000000	 29.664850
-77	 0.333333	 -3.888889	 0.388889	 32.123119
-78	 0.333333	 1.000000	 1.000000	 32.137173
-79	 0.333333	 1.000000	 1.000000	 32.153324
-79	 0.333333	 1.000000	 1.000000	 32.168240
-79	 0.333333	 1.000000	 1.000000	 32.184551
-78	 0.250000	 1.000000	 1.000000	 32.199463
-77	 0.142857	 1.000000	 1.000000	 32.214172
-77	 0.538462	 1.000000	 1.000000	 32.231167
-77	 0.454545	 1.000000	 1.000000	 32.246861
-78	 0.400000	 1.000000	 1.000000	 32.263725
-79	 0.142857	 1.000000	 1.000000	 32.277943
-77	 0.000000	 1.000000	 1.000000	 32.291672
-77	 0.000000	 1.000000	 1.000000	 32.306667
-78	 0.000000	 1.000000	 1.000000	 32.321636
-78	 0.000000	 1.000000	 1.000000	 32.341614
-76	 0.000000	 1.000000	 1.000000	 32.357483
-77	 0.000000	 1.000000	 1.000000	 32.370987
-78	 0.000000	 1.000000	 1.000000	 32.386353
-82	 0.000000	 1.000000	 1.000000	 32.403294
-81	 0.000000	 1.000000	 1.000000	 32.418404
-80	 0.000000	 1.000000	 1.000000	 32.433548
-79	 0.000000	 1.000000	 1.000000	 32.449100
-79	 0.000000	 1.000000	 1.000000	 32.463661
-77	 0.000000	 1.000000	 1.000000	 32.478458
-76	 0.000000	 1.000000	 1.000000	 32.494812
-72	 0.000000	 1.000000	 1.000000	 32.508194
-78	 0.000000	 1.000000	 1.000000	 32.524849
-79	 0.000000	 1.000000	 1.000000	 32.538475
-79	 0.000000	 1.000000	 1.000000	 32.552773
-79	 0.000000	 1.000000	 1.000000	 32.567802
-80	 0.000000	 1.000000	 1.000000	 32.582951
-79	 0.000000	 1.000000	 1.000000	 32.601715
-79	 0.000000	 1.000000	 1.000000	 32.616310
-79	 0.000000	 1.000000	 1.000000	 32.636909
-79	 0.000000	 1.000000	 1.000000	 32.651493
-81	 0.000000	 1.000000	 1.000000	 32.665325
-82	 0.000000	 1.000000	 1.000000	 32.683556
-82	 0.000000	 1.000000	 1.000000	 32.699436
-81	 0.000000	 1.000000	 1.000000	 32.714523
-79	 0.000000	 1.000000	 1.000000	 32.729412
-79	 0.000000	 1.000000	 1.000000	 32.744289
-81	 0.000000	 1.000000	 1.000000	 32.759327
-80	 0.000000	 1.000000	 1.000000	 32.774452
-80	 0.000000	 1.000000	 1.000000	 32.788967
-81	 0.000000	 1.000000	 1.000000	 32.804516
-80	 0.000000	 1.000000	 1.000000	 32.819683
-80	 0.000000	 1.000000	 1.000000	 32.838268
-81	 0.000000	 1.000000	 1.000000	 32.851944
-82	 0.000000	 1.000000	 1.000000	 32.866859
-83	 0.000000	 1.000000	 1.000000	 32.881882
-81	 0.000000	 1.000000	 1.000000	 32.897545
-80	 0.000000	 1.000000	 1.000000	 32.912868
-81	 0.000000	 1.000000	 1.000000	 32.930607
-83	 0.000000	 1.000000	 1.000000	 32.946411
-83	 0.000000	 1.000000	 -nan	 32.961002
-84	 0.000000	 1.000000	 1.000000	 32.982452
-83	 0.000000	 1.000000	 1.000000	 32.998783
-80	 0.000000	 1.000000	 1.000000	 33.015450
-83	 0.000000	 1.000000	 1.000000	 33.030704
-82	 0.000000	 1.000000	 1.000000	 33.052975
-83	 0.000000	 1.000000	 1.000000	 33.068268
-82	 0.000000	 1.000000	 1.000000	 33.084900
-82	 0.000000	 1.000000	 1.000000	 33.101784
-83	 0.000000	 1.000000	 1.000000	 33.117790
-82	 0.000000	 1.000000	 1.000000	 33.140514
-82	 0.000000	 1.000000	 1.000000	 33.156078
-79	 0.000000	 1.000000	 1.000000	 33.177399
-79	 0.000000	 1.000000	 1.000000	 33.196156
-79	 0.000000	 1.000000	 1.000000	 33.211372
-79	 0.000000	 1.000000	 1.000000	 33.227734
-80	 0.000000	 1.000000	 1.000000	 33.242966
-78	 0.000000	 1.000000	 1.000000	 33.257301
-80	 0.000000	 1.000000	 1.000000	 33.273262
-80	 0.000000	 1.000000	 1.000000	 33.287514
-79	 0.000000	 1.000000	 1.000000	 33.301102
-80	 0.000000	 1.000000	 1.000000	 33.316528
-79	 0.000000	 1.000000	 1.000000	 33.331654
-78	 0.000000	 1.000000	 1.000000	 33.347103
-79	 0.000000	 1.000000	 1.000000	 33.361629
-80	 0.000000	 1.000000	 1.000000	 33.376266
-79	 0.000000	 1.000000	 1.000000	 33.391571
-79	 0.000000	 1.000000	 1.000000	 33.406799
-78	 0.000000	 1.000000	 1.000000	 33.421356
-80	 0.000000	 1.000000	 1.000000	 33.437252
-80	 0.000000	 1.000000	 1.000000	 33.451347
-79	 0.000000	 1.000000	 1.000000	 33.466476
-80	 0.000000	 1.000000	 1.000000	 33.481148
-81	 0.000000	 1.000000	 1.000000	 33.499195
-81	 0.000000	 1.000000	 1.000000	 33.516186
-82	 0.000000	 1.000000	 1.000000	 33.532864
-82	 0.000000	 1.000000	 1.000000	 33.549824
-82	 0.000000	 1.000000	 -nan	 33.564945
-79	 0.000000	 1.000000	 1.000000	 33.582970
-82	 0.000000	 1.000000	 1.000000	 33.601101
-81	 0.000000	 1.000000	 1.000000	 33.617924
-80	 0.000000	 1.000000	 1.000000	 33.632637
-80	 0.000000	 1.000000	 1.000000	 33.650444
-81	 0.000000	 1.000000	 1.000000	 33.665565
-81	 0.000000	 1.000000	 1.000000	 33.683704
-80	 0.000000	 1.000000	 1.000000	 33.698891
-80	 0.000000	 1.000000	 1.000000	 33.716019
-81	 0.000000	 1.000000	 1.000000	 33.731766
-84	 0.000000	 1.000000	 1.000000	 33.764317
-83	 0.000000	 1.000000	 1.000000	 33.799259
-81	 0.000000	 1.000000	 1.000000	 33.817673
-81	 0.000000	 1.000000	 1.000000	 33.835228
-78	 0.000000	 1.000000	 1.000000	 33.853004
-79	 0.000000	 1.000000	 1.000000	 33.868317
-80	 0.000000	 1.000000	 1.000000	 33.883919
-79	 0.000000	 1.000000	 1.000000	 33.898800
-79	 0.000000	 1.000000	 1.000000	 33.913776
-78	 0.000000	 1.000000	 1.000000	 33.931793
-81	 0.000000	 1.000000	 1.000000	 33.947174
-82	 0.000000	 1.000000	 1.000000	 33.962952
-80	 0.000000	 1.000000	 1.000000	 33.978279
-81	 0.000000	 1.000000	 1.000000	 33.995338
-81	 0.000000	 1.000000	 1.000000	 34.015057
-81	 0.000000	 1.000000	 1.000000	 34.034142
-79	 0.000000	 1.000000	 1.000000	 34.052650
-79	 0.000000	 1.000000	 1.000000	 34.066925
-79	 0.000000	 1.000000	 1.000000	 34.085415
-80	 0.000000	 1.000000	 1.000000	 34.102516
-81	 0.000000	 1.000000	 1.000000	 34.118927
-82	 0.000000	 1.000000	 1.000000	 34.134277
-82	 0.000000	 1.000000	 1.000000	 34.149498
-81	 0.000000	 1.000000	 1.000000	 34.167782
-81	 0.000000	 1.000000	 1.000000	 34.184769
-81	 0.000000	 1.000000	 1.000000	 34.203411
-83	 0.000000	 1.000000	 1.000000	 34.220924
-83	 0.000000	 1.000000	 1.000000	 34.256470
-83	 0.000000	 1.000000	 -nan	 34.279812
-83	 0.000000	 1.000000	 -nan	 34.293888
-83	 0.000000	 1.000000	 -nan	 34.310558
-83	 0.000000	 1.000000	 -nan	 34.328182
-83	 0.000000	 1.000000	 -nan	 34.341602
-80	 0.142857	 1.000000	 -nan	 34.358959
-79	 0.000000	 1.000000	 1.000000	 34.404995
-84	 0.000000	 1.000000	 1.000000	 34.518909
-83	 0.000000	 1.000000	 1.000000	 34.556793
-82	 0.000000	 1.000000	 1.000000	 34.717960
-82	 0.000000	 1.000000	 1.000000	 34.998516
-82	 0.000000	 1.000000	 1.000000	 35.082832
-80	 0.000000	 1.000000	 1.000000	 35.246658
-81	 0.000000	 1.000000	 1.000000	 35.417500
-83	 0.000000	 1.000000	 1.000000	 35.451099
-84	 0.000000	 1.000000	 1.000000	 35.594570
-76	 0.000000	 1.000000	 1.000000	 35.665867
-81	 0.000000	 1.000000	 1.000000	 35.879467
-82	 0.000000	 1.000000	 1.000000	 35.925461
-83	 0.000000	 1.000000	 1.000000	 35.953300
-80	 0.000000	 1.000000	 1.000000	 36.356525
-80	 0.000000	 1.000000	 1.000000	 36.474270
-81	 0.000000	 1.000000	 1.000000	 36.653198
-78	 0.000000	 1.000000	 1.000000	 36.806461
-85	 0.000000	 1.000000	 1.000000	 38.492634
-81	 0.000000	 1.000000	 1.000000	 38.516823
-81	 0.000000	 1.000000	 1.000000	 38.687630
-81	 0.000000	 1.000000	 1.000000	 38.748287
-80	 0.000000	 1.000000	 1.000000	 38.884521
-81	 0.000000	 1.000000	 1.000000	 38.988373
-81	 0.000000	 1.000000	 1.000000	 39.028664
-84	 0.000000	 1.000000	 1.000000	 39.069370
-83	 0.000000	 0.540000	 -0.750000	 41.558281
-83	 0.142857	 1.000000	 -nan	 41.576347
-84	 0.000000	 1.000000	 1.000000	 41.604038
-82	 0.000000	 1.000000	 1.000000	 41.621540
-83	 0.000000	 1.000000	 1.000000	 41.636189
-82	 0.000000	 1.000000	 1.000000	 41.653378
-83	 0.000000	 1.000000	 1.000000	 41.673733
-82	 0.000000	 1.000000	 1.000000	 41.692070
-84	 0.000000	 1.000000	 1.000000	 41.715542
-83	 0.000000	 1.000000	 1.000000	 41.734428
-83	 0.000000	 1.000000	 1.000000	 41.751076
-82	 0.000000	 1.000000	 1.000000	 41.769039
-81	 0.000000	 1.000000	 1.000000	 41.791504
-82	 0.000000	 1.000000	 1.000000	 41.805901
-83	 0.000000	 1.000000	 1.000000	 41.821564
-82	 0.000000	 1.000000	 1.000000	 41.839985
-84	 0.000000	 1.000000	 1.000000	 41.861961
-83	 0.000000	 1.000000	 1.000000	 42.001682
-83	 0.000000	 1.000000	 -nan	 42.015530
-82	 0.000000	 1.000000	 -nan	 42.046612
