HT40/LGI	 T	 MCS10	 42.4	96.9	 95.1	 119(125)	| 0.960000	 1.000000	 1.000000 |	-44	 4.744830
HT40/LGI	 T	 MCS10	 42.1	96.1	 93.5	 116(124)	| 0.974549	 1.000000	 1.000000 |	-50	 7.454862
HT40/LGI	 T	 MCS10	 42.6	97.2	 95.9	 117(122)	| 0.978022	 1.000000	 1.000000 |	-56	 8.697616
HT40/LGI	 T	 MCS10	 43.0	98.1	 97.7	 129(132)	| 0.987578	 1.000000	 1.000000 |	-55	 8.905477
HT40/LGI	 T	 MCS10	 42.6	97.3	 95.9	 119(124)	| 0.964912	 1.000000	 1.000000 |	-58	 10.205549
HT40/LGI	 T	 MCS10	 32.8	75.0	 22.2	 12(	| 0.888889	 1.000000	 1.000000 |	-68	 12.345573
HT40/LGI	 MCS10	 8.9	 20.4	3.3	 2(	 60)	| 0.901639	 1.000000	 1.000000 |	-75	 12.467613
HT40/LGI	 MCS10	 14.1	 32.1	0.0	 0(	 56)	| 0.000000	 1.000000	 1.000000 |	-74	 14.225121
HT40/LGI	 MCS10	 23.1	 52.8	32.8	 24(	 73)	| 0.142857	 1.000000	 1.000000 |	-71	 14.745821
HT40/LGI	 MCS10	 22.9	 52.2	43.2	 32(	 74)	| 0.062500	 1.000000	 1.000000 |	-73	 14.857348
HT40/LGI	 MCS10	 21.5	 49.2	12.6	 8(	 63)	| 0.000000	 1.000000	 1.000000 |	-74	 14.953388
HT40/LGI	 MCS10	 17.2	 39.3	0.0	 0(	 53)	| 0.000000	 1.000000	 -nan |	-74	 15.056426
HT40/LGI	 MCS10	 17.1	 39.0	82.4	 66(	 80)	| 0.915493	 1.000000	 1.000000 |	-76	 15.217573
HT40/LGI	 MCS10	 19.0	 43.4	56.9	 37(	 65)	| 0.142857	 1.000000	 1.000000 |	-72	 15.267865
HT40/LGI	 MCS10	 13.1	 30.0	3.4	 2(	 58)	| 0.000000	 1.000000	 1.000000 |	-77	 15.743256
HT40/LGI	 MCS10	 9.8	 22.5	0.0	 0(	 42)	| 0.000000	 1.000000	 1.000000 |	-77	 15.789619
HT40/LGI	 MCS10	 10.4	 23.7	64.2	 45(	 70)	| 0.000000	 1.000000	 1.000000 |	-75	 16.103315
HT40/LGI	 MCS10	 4.7	 10.7	0.0	 0(	 60)	| 0.000000	 1.000000	 -nan |	-75	 16.464193
HT40/LGI	 MCS10	 12.1	 27.6	0.0	 0(	 35)	| 0.000000	 1.000000	 1.000000 |	-78	 16.989756
HT40/LGI	 MCS10	 13.2	 30.1	6.6	 3(	 45)	| 0.000000	 1.000000	 1.000000 |	-76	 17.095633
HT40/LGI	 MCS10	 14.9	 34.1	67.3	 62(	 92)	| 0.000000	 1.000000	 -nan |	-73	 17.460007
HT40/LGI	 MCS10	 25.0	 57.2	81.5	 75(	 92)	| 0.000000	 1.000000	 -nan |	-71	 17.567682
HT40/LGI	 MCS10	 18.8	 42.9	0.0	 0(	 25)	| 0.000000	 1.000000	 -nan |	-74	 17.617025
HT40/LGI	 MCS10	 26.8	 61.3	56.6	 47(	 83)	| 0.000000	 1.000000	 1.000000 |	-73	 18.136318
HT40/LGI	 MCS10	 23.2	 52.9	27.9	 19(	 68)	| 0.000000	 1.000000	 1.000000 |	-75	 18.189089
HT40/LGI	 T	 MCS10	 35.9	82.0	 93.3	 112(120)	| 0.962963	 1.000000	 1.000000 |	-71	 18.550797
HT40/LGI	 T	 MCS10	 40.4	92.2	 80.8	 93(115)	| 0.917808	 1.000000	 1.000000 |	-72	 19.188644
HT40/LGI	 T	 MCS10	 42.9	97.8	 96.7	 120(124)	| 0.974249	 1.000000	 1.000000 |	-58	 21.888317
HT40/LGI	 T	 MCS10	 42.9	97.8	 98.3	 118(120)	| 0.977941	 1.000000	 1.000000 |	-48	 23.369841
HT40/LGI	 MCS10	 21.8	 49.8	59.4	 47(	 79)	| 0.837838	 1.000000	 1.000000 |	-77	 28.765156
HT40/LGI	 MCS10	 16.7	 38.2	3.5	 2(	 57)	| 0.000000	 1.000000	 1.000000 |	-78	 28.817671
HT40/LGI	 MCS10	 0.0	 2.2	0.0	 0(	 8)	| 0.149466	 1.000000	 1.000000 |	-78	 30.940825
HT40/LGI	 MCS10	 0.0	 4.9	15.8	 10(	 63)	| 0.000000	 1.000000	 1.000000 |	-71	 31.081320
HT40/LGI	 MCS10	 0.0	 0.2	0.0	 0(	 22)	| 0.000000	 1.000000	 1.000000 |	-76	 31.664957
HT40/LGI	 MCS10	 0.0	 0.0	0.0	 0(	 9)	| 0.000000	 1.000000	 1.000000 |	-82	 35.980106
HT40/LGI	 T	 MCS10	 14.3	32.6	 37.5	 3(	| 0.000000	 1.000000	 1.000000 |	-75	 13.550452
HT40/LGI	 T	 MCS10	 29.4	67.2	 98.2	 56(	| 0.000000	 1.000000	 -nan |	-72	 13.873574
HT40/LGI	 T	 MCS10	 13.6	31.0	 27.2	 12(	| 0.000000	 1.000000	 -nan |	-76	 14.194666
HT40/LGI	 T	 MCS10	 13.9	31.8	 0.0	 0(	| 0.000000	 1.000000	 1.000000 |	-76	 14.405860
HT40/LGI	 T	 MCS10	 15.5	35.3	 67.4	 29(	| 0.000000	 1.000000	 1.000000 |	-73	 14.898998
HT40/LGI	 T	 MCS10	 19.6	44.8	 73.4	 47(	| 0.000000	 1.000000	 1.000000 |	-75	 14.931790
HT40/LGI	 T	 MCS10	 20.1	45.9	 49.2	 32(	| 0.000000	 1.000000	 1.000000 |	-73	 15.006913
HT40/LGI	 T	 MCS10	 20.8	47.4	 52.0	 25(	| 0.000000	 1.000000	 1.000000 |	-72	 15.067014
HT40/LGI	 T	 MCS10	 22.8	52.1	 66.1	 39(	| 0.000000	 1.000000	 1.000000 |	-74	 15.108266
HT40/LGI	 T	 MCS10	 28.7	65.5	 81.0	 47(	| 0.000000	 1.000000	 1.000000 |	-73	 15.218741
HT40/LGI	 T	 MCS10	 25.0	57.1	 31.9	 15(	| 0.000000	 1.000000	 1.000000 |	-73	 15.279046
HT40/LGI	 T	 MCS10	 25.3	57.8	 70.1	 40(	| 0.000000	 1.000000	 1.000000 |	-74	 15.533216
