-27	 0.961290	 1.000000	 1.000000	 0.120395
-25	 0.952381	 1.000000	 1.000000	 0.220188
-23	 0.976096	 1.000000	 1.000000	 0.410540
-23	 0.964072	 1.000000	 1.000000	 0.540243
-24	 0.962500	 1.000000	 1.000000	 0.663971
-22	 0.971831	 1.000000	 1.000000	 0.836485
-25	 0.979866	 1.000000	 1.000000	 1.060657
-27	 0.980000	 1.000000	 1.000000	 1.286703
-26	 0.955882	 1.000000	 1.000000	 1.392865
-25	 0.927711	 1.000000	 1.000000	 1.460059
-27	 0.969072	 1.000000	 1.000000	 1.610329
-28	 0.951613	 1.000000	 1.000000	 1.707257
-29	 0.950820	 1.000000	 1.000000	 1.804214
-30	 0.958621	 1.000000	 1.000000	 1.918465
-30	 0.939130	 1.000000	 1.000000	 2.010323
-33	 0.949153	 1.000000	 1.000000	 2.102355
-29	 0.947826	 1.000000	 1.000000	 2.193505
-33	 0.947826	 1.000000	 1.000000	 2.284917
-32	 0.962025	 1.000000	 1.000000	 2.407585
-40	 0.969231	 1.000000	 1.000000	 2.558166
-42	 0.928571	 1.000000	 1.000000	 2.627933
-40	 0.951613	 1.000000	 1.000000	 2.725460
-37	 0.935484	 1.000000	 1.000000	 2.801097
-39	 0.959184	 1.000000	 1.000000	 2.915795
-37	 0.955224	 1.000000	 1.000000	 3.023353
-36	 0.970297	 1.000000	 1.000000	 3.180968
-35	 0.966667	 1.000000	 1.000000	 3.321834
-37	 0.957747	 1.000000	 1.000000	 3.432662
-39	 0.956204	 1.000000	 1.000000	 3.539325
-41	 0.962500	 1.000000	 1.000000	 3.666673
-41	 0.977695	 1.000000	 1.000000	 3.875711
-39	 0.969849	 1.000000	 1.000000	 4.030422
-44	 0.982857	 1.000000	 1.000000	 4.297980
-46	 0.953488	 1.000000	 1.000000	 4.398051
-46	 0.963415	 1.000000	 1.000000	 4.527198
-44	 0.950820	 1.000000	 1.000000	 4.625361
-43	 0.979798	 1.000000	 1.000000	 4.855263
-43	 0.970874	 1.000000	 1.000000	 5.018277
-48	 0.972603	 1.000000	 1.000000	 5.188392
-43	 0.937500	 1.000000	 1.000000	 5.265944
-39	 0.920000	 1.000000	 1.000000	 5.325739
-44	 0.970000	 1.000000	 1.000000	 5.481645
-39	 0.953846	 1.000000	 1.000000	 5.587170
-45	 0.975904	 1.000000	 1.000000	 5.776010
-44	 0.970149	 1.000000	 1.000000	 5.950395
-43	 0.968254	 1.000000	 1.000000	 6.094890
-41	 0.970732	 1.000000	 1.000000	 6.253631
-41	 0.937500	 1.000000	 1.000000	 6.331256
-42	 0.938776	 1.000000	 1.000000	 6.410499
-41	 0.965116	 1.000000	 1.000000	 6.546734
-43	 0.913043	 1.000000	 1.000000	 6.605372
-35	 0.961538	 1.000000	 1.000000	 6.727526
-41	 0.973684	 1.000000	 1.000000	 6.904102
-48	 0.970443	 1.000000	 1.000000	 7.062313
-45	 0.968912	 1.000000	 1.000000	 7.212266
-47	 0.983784	 1.000000	 1.000000	 7.497747
-46	 0.960000	 1.000000	 1.000000	 7.614768
-40	 0.958333	 1.000000	 1.000000	 7.730181
-41	 0.962264	 1.000000	 1.000000	 7.853656
-50	 0.979310	 1.000000	 1.000000	 8.078596
-51	 0.953125	 1.000000	 1.000000	 8.176719
-52	 0.973568	 1.000000	 1.000000	 8.350729
-51	 0.964497	 1.000000	 1.000000	 8.482940
-52	 0.920000	 1.000000	 1.000000	 8.543921
-56	 0.962500	 1.000000	 1.000000	 8.670218
-57	 0.953846	 1.000000	 1.000000	 8.773056
-54	 0.986355	 1.000000	 1.000000	 9.157688
-54	 0.980952	 1.000000	 1.000000	 9.405040
-56	 0.964497	 1.000000	 1.000000	 9.534899
-59	 0.976378	 1.000000	 1.000000	 9.727908
-57	 0.917808	 1.000000	 1.000000	 9.786858
-63	 0.981013	 1.000000	 1.000000	 10.036487
-62	 0.980066	 1.000000	 1.000000	 10.272828
-65	 0.960000	 1.000000	 1.000000	 10.391171
-65	 0.984293	 1.000000	 1.000000	 10.682106
-64	 0.936170	 1.000000	 1.000000	 10.756761
-62	 0.977273	 1.000000	 1.000000	 10.961238
-69	 0.974026	 1.000000	 1.000000	 11.141269
-70	 0.906250	 1.000000	 1.000000	 11.193001
-70	 0.960265	 1.000000	 1.000000	 11.314428
-68	 0.975207	 1.000000	 1.000000	 11.502371
-70	 0.959459	 1.000000	 1.000000	 11.619239
-68	 0.972350	 1.000000	 1.000000	 11.788911
-68	 0.969697	 1.000000	 1.000000	 11.943171
-72	 0.983471	 1.000000	 1.000000	 12.227401
-74	 0.980198	 1.000000	 1.000000	 12.460159
-77	 0.966102	 1.000000	 1.000000	 12.601097
-75	 0.950413	 1.000000	 1.000000	 12.698558
-76	 0.923913	 1.000000	 1.000000	 12.774658
-73	 0.959770	 1.000000	 1.000000	 12.911878
-75	 0.961538	 1.000000	 1.000000	 13.034603
-70	 0.977778	 1.000000	 1.000000	 13.242705
-70	 0.944954	 1.000000	 1.000000	 13.329461
-69	 0.955224	 1.000000	 1.000000	 13.435492
-71	 0.973451	 1.000000	 1.000000	 13.614526
-71	 0.950820	 1.000000	 1.000000	 13.709113
-77	 0.982036	 1.000000	 1.000000	 13.968232
-77	 0.942857	 1.000000	 1.000000	 14.054292
-74	 0.926829	 1.000000	 1.000000	 14.122310
-74	 0.903226	 1.000000	 1.000000	 14.173500
-77	 0.965318	 1.000000	 1.000000	 14.311230
-74	 0.977695	 1.000000	 1.000000	 14.520602
-68	 0.965318	 1.000000	 1.000000	 14.656689
-72	 0.952756	 1.000000	 1.000000	 14.758319
-75	 0.951219	 1.000000	 1.000000	 14.856824
-78	 0.965714	 1.000000	 1.000000	 14.998109
-75	 0.941176	 1.000000	 1.000000	 15.082589
-77	 0.964706	 1.000000	 1.000000	 15.217107
-76	 0.953846	 1.000000	 1.000000	 15.320567
-77	 0.936842	 1.000000	 1.000000	 15.399122
-78	 0.944882	 1.000000	 1.000000	 15.502385
-78	 0.825000	 1.000000	 1.000000	 15.549372
-79	 0.882353	 1.000000	 1.000000	 15.595142
-78	 0.929825	 1.000000	 1.000000	 15.688995
-79	 0.920000	 1.000000	 1.000000	 15.751419
-75	 0.943396	 1.000000	 1.000000	 15.838895
-76	 0.969388	 1.000000	 1.000000	 15.995379
-78	 0.940000	 1.000000	 1.000000	 16.080330
-75	 0.964286	 1.000000	 1.000000	 16.214363
-76	 0.963190	 1.000000	 1.000000	 16.343863
-75	 0.969697	 1.000000	 1.000000	 16.497484
-71	 0.964497	 1.000000	 1.000000	 16.630482
-70	 0.946429	 1.000000	 1.000000	 16.720781
-69	 0.938144	 1.000000	 1.000000	 16.798752
-68	 0.968586	 1.000000	 1.000000	 16.950447
-71	 0.982456	 1.000000	 1.000000	 17.217096
-70	 0.975510	 1.000000	 1.000000	 17.407246
-71	 0.975000	 1.000000	 1.000000	 17.595613
-70	 0.923077	 1.000000	 1.000000	 17.659424
-70	 0.975904	 1.000000	 1.000000	 17.850319
-71	 0.932584	 1.000000	 1.000000	 17.922846
-71	 0.974249	 1.000000	 1.000000	 18.105097
-70	 0.976471	 1.000000	 1.000000	 18.303947
-67	 0.960526	 1.000000	 1.000000	 18.421572
-65	 0.979381	 1.000000	 1.000000	 18.646685
-69	 0.969697	 1.000000	 1.000000	 18.802553
-71	 0.961290	 1.000000	 1.000000	 18.924074
-71	 0.973214	 1.000000	 1.000000	 19.098644
-69	 0.958333	 1.000000	 1.000000	 19.210764
-66	 0.972477	 1.000000	 1.000000	 19.379118
-68	 0.934783	 1.000000	 1.000000	 19.453939
-67	 0.965714	 1.000000	 1.000000	 19.592606
-66	 0.977778	 1.000000	 1.000000	 19.799173
-67	 0.960784	 1.000000	 1.000000	 19.922291
-61	 0.981538	 1.000000	 1.000000	 20.184980
-62	 0.971292	 1.000000	 1.000000	 20.342216
-65	 0.969849	 1.000000	 1.000000	 20.501387
-61	 0.981707	 1.000000	 1.000000	 20.754002
-61	 0.945946	 1.000000	 1.000000	 20.843569
-52	 0.982759	 1.000000	 1.000000	 21.110905
-53	 0.961290	 1.000000	 1.000000	 21.232706
-56	 0.917808	 1.000000	 1.000000	 21.296522
-56	 0.964912	 1.000000	 1.000000	 21.431995
-56	 0.956835	 1.000000	 1.000000	 21.539686
-54	 0.977444	 1.000000	 1.000000	 21.744415
-53	 0.967213	 1.000000	 1.000000	 21.886517
-50	 0.941176	 1.000000	 1.000000	 21.968332
-50	 0.980892	 1.000000	 1.000000	 22.211302
-51	 0.946429	 1.000000	 1.000000	 22.301027
-48	 0.972350	 1.000000	 1.000000	 22.471966
-56	 0.971429	 1.000000	 1.000000	 22.634892
-53	 0.934066	 1.000000	 1.000000	 22.709953
-46	 0.961783	 1.000000	 1.000000	 22.836515
-52	 0.978417	 1.000000	 1.000000	 23.050213
-48	 0.967391	 1.000000	 1.000000	 23.197474
-51	 0.966851	 1.000000	 1.000000	 23.340067
-50	 0.961165	 1.000000	 1.000000	 23.501905
-49	 0.973913	 1.000000	 1.000000	 23.679028
-49	 0.962500	 1.000000	 1.000000	 23.807236
-50	 0.925926	 1.000000	 1.000000	 23.874838
-57	 0.973333	 1.000000	 1.000000	 24.050411
-63	 0.972851	 1.000000	 1.000000	 24.222042
-62	 0.955882	 1.000000	 1.000000	 24.328920
-65	 0.987928	 1.000000	 1.000000	 24.714550
-70	 0.967742	 1.000000	 1.000000	 24.861774
-65	 0.967742	 1.000000	 1.000000	 25.007202
-64	 0.983607	 1.000000	 1.000000	 25.282820
-70	 0.945946	 1.000000	 1.000000	 25.371080
-72	 0.962963	 1.000000	 1.000000	 25.498535
-71	 0.968586	 1.000000	 1.000000	 25.646736
-70	 0.980263	 1.000000	 1.000000	 25.883633
-70	 0.963190	 1.000000	 1.000000	 26.010748
-71	 0.985849	 1.000000	 1.000000	 26.334381
-73	 0.979452	 1.000000	 1.000000	 26.562460
-66	 0.980392	 1.000000	 1.000000	 26.798412
-70	 0.939394	 1.000000	 1.000000	 26.878405
-68	 0.974684	 1.000000	 1.000000	 27.063435
-74	 0.963190	 1.000000	 1.000000	 27.193098
-74	 0.972093	 1.000000	 1.000000	 27.362368
-73	 0.960000	 1.000000	 1.000000	 27.479353
-76	 0.957447	 1.000000	 1.000000	 27.591530
-76	 0.938144	 1.000000	 1.000000	 27.671167
-76	 0.952756	 1.000000	 1.000000	 27.773333
-74	 0.939394	 1.000000	 1.000000	 27.851852
-70	 0.983696	 1.000000	 1.000000	 28.141022
-72	 0.973684	 1.000000	 1.000000	 28.317272
-69	 0.958333	 1.000000	 1.000000	 28.429174
-73	 0.966667	 1.000000	 1.000000	 28.570658
-76	 0.974790	 1.000000	 1.000000	 28.758751
-75	 0.978947	 1.000000	 1.000000	 28.980413
-75	 0.957447	 1.000000	 1.000000	 29.094505
-77	 0.906250	 1.000000	 1.000000	 29.150093
-75	 0.941748	 1.000000	 1.000000	 29.234638
-76	 0.916667	 1.000000	 1.000000	 29.300789
-76	 0.963636	 1.000000	 1.000000	 29.430573
-75	 0.925926	 1.000000	 1.000000	 29.497808
-74	 0.976923	 1.000000	 1.000000	 29.698610
-77	 0.967033	 1.000000	 1.000000	 29.843218
-71	 0.970149	 1.000000	 1.000000	 30.002043
-78	 0.877551	 1.000000	 1.000000	 30.049633
-72	 0.906250	 1.000000	 1.000000	 30.102863
-74	 0.920000	 1.000000	 1.000000	 30.163460
-75	 0.975104	 1.000000	 1.000000	 30.354792
-72	 0.935484	 1.000000	 1.000000	 30.448080
-75	 0.924051	 1.000000	 1.000000	 30.516382
-76	 0.920000	 1.000000	 1.000000	 30.592293
-74	 0.842105	 1.000000	 1.000000	 30.640394
-75	 0.898305	 1.000000	 1.000000	 30.694508
-78	 0.875000	 1.000000	 1.000000	 30.753128
-74	 0.875000	 1.000000	 1.000000	 30.807878
-77	 0.904762	 1.000000	 1.000000	 30.871794
-76	 0.619048	 1.000000	 1.000000	 30.910704
-75	 0.925000	 1.000000	 1.000000	 30.976597
-75	 0.828571	 1.000000	 1.000000	 31.011950
-74	 0.250000	 1.000000	 1.000000	 31.023066
-75	 0.454545	 1.000000	 1.000000	 31.047220
-76	 0.727273	 1.000000	 1.000000	 31.069521
-75	 0.923077	 1.000000	 1.000000	 31.134865
-77	 0.911765	 1.000000	 1.000000	 31.192488
-78	 0.666667	 1.000000	 1.000000	 31.214365
-75	 0.250000	 1.000000	 1.000000	 31.249933
-76	 0.454545	 1.000000	 1.000000	 31.274847
-75	 0.600000	 1.000000	 1.000000	 31.294464
-74	 0.250000	 1.000000	 1.000000	 31.311272
-77	 0.142857	 1.000000	 1.000000	 31.355404
-77	 0.363636	 1.000000	 1.000000	 31.399334
-76	 0.890909	 1.000000	 1.000000	 31.493876
-76	 0.000000	 1.000000	 1.000000	 31.543566
-74	 0.142857	 1.000000	 1.000000	 31.602606
-75	 0.714286	 1.000000	 1.000000	 31.660467
-77	 0.500000	 1.000000	 1.000000	 31.691158
-76	 0.000000	 1.000000	 1.000000	 31.733093
-78	 0.000000	 1.000000	 1.000000	 31.782547
-79	 0.000000	 1.000000	 1.000000	 31.799259
-79	 0.000000	 1.000000	 1.000000	 31.816065
-80	 0.000000	 1.000000	 1.000000	 31.834982
-79	 0.000000	 1.000000	 1.000000	 31.869413
-78	 0.000000	 1.000000	 1.000000	 31.913620
-78	 0.000000	 1.000000	 1.000000	 31.965143
-77	 0.666667	 1.000000	 1.000000	 32.004002
-77	 0.927273	 1.000000	 1.000000	 32.100460
-78	 0.911765	 1.000000	 1.000000	 32.161598
-78	 0.806452	 1.000000	 1.000000	 32.190491
-79	 0.870370	 1.000000	 1.000000	 32.238304
-78	 0.854167	 1.000000	 1.000000	 32.283188
-79	 0.727273	 1.000000	 1.000000	 32.306751
-80	 0.250000	 1.000000	 1.000000	 32.342571
-81	 0.000000	 1.000000	 1.000000	 32.391087
-78	 0.000000	 1.000000	 1.000000	 32.438187
-79	 0.000000	 1.000000	 1.000000	 32.485680
-81	 0.000000	 1.000000	 1.000000	 32.533676
-81	 0.000000	 1.000000	 1.000000	 32.587242
-79	 0.333333	 1.000000	 1.000000	 32.624496
-80	 0.142857	 1.000000	 1.000000	 32.646297
-81	 0.000000	 1.000000	 1.000000	 32.696732
-80	 0.000000	 1.000000	 1.000000	 32.754150
-79	 0.000000	 1.000000	 1.000000	 32.803810
-80	 0.000000	 1.000000	 1.000000	 32.820358
-80	 0.000000	 1.000000	 1.000000	 32.845989
-81	 0.000000	 1.000000	 1.000000	 32.863190
-79	 0.000000	 1.000000	 1.000000	 32.879261
-79	 0.000000	 1.000000	 1.000000	 32.896877
-79	 0.000000	 1.000000	 1.000000	 32.914127
-78	 0.000000	 1.000000	 1.000000	 32.932011
-78	 0.000000	 1.000000	 1.000000	 32.949539
-80	 0.000000	 1.000000	 1.000000	 32.967457
-79	 0.000000	 1.000000	 1.000000	 32.988201
-81	 0.000000	 1.000000	 1.000000	 33.004799
-83	 0.000000	 1.000000	 1.000000	 33.022938
-79	 0.000000	 1.000000	 1.000000	 33.056679
-78	 0.000000	 1.000000	 1.000000	 33.075092
-78	 0.000000	 1.000000	 1.000000	 33.093945
-77	 0.000000	 1.000000	 1.000000	 33.110188
-76	 0.000000	 1.000000	 1.000000	 33.130466
-76	 0.000000	 1.000000	 1.000000	 33.151325
-76	 0.000000	 1.000000	 1.000000	 33.169556
-80	 0.000000	 1.000000	 1.000000	 33.188957
-82	 0.000000	 1.000000	 1.000000	 33.207157
-81	 0.000000	 1.000000	 1.000000	 33.225052
-80	 0.000000	 1.000000	 1.000000	 33.243019
-82	 0.000000	 1.000000	 1.000000	 33.260418
-80	 0.000000	 1.000000	 1.000000	 33.282368
-81	 0.000000	 1.000000	 1.000000	 33.299149
-82	 0.000000	 1.000000	 1.000000	 33.317924
-81	 0.000000	 1.000000	 1.000000	 33.334209
-83	 0.000000	 1.000000	 1.000000	 33.354549
-83	 0.000000	 1.000000	 1.000000	 33.381824
-83	 0.000000	 1.000000	 1.000000	 33.393951
-81	 0.000000	 1.000000	 1.000000	 33.417587
-82	 0.000000	 1.000000	 1.000000	 33.443687
-83	 0.000000	 1.000000	 1.000000	 33.462879
-81	 0.000000	 1.000000	 1.000000	 33.485355
-78	 0.000000	 1.000000	 1.000000	 33.510307
-77	 0.000000	 1.000000	 1.000000	 33.529011
-76	 0.000000	 1.000000	 1.000000	 33.554092
-76	 0.000000	 1.000000	 1.000000	 33.568752
-77	 0.000000	 1.000000	 1.000000	 33.592869
-80	 0.000000	 1.000000	 1.000000	 33.612576
-81	 0.000000	 1.000000	 1.000000	 33.634773
-80	 0.000000	 1.000000	 1.000000	 33.655540
-78	 0.000000	 1.000000	 1.000000	 33.678520
-78	 0.000000	 1.000000	 1.000000	 33.702374
-76	 0.000000	 1.000000	 1.000000	 33.721981
-77	 0.000000	 1.000000	 1.000000	 33.738811
-81	 0.000000	 1.000000	 1.000000	 33.758560
-81	 0.000000	 1.000000	 1.000000	 33.776043
-81	 0.000000	 1.000000	 1.000000	 33.795929
-81	 0.000000	 1.000000	 1.000000	 33.813881
-83	 0.000000	 1.000000	 1.000000	 33.888569
-83	 0.000000	 1.000000	 -nan	 33.914413
-83	 0.000000	 1.000000	 -nan	 33.932068
-83	 0.000000	 1.000000	 -nan	 33.948406
-83	 0.000000	 1.000000	 -nan	 33.970184
-83	 0.000000	 1.000000	 -nan	 33.986698
-83	 0.000000	 1.000000	 -nan	 34.022335
-81	 0.000000	 1.000000	 1.000000	 34.054123
-80	 0.000000	 1.000000	 1.000000	 34.087658
-80	 0.000000	 1.000000	 1.000000	 34.104744
-81	 0.000000	 1.000000	 1.000000	 34.151901
-83	 0.000000	 1.000000	 -nan	 34.206852
-83	 0.000000	 1.000000	 -nan	 34.223705
-83	 0.000000	 1.000000	 -nan	 34.242447
-83	 0.000000	 1.000000	 -nan	 34.262833
-80	 0.000000	 1.000000	 -nan	 34.279594
-80	 0.000000	 1.000000	 -nan	 34.302540
-80	 0.000000	 1.000000	 1.000000	 34.324924
-80	 0.000000	 1.000000	 1.000000	 34.355366
-80	 0.000000	 1.000000	 1.000000	 34.378639
-80	 0.000000	 1.000000	 1.000000	 34.397358
-79	 0.000000	 1.000000	 1.000000	 34.414665
-76	 0.000000	 1.000000	 1.000000	 34.434425
-74	 0.000000	 1.000000	 1.000000	 34.452686
-75	 0.000000	 1.000000	 1.000000	 34.470737
-76	 0.000000	 1.000000	 1.000000	 34.488083
-77	 0.000000	 1.000000	 1.000000	 34.510380
-78	 0.000000	 1.000000	 1.000000	 34.530518
-79	 0.000000	 1.000000	 1.000000	 34.546570
-78	 0.000000	 1.000000	 1.000000	 34.572403
-76	 0.000000	 1.000000	 1.000000	 34.597115
-75	 0.000000	 1.000000	 1.000000	 34.619617
-78	 0.000000	 1.000000	 1.000000	 34.637619
-79	 0.000000	 1.000000	 1.000000	 34.655087
-82	 0.000000	 1.000000	 1.000000	 34.681873
-82	 0.000000	 1.000000	 1.000000	 34.701008
-82	 0.000000	 1.000000	 1.000000	 34.719044
-81	 0.000000	 1.000000	 1.000000	 34.738560
-80	 0.000000	 1.000000	 1.000000	 34.756367
-81	 0.000000	 1.000000	 1.000000	 34.773361
-79	 0.000000	 1.000000	 1.000000	 34.797321
-79	 0.000000	 1.000000	 1.000000	 34.816105
-81	 0.000000	 1.000000	 1.000000	 34.837990
-80	 0.000000	 1.000000	 1.000000	 34.854553
-81	 0.000000	 1.000000	 1.000000	 34.872715
-82	 0.000000	 1.000000	 1.000000	 34.895138
-80	 0.000000	 1.000000	 1.000000	 34.917973
-80	 0.000000	 1.000000	 1.000000	 34.932545
-79	 0.000000	 1.000000	 1.000000	 34.950474
-79	 0.000000	 1.000000	 1.000000	 34.967701
-81	 0.000000	 1.000000	 1.000000	 34.984707
-78	 0.000000	 1.000000	 1.000000	 35.020481
-77	 0.000000	 1.000000	 1.000000	 35.038151
-78	 0.000000	 1.000000	 1.000000	 35.055470
-77	 0.000000	 1.000000	 1.000000	 35.072971
-77	 0.000000	 1.000000	 1.000000	 35.095188
-78	 0.000000	 1.000000	 1.000000	 35.111572
-77	 0.000000	 1.000000	 1.000000	 35.131405
-78	 0.000000	 1.000000	 1.000000	 35.148720
-78	 0.000000	 1.000000	 1.000000	 35.166836
-81	 0.000000	 1.000000	 1.000000	 35.187492
-79	 0.000000	 1.000000	 1.000000	 35.207642
-78	 0.000000	 1.000000	 1.000000	 35.235474
-78	 0.000000	 1.000000	 1.000000	 35.251545
-78	 0.000000	 1.000000	 1.000000	 35.274174
-80	 0.000000	 1.000000	 1.000000	 35.291821
-78	 0.000000	 1.000000	 1.000000	 35.310535
-78	 0.000000	 1.000000	 1.000000	 35.327721
-80	 0.000000	 1.000000	 1.000000	 35.345882
-79	 0.000000	 1.000000	 1.000000	 35.364868
-79	 0.000000	 1.000000	 1.000000	 35.386280
-78	 0.000000	 1.000000	 1.000000	 35.406200
-78	 0.000000	 1.000000	 1.000000	 35.422375
-79	 0.000000	 1.000000	 1.000000	 35.438618
-78	 0.000000	 1.000000	 1.000000	 35.458385
-77	 0.000000	 1.000000	 1.000000	 35.474232
-78	 0.000000	 1.000000	 1.000000	 35.491943
-76	 0.000000	 1.000000	 1.000000	 35.509060
-79	 0.000000	 1.000000	 1.000000	 35.529907
-80	 0.000000	 1.000000	 1.000000	 35.550179
-80	 0.000000	 1.000000	 1.000000	 35.573914
-80	 0.000000	 1.000000	 1.000000	 35.596046
-80	 0.000000	 1.000000	 1.000000	 35.614239
-80	 0.000000	 1.000000	 1.000000	 35.634064
-81	 0.000000	 1.000000	 1.000000	 35.653740
-81	 0.000000	 1.000000	 1.000000	 35.673309
-81	 0.000000	 1.000000	 1.000000	 35.694942
-80	 0.000000	 1.000000	 1.000000	 35.714344
-81	 0.000000	 1.000000	 1.000000	 35.738056
-81	 0.000000	 1.000000	 1.000000	 35.759697
-78	 0.000000	 1.000000	 1.000000	 35.786308
-79	 0.000000	 1.000000	 1.000000	 35.810905
-78	 0.000000	 1.000000	 1.000000	 35.838528
-79	 0.000000	 1.000000	 1.000000	 35.856030
-82	 0.000000	 1.000000	 1.000000	 35.874649
-82	 0.000000	 1.000000	 1.000000	 35.898342
-82	 0.000000	 1.000000	 1.000000	 35.919060
-82	 0.000000	 1.000000	 1.000000	 35.946835
-79	 0.000000	 1.000000	 1.000000	 35.966583
-78	 0.000000	 1.000000	 1.000000	 35.983963
-78	 0.000000	 1.000000	 -nan	 36.000072
-81	 0.000000	 1.000000	 1.000000	 36.022171
-81	 0.000000	 1.000000	 1.000000	 36.049957
-80	 0.000000	 1.000000	 1.000000	 36.071560
-82	 0.000000	 1.000000	 1.000000	 36.138496
-82	 0.000000	 1.000000	 -nan	 36.158775
-82	 0.000000	 1.000000	 -nan	 36.176846
-82	 0.000000	 1.000000	 -nan	 36.196320
-82	 0.000000	 1.000000	 -nan	 36.325245
-82	 0.000000	 1.000000	 -nan	 36.345924
-83	 0.000000	 1.000000	 1.000000	 36.369862
-82	 0.000000	 1.000000	 1.000000	 36.387386
-81	 0.000000	 1.000000	 1.000000	 36.422455
-80	 0.000000	 1.000000	 1.000000	 36.439297
-80	 0.000000	 1.000000	 1.000000	 36.462860
-80	 0.000000	 1.000000	 1.000000	 36.481434
-80	 0.000000	 1.000000	 1.000000	 36.500725
-80	 0.000000	 1.000000	 1.000000	 36.519073
-81	 0.000000	 1.000000	 1.000000	 36.539062
-81	 0.000000	 1.000000	 1.000000	 36.560997
-81	 0.000000	 1.000000	 1.000000	 36.581448
-80	 0.000000	 1.000000	 1.000000	 36.601341
-83	 0.000000	 1.000000	 1.000000	 36.626678
