-16	 0.142857	 1.000000	 1.000000	 0.011648
-15	 0.125000	 1.000000	 1.000000	 0.021616
-16	 0.142857	 1.000000	 1.000000	 0.035455
-16	 0.142857	 1.000000	 1.000000	 0.054844
-15	 0.250000	 1.000000	 1.000000	 0.075310
-13	 0.250000	 1.000000	 1.000000	 0.102276
-14	 0.142857	 1.000000	 1.000000	 0.144835
-15	 0.000000	 1.000000	 1.000000	 0.172582
-15	 0.250000	 1.000000	 1.000000	 0.192451
-16	 0.125000	 1.000000	 1.000000	 0.221514
-16	 0.000000	 1.000000	 1.000000	 0.238372
-15	 0.142857	 1.000000	 1.000000	 0.253774
-16	 0.000000	 1.000000	 1.000000	 0.272820
-16	 0.142857	 1.000000	 1.000000	 0.286645
-15	 0.250000	 1.000000	 1.000000	 0.303951
-16	 0.250000	 1.000000	 1.000000	 0.320448
-15	 0.142857	 1.000000	 1.000000	 0.339358
-15	 0.250000	 1.000000	 -nan	 0.348735
-8	 0.000000	 1.000000	 -nan	 0.364464
-15	 0.000000	 1.000000	 1.000000	 0.381044
-15	 0.400000	 1.000000	 1.000000	 0.394363
-15	 0.000000	 1.000000	 -nan	 0.409133
-16	 0.142857	 1.000000	 1.000000	 0.421530
-16	 0.000000	 1.000000	 1.000000	 0.438703
-16	 0.250000	 1.000000	 1.000000	 0.458940
-14	 0.142857	 1.000000	 1.000000	 0.479806
-15	 0.000000	 1.000000	 1.000000	 0.495886
-9	 0.142857	 1.000000	 1.000000	 0.511525
-15	 0.000000	 1.000000	 1.000000	 0.530328
-16	 0.000000	 1.000000	 1.000000	 0.541793
-15	 0.250000	 1.000000	 1.000000	 0.554702
-15	 0.142857	 1.000000	 1.000000	 0.568127
-17	 0.000000	 1.000000	 1.000000	 0.585594
-17	 0.142857	 1.000000	 1.000000	 0.598234
-17	 0.000000	 1.000000	 1.000000	 0.612858
-17	 0.000000	 1.000000	 1.000000	 0.632455
-16	 0.250000	 1.000000	 1.000000	 0.644976
-14	 0.333333	 1.000000	 1.000000	 0.666083
-16	 0.142857	 1.000000	 1.000000	 0.680330
-17	 0.454545	 1.000000	 1.000000	 0.687335
-16	 0.250000	 1.000000	 1.000000	 0.702224
-9	 0.250000	 1.000000	 1.000000	 0.717073
-15	 0.454545	 1.000000	 1.000000	 0.730119
-16	 0.000000	 1.000000	 1.000000	 0.734363
-16	 0.538462	 1.000000	 1.000000	 0.749878
-17	 0.571429	 1.000000	 1.000000	 0.756046
-16	 0.363636	 1.000000	 1.000000	 0.768848
-16	 0.333333	 1.000000	 1.000000	 0.775049
-15	 0.000000	 1.000000	 1.000000	 0.780446
-16	 0.142857	 1.000000	 1.000000	 0.798723
-17	 0.333333	 1.000000	 1.000000	 0.827376
-9	 0.250000	 1.000000	 1.000000	 0.867341
-16	 0.000000	 1.000000	 1.000000	 0.902047
-17	 0.250000	 1.000000	 1.000000	 0.916967
-16	 0.250000	 1.000000	 1.000000	 0.928104
-18	 0.000000	 1.000000	 1.000000	 0.959715
-18	 0.000000	 1.000000	 1.000000	 0.997782
-16	 0.250000	 1.000000	 1.000000	 1.024467
-16	 0.000000	 1.000000	 1.000000	 1.052884
-17	 0.142857	 1.000000	 1.000000	 1.074599
-17	 0.333333	 1.000000	 1.000000	 1.109412
-18	 0.142857	 1.000000	 1.000000	 1.122072
-19	 0.571429	 1.000000	 1.000000	 1.138380
-19	 0.333333	 1.000000	 1.000000	 1.150034
-19	 0.142857	 1.000000	 1.000000	 1.161773
-20	 0.142857	 1.000000	 1.000000	 1.176729
-20	 0.000000	 1.000000	 1.000000	 1.193074
-20	 0.142857	 1.000000	 1.000000	 1.202646
-19	 0.125000	 1.000000	 1.000000	 1.220045
-18	 0.142857	 1.000000	 1.000000	 1.231023
-18	 0.333333	 1.000000	 1.000000	 1.242034
-19	 0.700000	 1.000000	 1.000000	 1.255540
-20	 0.142857	 1.000000	 1.000000	 1.271445
-20	 0.250000	 1.000000	 1.000000	 1.281440
-20	 0.250000	 1.000000	 1.000000	 1.305882
-21	 0.000000	 1.000000	 1.000000	 1.335924
-22	 0.000000	 1.000000	 1.000000	 1.360501
-13	 0.250000	 1.000000	 1.000000	 1.376028
-20	 0.142857	 1.000000	 1.000000	 1.382133
-19	 0.333333	 1.000000	 1.000000	 1.389622
-20	 0.647059	 1.000000	 1.000000	 1.397510
-20	 0.600000	 1.000000	 1.000000	 1.410914
-22	 0.400000	 1.000000	 1.000000	 1.417781
-21	 0.538462	 1.000000	 1.000000	 1.424884
-21	 0.454545	 1.000000	 1.000000	 1.438658
-19	 0.000000	 1.000000	 1.000000	 1.470475
-21	 0.142857	 1.000000	 1.000000	 1.492249
-20	 0.142857	 1.000000	 1.000000	 1.515029
-19	 0.250000	 1.000000	 1.000000	 1.540539
-20	 0.000000	 1.000000	 1.000000	 1.573427
-20	 0.000000	 1.000000	 1.000000	 1.586178
-22	 0.333333	 1.000000	 1.000000	 1.603544
-22	 0.222222	 1.000000	 1.000000	 1.617044
-22	 0.000000	 1.000000	 1.000000	 1.632498
-23	 0.000000	 1.000000	 1.000000	 1.647254
-22	 0.142857	 1.000000	 1.000000	 1.681384
-21	 0.333333	 1.000000	 1.000000	 1.693368
-20	 0.454545	 1.000000	 1.000000	 1.723175
-21	 0.222222	 1.000000	 1.000000	 1.746565
-21	 0.250000	 1.000000	 1.000000	 1.761240
-21	 0.684211	 1.000000	 1.000000	 1.778070
-21	 0.571429	 1.000000	 1.000000	 1.787501
-21	 0.562500	 1.000000	 1.000000	 1.796293
-20	 0.250000	 1.000000	 1.000000	 1.801801
-21	 0.600000	 1.000000	 1.000000	 1.807932
-21	 0.647059	 1.000000	 1.000000	 1.815912
-22	 0.400000	 1.000000	 1.000000	 1.829879
-22	 0.333333	 1.000000	 1.000000	 1.837895
-24	 0.454545	 1.000000	 1.000000	 1.851620
-23	 0.454545	 1.000000	 1.000000	 1.858701
-23	 0.454545	 1.000000	 1.000000	 1.873128
-22	 0.000000	 1.000000	 1.000000	 1.881119
-21	 0.250000	 1.000000	 1.000000	 1.888343
-21	 0.666667	 1.000000	 1.000000	 1.898052
-21	 0.400000	 1.000000	 1.000000	 1.905335
-21	 0.588235	 1.000000	 1.000000	 1.921063
-19	 0.333333	 1.000000	 -nan	 1.925783
-20	 0.400000	 1.000000	 1.000000	 1.933665
-20	 0.400000	 1.000000	 1.000000	 1.941944
-18	 0.142857	 1.000000	 1.000000	 1.950826
-18	 0.000000	 1.000000	 1.000000	 1.958970
-18	 0.142857	 1.000000	 1.000000	 1.966017
-20	 0.333333	 1.000000	 1.000000	 1.992197
-22	 0.000000	 1.000000	 1.000000	 2.048584
-20	 0.222222	 1.000000	 1.000000	 2.069674
-20	 0.000000	 1.000000	 1.000000	 2.085712
-23	 0.250000	 1.000000	 1.000000	 2.118091
-22	 0.000000	 1.000000	 1.000000	 2.164987
-22	 0.142857	 1.000000	 1.000000	 2.168954
-33	 0.333333	 1.000000	 1.000000	 2.185927
-33	 0.142857	 1.000000	 1.000000	 2.204133
-33	 0.142857	 1.000000	 1.000000	 2.215507
-33	 0.000000	 1.000000	 1.000000	 2.220348
-33	 0.000000	 1.000000	 1.000000	 2.240309
-33	 0.000000	 1.000000	 1.000000	 2.258059
-33	 0.142857	 1.000000	 1.000000	 2.272604
-33	 0.250000	 1.000000	 1.000000	 2.289148
-33	 0.142857	 1.000000	 1.000000	 2.317490
-33	 0.142857	 1.000000	 1.000000	 2.348290
-34	 0.000000	 1.000000	 1.000000	 2.376184
-34	 0.142857	 1.000000	 1.000000	 2.382397
-34	 0.454545	 1.000000	 1.000000	 2.387648
-27	 0.250000	 1.000000	 1.000000	 2.399057
-34	 0.000000	 1.000000	 1.000000	 2.421298
-35	 0.000000	 1.000000	 1.000000	 2.436065
-34	 0.142857	 1.000000	 1.000000	 2.454101
-35	 0.000000	 1.000000	 1.000000	 2.472276
-36	 0.333333	 1.000000	 1.000000	 2.487086
-35	 0.250000	 1.000000	 1.000000	 2.496091
-36	 0.700000	 1.000000	 1.000000	 2.506225
-36	 0.400000	 1.000000	 1.000000	 2.513603
-36	 0.454545	 1.000000	 1.000000	 2.535213
-36	 0.250000	 1.000000	 1.000000	 2.551157
-35	 0.142857	 1.000000	 1.000000	 2.565433
-34	 0.142857	 1.000000	 1.000000	 2.580807
-34	 0.142857	 1.000000	 1.000000	 2.588248
-34	 0.142857	 1.000000	 1.000000	 2.594145
-28	 0.000000	 1.000000	 1.000000	 2.609757
-34	 0.250000	 1.000000	 1.000000	 2.622303
-34	 0.333333	 1.000000	 1.000000	 2.637109
-34	 0.454545	 1.000000	 1.000000	 2.652059
-34	 0.400000	 1.000000	 1.000000	 2.658200
-33	 0.538462	 1.000000	 1.000000	 2.667271
-34	 0.454545	 1.000000	 1.000000	 2.680540
-33	 0.300000	 1.000000	 1.000000	 2.688726
-29	 0.250000	 1.000000	 1.000000	 2.705809
-37	 0.454545	 1.000000	 1.000000	 2.732248
-35	 0.000000	 1.000000	 1.000000	 2.739432
-36	 0.333333	 1.000000	 1.000000	 2.765412
-36	 0.250000	 1.000000	 1.000000	 2.770760
-35	 0.454545	 1.000000	 1.000000	 2.777048
-36	 0.600000	 1.000000	 1.000000	 2.796301
-35	 0.125000	 1.000000	 1.000000	 2.829426
-35	 0.142857	 1.000000	 -nan	 2.861623
-34	 0.000000	 1.000000	 1.000000	 2.904658
-28	 0.250000	 1.000000	 1.000000	 2.932475
-35	 0.222222	 1.000000	 1.000000	 2.956443
-34	 0.333333	 1.000000	 1.000000	 2.977022
-33	 0.000000	 1.000000	 1.000000	 2.991069
-33	 0.125000	 1.000000	 1.000000	 3.010645
-35	 0.363636	 1.000000	 1.000000	 3.044305
-35	 0.000000	 1.000000	 1.000000	 3.059601
-36	 0.142857	 1.000000	 1.000000	 3.078271
-36	 0.333333	 1.000000	 1.000000	 3.093221
-36	 0.125000	 1.000000	 -nan	 3.103953
-39	 0.333333	 1.000000	 1.000000	 3.118550
-36	 0.000000	 1.000000	 1.000000	 3.134651
-36	 0.142857	 1.000000	 1.000000	 3.179399
-36	 0.000000	 1.000000	 1.000000	 3.232484
-35	 0.000000	 1.000000	 1.000000	 3.242030
-36	 0.250000	 1.000000	 1.000000	 3.278416
-38	 0.142857	 1.000000	 1.000000	 3.300445
-29	 0.400000	 1.000000	 1.000000	 3.324716
-40	 0.250000	 1.000000	 1.000000	 3.361960
-42	 0.461538	 1.000000	 1.000000	 3.373100
-41	 0.400000	 1.000000	 1.000000	 3.388000
-42	 0.222222	 1.000000	 1.000000	 3.401274
-42	 0.454545	 1.000000	 -nan	 3.408384
-43	 0.184149	 1.000000	 1.000000	 4.360335
-43	 0.454545	 1.000000	 -nan	 4.366733
-45	 0.647059	 1.000000	 1.000000	 4.377608
-45	 0.333333	 1.000000	 1.000000	 4.388746
-44	 0.000000	 1.000000	 1.000000	 4.396725
-43	 0.142857	 1.000000	 1.000000	 4.403060
-46	 0.142857	 1.000000	 1.000000	 4.417200
-45	 0.454545	 1.000000	 1.000000	 4.429922
-43	 0.250000	 1.000000	 1.000000	 4.449605
-45	 0.000000	 1.000000	 1.000000	 4.465461
-45	 0.142857	 1.000000	 1.000000	 4.476980
-48	 0.000000	 1.000000	 1.000000	 4.497750
-47	 0.000000	 1.000000	 1.000000	 4.518845
-47	 0.142857	 1.000000	 1.000000	 4.526656
-47	 0.142857	 1.000000	 1.000000	 4.546830
-49	 0.000000	 1.000000	 1.000000	 4.587851
-47	 0.000000	 1.000000	 1.000000	 4.632176
-48	 0.000000	 1.000000	 1.000000	 4.676305
-48	 0.142857	 1.000000	 1.000000	 4.696838
-48	 0.125000	 1.000000	 1.000000	 4.732752
-43	 0.142857	 1.000000	 1.000000	 4.755807
-49	 0.000000	 1.000000	 1.000000	 4.802027
-49	 0.000000	 1.000000	 1.000000	 4.850382
-45	 0.250000	 1.000000	 1.000000	 4.865794
-44	 0.000000	 1.000000	 1.000000	 4.882566
-43	 0.000000	 1.000000	 1.000000	 4.899410
-43	 0.000000	 1.000000	 1.000000	 4.913707
-44	 0.250000	 1.000000	 1.000000	 4.929723
-43	 0.333333	 1.000000	 1.000000	 4.946413
-39	 0.250000	 1.000000	 1.000000	 4.963118
-44	 0.142857	 1.000000	 1.000000	 4.977946
-46	 0.000000	 1.000000	 1.000000	 4.994479
-46	 0.000000	 1.000000	 1.000000	 5.008808
-48	 0.000000	 1.000000	 1.000000	 5.024395
-47	 0.000000	 1.000000	 1.000000	 5.041789
-48	 0.333333	 1.000000	 1.000000	 5.057588
-49	 0.250000	 1.000000	 1.000000	 5.073333
-47	 0.142857	 1.000000	 1.000000	 5.088340
-48	 0.000000	 1.000000	 1.000000	 5.101415
-48	 0.142857	 1.000000	 1.000000	 5.113131
-48	 0.000000	 1.000000	 1.000000	 5.130831
-49	 0.000000	 1.000000	 1.000000	 5.147214
-46	 0.000000	 1.000000	 1.000000	 5.162111
-47	 0.000000	 1.000000	 1.000000	 5.177681
-48	 0.000000	 1.000000	 1.000000	 5.192639
-49	 0.000000	 1.000000	 1.000000	 5.209537
-48	 0.000000	 1.000000	 1.000000	 5.226959
-48	 0.000000	 1.000000	 1.000000	 5.244663
-49	 0.000000	 1.000000	 1.000000	 5.259542
-50	 0.000000	 1.000000	 1.000000	 5.277848
-53	 0.000000	 1.000000	 1.000000	 5.296318
-52	 0.000000	 1.000000	 1.000000	 5.314181
-50	 0.000000	 1.000000	 1.000000	 5.330522
-48	 0.000000	 1.000000	 1.000000	 5.346116
-47	 0.125000	 1.000000	 1.000000	 5.363988
-47	 0.000000	 1.000000	 1.000000	 5.378600
-44	 0.000000	 1.000000	 1.000000	 5.393096
-45	 0.142857	 1.000000	 1.000000	 5.408459
-45	 0.000000	 1.000000	 1.000000	 5.423208
-46	 0.142857	 1.000000	 1.000000	 5.438425
-47	 0.142857	 1.000000	 1.000000	 5.453403
-47	 0.000000	 1.000000	 1.000000	 5.468906
-46	 0.250000	 1.000000	 1.000000	 5.484600
-48	 0.333333	 1.000000	 1.000000	 5.508142
-46	 0.142857	 1.000000	 1.000000	 5.521567
-47	 0.250000	 1.000000	 1.000000	 5.536409
-38	 0.250000	 1.000000	 1.000000	 5.552617
-45	 0.250000	 1.000000	 1.000000	 5.568389
-46	 0.142857	 1.000000	 1.000000	 5.583546
-44	 0.142857	 1.000000	 1.000000	 5.598842
-43	 0.142857	 1.000000	 1.000000	 5.612604
-44	 0.142857	 1.000000	 1.000000	 5.630794
-45	 0.000000	 1.000000	 1.000000	 5.649320
-46	 0.000000	 1.000000	 1.000000	 5.669704
-46	 0.250000	 1.000000	 1.000000	 5.686100
-47	 0.000000	 1.000000	 1.000000	 5.692532
-46	 0.739130	 1.000000	 1.000000	 5.706579
-46	 0.533333	 1.000000	 1.000000	 5.719193
-47	 0.142857	 1.000000	 1.000000	 5.733243
-48	 0.000000	 1.000000	 1.000000	 5.751784
-47	 0.000000	 1.000000	 1.000000	 5.770514
-42	 0.000000	 1.000000	 1.000000	 5.789136
-49	 0.000000	 1.000000	 1.000000	 5.808344
-50	 0.000000	 1.000000	 1.000000	 5.826331
-50	 0.000000	 1.000000	 1.000000	 5.866419
-52	 0.142857	 1.000000	 1.000000	 5.913597
-50	 0.000000	 1.000000	 1.000000	 5.945520
-51	 0.142857	 1.000000	 1.000000	 5.963122
-52	 0.000000	 1.000000	 1.000000	 5.979757
-49	 0.000000	 1.000000	 1.000000	 5.996931
-51	 0.000000	 1.000000	 1.000000	 6.014498
-50	 0.000000	 1.000000	 1.000000	 6.032549
-53	 0.000000	 1.000000	 1.000000	 6.051050
-49	 0.000000	 1.000000	 1.000000	 6.066273
-47	 0.000000	 1.000000	 1.000000	 6.081404
-49	 0.000000	 1.000000	 1.000000	 6.096347
-48	 0.000000	 1.000000	 1.000000	 6.113727
-49	 0.000000	 1.000000	 1.000000	 6.128587
-49	 0.000000	 1.000000	 1.000000	 6.145349
-48	 0.000000	 1.000000	 1.000000	 6.159737
-48	 0.000000	 1.000000	 1.000000	 6.175043
-39	 0.000000	 1.000000	 1.000000	 6.189888
-44	 0.000000	 1.000000	 1.000000	 6.205902
-45	 0.000000	 1.000000	 1.000000	 6.219669
-46	 0.000000	 1.000000	 1.000000	 6.234708
-46	 0.000000	 1.000000	 1.000000	 6.249761
-46	 0.000000	 1.000000	 1.000000	 6.264431
-47	 0.000000	 1.000000	 1.000000	 6.279298
-48	 0.000000	 1.000000	 1.000000	 6.295387
-49	 0.000000	 1.000000	 1.000000	 6.309526
-47	 0.000000	 1.000000	 1.000000	 6.325129
-47	 0.000000	 1.000000	 1.000000	 6.339026
-48	 0.000000	 1.000000	 1.000000	 6.353802
-46	 0.000000	 1.000000	 1.000000	 6.369213
-46	 0.000000	 1.000000	 1.000000	 6.383982
-46	 0.000000	 1.000000	 1.000000	 6.401435
-45	 0.000000	 1.000000	 1.000000	 6.416188
-45	 0.000000	 1.000000	 1.000000	 6.431604
-46	 0.000000	 1.000000	 1.000000	 6.447489
-46	 0.142857	 1.000000	 1.000000	 6.462046
-48	 0.000000	 1.000000	 1.000000	 6.476313
-47	 0.000000	 1.000000	 1.000000	 6.491545
-48	 0.000000	 1.000000	 1.000000	 6.515426
-49	 0.125000	 1.000000	 1.000000	 6.531843
-50	 0.000000	 1.000000	 1.000000	 6.547993
-53	 0.000000	 1.000000	 1.000000	 6.561252
-52	 0.000000	 1.000000	 1.000000	 6.575519
-51	 0.000000	 1.000000	 1.000000	 6.590884
-50	 0.000000	 1.000000	 1.000000	 6.606340
-51	 0.000000	 1.000000	 1.000000	 6.626527
-48	 0.000000	 1.000000	 1.000000	 6.640257
-49	 0.000000	 1.000000	 1.000000	 6.655144
-49	 0.142857	 1.000000	 1.000000	 6.669478
-50	 0.142857	 1.000000	 1.000000	 6.685447
-50	 0.142857	 1.000000	 1.000000	 6.700548
-50	 0.142857	 1.000000	 1.000000	 6.715225
-49	 0.142857	 1.000000	 1.000000	 6.730658
-50	 0.000000	 1.000000	 1.000000	 6.745009
-49	 0.000000	 1.000000	 1.000000	 6.760288
-52	 0.000000	 1.000000	 1.000000	 6.775168
-52	 0.000000	 1.000000	 -nan	 6.789849
-54	 0.000000	 1.000000	 1.000000	 6.804379
-54	 0.000000	 1.000000	 1.000000	 6.819507
-53	 0.000000	 1.000000	 1.000000	 6.836896
-52	 0.000000	 1.000000	 1.000000	 6.851002
-50	 0.000000	 1.000000	 1.000000	 6.865993
-51	 0.000000	 1.000000	 1.000000	 6.880999
-52	 0.000000	 1.000000	 1.000000	 6.900367
-53	 0.000000	 1.000000	 1.000000	 6.915118
-53	 0.000000	 1.000000	 1.000000	 6.932049
-55	 0.000000	 1.000000	 1.000000	 6.948449
-56	 0.000000	 1.000000	 1.000000	 6.964330
-55	 0.000000	 1.000000	 1.000000	 6.978538
-55	 0.000000	 1.000000	 1.000000	 6.993197
-56	 0.000000	 1.000000	 1.000000	 7.009192
-54	 0.000000	 1.000000	 1.000000	 7.023163
-54	 0.000000	 1.000000	 1.000000	 7.038421
-55	 0.000000	 1.000000	 1.000000	 7.053171
-54	 0.000000	 1.000000	 1.000000	 7.067303
-54	 0.000000	 1.000000	 1.000000	 7.082144
-53	 0.000000	 1.000000	 1.000000	 7.096821
-53	 0.000000	 1.000000	 1.000000	 7.112458
-53	 0.000000	 1.000000	 1.000000	 7.127381
-53	 0.000000	 1.000000	 1.000000	 7.141631
-53	 0.000000	 1.000000	 1.000000	 7.156495
-53	 0.000000	 1.000000	 1.000000	 7.171352
-53	 0.000000	 1.000000	 1.000000	 7.186469
-54	 0.000000	 1.000000	 1.000000	 7.201181
-44	 0.000000	 1.000000	 1.000000	 7.215935
-52	 0.000000	 1.000000	 1.000000	 7.231421
-52	 0.000000	 1.000000	 1.000000	 7.245374
-53	 0.000000	 1.000000	 1.000000	 7.260642
-53	 0.000000	 1.000000	 1.000000	 7.275362
-53	 0.000000	 1.000000	 1.000000	 7.290574
-55	 0.000000	 1.000000	 1.000000	 7.305245
-56	 0.000000	 1.000000	 1.000000	 7.320394
-56	 0.000000	 1.000000	 1.000000	 7.335413
-54	 0.000000	 1.000000	 1.000000	 7.349513
-54	 0.000000	 1.000000	 1.000000	 7.364312
-55	 0.000000	 1.000000	 1.000000	 7.379345
-54	 0.000000	 1.000000	 1.000000	 7.394658
-54	 0.000000	 1.000000	 1.000000	 7.408983
-56	 0.000000	 1.000000	 1.000000	 7.424075
-55	 0.000000	 1.000000	 1.000000	 7.438901
-57	 0.000000	 1.000000	 1.000000	 7.456481
-57	 0.000000	 1.000000	 1.000000	 7.471127
-55	 0.000000	 1.000000	 1.000000	 7.485958
-53	 0.000000	 1.000000	 1.000000	 7.500934
-53	 0.000000	 1.000000	 1.000000	 7.516128
-53	 0.000000	 1.000000	 1.000000	 7.530410
-53	 0.000000	 1.000000	 1.000000	 7.546616
-53	 0.000000	 1.000000	 1.000000	 7.560558
-56	 0.000000	 1.000000	 1.000000	 7.575622
-55	 0.000000	 1.000000	 1.000000	 7.590534
-53	 0.000000	 1.000000	 1.000000	 7.605115
-53	 0.000000	 1.000000	 1.000000	 7.620408
-53	 0.000000	 1.000000	 1.000000	 7.634738
-53	 0.000000	 1.000000	 1.000000	 7.649716
-53	 0.000000	 1.000000	 1.000000	 7.664926
-52	 0.000000	 1.000000	 1.000000	 7.679988
-53	 0.000000	 1.000000	 1.000000	 7.697307
-54	 0.000000	 1.000000	 1.000000	 7.711613
-53	 0.000000	 1.000000	 1.000000	 7.726659
-53	 0.000000	 1.000000	 -nan	 7.740941
-54	 0.000000	 1.000000	 1.000000	 7.755637
-54	 0.000000	 1.000000	 1.000000	 7.771071
-54	 0.000000	 1.000000	 1.000000	 7.785884
-55	 0.000000	 1.000000	 1.000000	 7.801962
-56	 0.000000	 1.000000	 1.000000	 7.817295
-57	 0.000000	 1.000000	 1.000000	 7.832932
-57	 0.000000	 1.000000	 1.000000	 7.847093
-55	 0.000000	 1.000000	 1.000000	 7.861816
-54	 0.000000	 1.000000	 1.000000	 7.877304
-54	 0.000000	 1.000000	 1.000000	 7.891754
-54	 0.000000	 1.000000	 1.000000	 7.906313
-54	 0.000000	 1.000000	 1.000000	 7.921386
-54	 0.000000	 1.000000	 1.000000	 7.936268
-54	 0.000000	 1.000000	 1.000000	 7.953386
-56	 0.000000	 1.000000	 1.000000	 7.968454
-56	 0.000000	 1.000000	 1.000000	 7.982988
-56	 0.000000	 1.000000	 1.000000	 7.998189
-56	 0.000000	 1.000000	 1.000000	 8.013059
-55	 0.000000	 1.000000	 1.000000	 8.027746
-56	 0.000000	 1.000000	 1.000000	 8.043335
-57	 0.000000	 1.000000	 1.000000	 8.058314
-56	 0.000000	 1.000000	 1.000000	 8.073369
-55	 0.000000	 1.000000	 1.000000	 8.087297
-58	 0.000000	 1.000000	 1.000000	 8.102423
-57	 0.000000	 1.000000	 1.000000	 8.116674
-59	 0.000000	 1.000000	 1.000000	 8.132109
-60	 0.000000	 1.000000	 1.000000	 8.147032
-55	 0.000000	 1.000000	 1.000000	 8.163993
-57	 0.000000	 1.000000	 1.000000	 8.178232
-56	 0.000000	 1.000000	 1.000000	 8.193091
-56	 0.000000	 1.000000	 1.000000	 8.207425
-58	 0.000000	 1.000000	 1.000000	 8.221538
-56	 0.000000	 1.000000	 1.000000	 8.236466
-58	 0.000000	 1.000000	 1.000000	 8.251469
-58	 0.000000	 1.000000	 1.000000	 8.267415
-56	 0.000000	 1.000000	 1.000000	 8.281779
-57	 0.000000	 1.000000	 1.000000	 8.296432
-57	 0.000000	 1.000000	 1.000000	 8.311602
-58	 0.000000	 1.000000	 1.000000	 8.325757
-59	 0.000000	 1.000000	 1.000000	 8.341144
-60	 0.000000	 1.000000	 1.000000	 8.355949
-59	 0.000000	 1.000000	 1.000000	 8.372866
-56	 0.000000	 1.000000	 1.000000	 8.389462
-56	 0.000000	 1.000000	 1.000000	 8.404870
-57	 0.000000	 1.000000	 1.000000	 8.419241
-57	 0.000000	 1.000000	 1.000000	 8.433998
-57	 0.000000	 1.000000	 1.000000	 8.449115
-56	 0.000000	 1.000000	 1.000000	 8.466232
-57	 0.000000	 1.000000	 1.000000	 8.481661
-57	 0.000000	 1.000000	 1.000000	 8.495154
-58	 0.000000	 1.000000	 1.000000	 8.510177
-59	 0.000000	 1.000000	 1.000000	 8.524870
-59	 0.000000	 1.000000	 1.000000	 8.540434
-59	 0.000000	 1.000000	 1.000000	 8.558973
-59	 0.000000	 1.000000	 1.000000	 8.573337
-61	 0.000000	 1.000000	 1.000000	 8.588261
-61	 0.000000	 1.000000	 1.000000	 8.603176
-61	 0.000000	 1.000000	 1.000000	 8.630897
-55	 0.000000	 1.000000	 1.000000	 8.647287
-63	 0.000000	 1.000000	 1.000000	 8.664807
-63	 0.000000	 1.000000	 1.000000	 8.679459
-61	 0.000000	 1.000000	 1.000000	 8.694085
-60	 0.000000	 1.000000	 1.000000	 8.709189
-64	 0.000000	 1.000000	 1.000000	 8.723963
-62	 0.000000	 1.000000	 1.000000	 8.740575
-61	 0.000000	 1.000000	 1.000000	 8.755922
-60	 0.000000	 1.000000	 1.000000	 8.771306
-58	 0.000000	 1.000000	 1.000000	 8.785584
-58	 0.000000	 1.000000	 1.000000	 8.800046
-59	 0.000000	 1.000000	 1.000000	 8.814703
-59	 0.000000	 1.000000	 1.000000	 8.830414
-58	 0.000000	 1.000000	 1.000000	 8.844487
-56	 0.000000	 1.000000	 1.000000	 8.860248
-56	 0.000000	 1.000000	 1.000000	 8.874110
-55	 0.000000	 1.000000	 1.000000	 8.889257
-57	 0.000000	 1.000000	 1.000000	 8.904573
-55	 0.000000	 1.000000	 1.000000	 8.921328
-55	 0.000000	 1.000000	 1.000000	 8.936517
-57	 0.000000	 1.000000	 1.000000	 8.953284
-56	 0.000000	 1.000000	 1.000000	 8.967968
-58	 0.000000	 1.000000	 1.000000	 8.982786
-59	 0.000000	 1.000000	 1.000000	 8.998019
-57	 0.000000	 1.000000	 1.000000	 9.013078
-57	 0.000000	 1.000000	 1.000000	 9.027031
-56	 0.000000	 1.000000	 1.000000	 9.042316
-54	 0.000000	 1.000000	 1.000000	 9.057583
-62	 0.000000	 1.000000	 1.000000	 9.073325
-63	 0.000000	 1.000000	 1.000000	 9.087037
-61	 0.000000	 1.000000	 1.000000	 9.101758
-60	 0.000000	 1.000000	 1.000000	 9.116993
-60	 0.000000	 1.000000	 -nan	 9.131029
-61	 0.000000	 1.000000	 1.000000	 9.145851
-64	 0.000000	 1.000000	 1.000000	 9.160911
-63	 0.000000	 1.000000	 1.000000	 9.175545
-63	 0.000000	 1.000000	 1.000000	 9.189635
-65	 0.000000	 1.000000	 1.000000	 9.204937
-66	 0.000000	 1.000000	 1.000000	 9.220525
-65	 0.000000	 1.000000	 1.000000	 9.235340
-65	 0.000000	 1.000000	 1.000000	 9.250505
-59	 0.000000	 1.000000	 1.000000	 9.265162
-64	 0.000000	 1.000000	 1.000000	 9.280261
-64	 0.000000	 1.000000	 1.000000	 9.295675
-64	 0.000000	 1.000000	 1.000000	 9.310912
-63	 0.000000	 1.000000	 1.000000	 9.329279
-63	 0.000000	 1.000000	 1.000000	 9.343167
-65	 0.000000	 1.000000	 1.000000	 9.361510
-60	 0.000000	 1.000000	 1.000000	 9.376440
-60	 0.000000	 1.000000	 1.000000	 9.391879
-62	 0.000000	 1.000000	 1.000000	 9.405847
-63	 0.000000	 1.000000	 1.000000	 9.427279
-63	 0.000000	 1.000000	 1.000000	 9.440344
-60	 0.000000	 1.000000	 1.000000	 10.725513
-61	 0.000000	 1.000000	 1.000000	 10.738732
-60	 0.000000	 1.000000	 1.000000	 10.755892
-60	 0.000000	 1.000000	 1.000000	 10.772444
-59	 0.000000	 1.000000	 1.000000	 10.787647
-56	 0.000000	 1.000000	 -nan	 10.802463
-62	 0.000000	 1.000000	 1.000000	 10.816405
-62	 0.000000	 1.000000	 -nan	 10.831566
-63	 0.000000	 1.000000	 1.000000	 10.845776
-63	 0.000000	 1.000000	 1.000000	 10.860241
-63	 0.000000	 1.000000	 1.000000	 10.875184
-66	 0.000000	 1.000000	 1.000000	 10.890148
-65	 0.000000	 1.000000	 1.000000	 10.905021
-66	 0.000000	 1.000000	 1.000000	 10.920128
-66	 0.000000	 1.000000	 1.000000	 10.935221
-66	 0.000000	 1.000000	 1.000000	 10.949786
-65	 0.000000	 1.000000	 1.000000	 10.966602
-67	 0.000000	 1.000000	 1.000000	 10.982126
-64	 0.000000	 1.000000	 1.000000	 10.996645
-63	 0.000000	 1.000000	 1.000000	 11.011969
-61	 0.000000	 1.000000	 1.000000	 11.027854
-63	 0.000000	 1.000000	 1.000000	 11.042527
-64	 0.000000	 1.000000	 1.000000	 11.060064
-63	 0.000000	 1.000000	 1.000000	 11.074054
-62	 0.000000	 1.000000	 1.000000	 11.089443
-63	 0.000000	 1.000000	 1.000000	 11.104653
-62	 0.000000	 1.000000	 1.000000	 11.120186
-61	 0.000000	 1.000000	 1.000000	 11.135772
-62	 0.000000	 1.000000	 1.000000	 11.150654
-62	 0.000000	 1.000000	 1.000000	 11.165608
-65	 0.000000	 1.000000	 1.000000	 11.180200
-66	 0.000000	 1.000000	 1.000000	 11.195208
-66	 0.000000	 1.000000	 1.000000	 11.209999
-63	 0.000000	 1.000000	 1.000000	 11.225249
-66	 0.000000	 1.000000	 1.000000	 11.240912
-66	 0.000000	 1.000000	 1.000000	 11.255350
-67	 0.000000	 1.000000	 1.000000	 11.271280
-70	 0.000000	 1.000000	 1.000000	 11.286251
-71	 0.000000	 1.000000	 1.000000	 11.300990
-71	 0.000000	 1.000000	 1.000000	 11.317801
-71	 0.000000	 1.000000	 1.000000	 11.332731
-71	 0.000000	 1.000000	 1.000000	 11.348863
-71	 0.000000	 1.000000	 1.000000	 11.363335
-72	 0.000000	 1.000000	 1.000000	 11.378640
-75	 0.000000	 1.000000	 1.000000	 11.394348
-75	 0.000000	 1.000000	 1.000000	 11.410885
-75	 0.000000	 1.000000	 1.000000	 11.426764
-75	 0.000000	 1.000000	 1.000000	 11.440750
-75	 0.000000	 1.000000	 1.000000	 11.456187
-76	 0.000000	 1.000000	 1.000000	 11.471046
-72	 0.000000	 1.000000	 1.000000	 11.492019
-72	 0.000000	 1.000000	 1.000000	 11.505128
-73	 0.000000	 1.000000	 1.000000	 11.520525
-74	 0.000000	 1.000000	 1.000000	 11.535989
-74	 0.000000	 1.000000	 1.000000	 11.550845
-74	 0.000000	 1.000000	 1.000000	 11.565281
-72	 0.000000	 1.000000	 1.000000	 11.580941
-70	 0.000000	 1.000000	 1.000000	 11.595358
-70	 0.000000	 1.000000	 1.000000	 11.609615
-73	 0.000000	 1.000000	 1.000000	 11.624611
-74	 0.000000	 1.000000	 1.000000	 11.639901
-72	 0.000000	 1.000000	 1.000000	 11.663543
-71	 0.000000	 1.000000	 1.000000	 11.678255
-73	 0.000000	 1.000000	 1.000000	 11.692787
-72	 0.000000	 1.000000	 1.000000	 11.708361
-73	 0.000000	 1.000000	 1.000000	 11.723261
-75	 0.000000	 1.000000	 1.000000	 11.738116
-75	 0.000000	 1.000000	 1.000000	 11.752093
-75	 0.000000	 1.000000	 1.000000	 11.767407
-73	 0.000000	 1.000000	 1.000000	 11.781856
-73	 0.000000	 1.000000	 1.000000	 11.796728
-74	 0.000000	 1.000000	 1.000000	 11.812737
-74	 0.000000	 1.000000	 1.000000	 11.828040
-74	 0.000000	 1.000000	 1.000000	 11.844559
-75	 0.000000	 1.000000	 1.000000	 11.858764
-76	 0.000000	 1.000000	 1.000000	 11.880489
-76	 0.000000	 1.000000	 1.000000	 11.896521
-77	 0.000000	 1.000000	 1.000000	 11.910417
-77	 0.000000	 1.000000	 1.000000	 11.925860
-76	 0.000000	 1.000000	 1.000000	 11.940737
-74	 0.000000	 1.000000	 1.000000	 11.955350
-71	 0.000000	 1.000000	 1.000000	 11.970277
-72	 0.000000	 1.000000	 1.000000	 11.984537
-72	 0.000000	 1.000000	 1.000000	 11.999345
-74	 0.000000	 1.000000	 1.000000	 12.013976
-74	 0.000000	 1.000000	 1.000000	 12.028456
-75	 0.000000	 1.000000	 1.000000	 12.044114
-75	 0.000000	 1.000000	 1.000000	 12.058370
-76	 0.000000	 1.000000	 1.000000	 12.073407
-76	 0.000000	 1.000000	 1.000000	 12.088312
-75	 0.000000	 1.000000	 1.000000	 12.102742
-75	 0.000000	 1.000000	 1.000000	 12.117488
-76	 0.000000	 1.000000	 1.000000	 12.132886
-77	 0.000000	 1.000000	 1.000000	 12.148371
-79	 0.000000	 1.000000	 1.000000	 12.162260
-78	 0.000000	 1.000000	 1.000000	 12.177395
-78	 0.000000	 1.000000	 1.000000	 12.194654
-75	 0.000000	 1.000000	 1.000000	 12.208783
-76	 0.000000	 1.000000	 1.000000	 12.223863
-77	 0.000000	 1.000000	 1.000000	 12.239337
-78	 0.000000	 1.000000	 1.000000	 12.254228
-76	 0.000000	 1.000000	 1.000000	 12.268700
-77	 0.000000	 1.000000	 1.000000	 12.283891
-77	 0.000000	 1.000000	 1.000000	 12.299036
-78	 0.000000	 1.000000	 1.000000	 12.314078
-78	 0.000000	 1.000000	 1.000000	 12.328703
-78	 0.000000	 1.000000	 1.000000	 12.346164
-77	 0.000000	 1.000000	 1.000000	 12.362999
-76	 0.000000	 1.000000	 1.000000	 12.377945
-77	 0.000000	 1.000000	 1.000000	 12.393096
-78	 0.000000	 1.000000	 1.000000	 12.407641
-77	 0.000000	 1.000000	 1.000000	 12.422811
-78	 0.000000	 1.000000	 1.000000	 12.438185
-76	 0.000000	 1.000000	 1.000000	 12.451883
-78	 0.000000	 1.000000	 1.000000	 12.466990
-79	 0.000000	 1.000000	 1.000000	 12.481584
-79	 0.000000	 1.000000	 1.000000	 12.496877
-80	 0.000000	 1.000000	 1.000000	 12.511959
-79	 0.000000	 1.000000	 1.000000	 12.528316
-78	 0.000000	 1.000000	 1.000000	 12.543878
-76	 0.000000	 1.000000	 1.000000	 12.561678
-75	 0.000000	 1.000000	 1.000000	 12.575884
-76	 0.000000	 1.000000	 1.000000	 12.590105
-76	 0.000000	 1.000000	 1.000000	 12.605466
-76	 0.000000	 1.000000	 1.000000	 12.620335
-76	 0.000000	 1.000000	 1.000000	 12.634519
-77	 0.000000	 1.000000	 1.000000	 12.650225
-79	 0.000000	 1.000000	 1.000000	 12.665346
-78	 0.000000	 1.000000	 1.000000	 12.679534
-75	 0.000000	 1.000000	 1.000000	 12.695263
-76	 0.000000	 1.000000	 1.000000	 12.709734
-75	 0.000000	 1.000000	 1.000000	 12.724889
-77	 0.000000	 1.000000	 1.000000	 12.741955
-76	 0.000000	 1.000000	 1.000000	 12.757154
-74	 0.000000	 1.000000	 1.000000	 12.772319
-75	 0.000000	 1.000000	 1.000000	 12.788711
-75	 0.000000	 1.000000	 1.000000	 12.802677
-75	 0.000000	 1.000000	 1.000000	 12.816500
-77	 0.000000	 1.000000	 1.000000	 12.830772
-77	 0.000000	 1.000000	 1.000000	 12.846174
-76	 0.000000	 1.000000	 1.000000	 12.861471
-76	 0.000000	 1.000000	 1.000000	 12.876086
-77	 0.000000	 1.000000	 1.000000	 12.891064
-77	 0.000000	 1.000000	 1.000000	 12.911839
-76	 0.000000	 1.000000	 1.000000	 12.928871
-76	 0.000000	 1.000000	 1.000000	 12.943343
-75	 0.000000	 1.000000	 1.000000	 12.958026
-75	 0.000000	 1.000000	 1.000000	 12.972563
-74	 0.000000	 1.000000	 1.000000	 12.988340
-75	 0.000000	 1.000000	 1.000000	 13.001813
-74	 0.000000	 1.000000	 1.000000	 13.016946
-72	 0.000000	 1.000000	 1.000000	 13.032421
-73	 0.000000	 1.000000	 1.000000	 13.046705
-75	 0.000000	 1.000000	 1.000000	 13.062332
-76	 0.000000	 1.000000	 1.000000	 13.077420
-75	 0.000000	 1.000000	 1.000000	 13.092102
-77	 0.000000	 1.000000	 1.000000	 13.106487
-74	 0.000000	 1.000000	 1.000000	 13.122570
-74	 0.000000	 1.000000	 1.000000	 13.136787
-73	 0.000000	 1.000000	 1.000000	 13.151950
-74	 0.000000	 1.000000	 1.000000	 13.166683
-74	 0.000000	 1.000000	 1.000000	 13.182724
-74	 0.000000	 1.000000	 1.000000	 13.197982
-73	 0.000000	 1.000000	 1.000000	 13.211937
-75	 0.000000	 1.000000	 1.000000	 13.227898
-73	 0.000000	 1.000000	 1.000000	 13.242565
-75	 0.000000	 1.000000	 1.000000	 13.259717
-78	 0.000000	 1.000000	 1.000000	 13.274223
-79	 0.000000	 1.000000	 1.000000	 13.289911
-77	 0.000000	 1.000000	 1.000000	 13.304248
-79	 0.000000	 1.000000	 1.000000	 13.319071
-77	 0.000000	 1.000000	 1.000000	 13.334446
-77	 0.000000	 1.000000	 1.000000	 13.349705
-76	 0.000000	 1.000000	 1.000000	 13.364655
-77	 0.000000	 1.000000	 1.000000	 13.379769
-76	 0.000000	 1.000000	 1.000000	 13.394411
-77	 0.000000	 1.000000	 1.000000	 13.409623
-77	 0.000000	 1.000000	 1.000000	 13.423483
-76	 0.000000	 1.000000	 1.000000	 13.438866
-77	 0.000000	 1.000000	 1.000000	 13.454426
-77	 0.000000	 1.000000	 1.000000	 13.469540
-77	 0.000000	 1.000000	 1.000000	 13.483847
-77	 0.000000	 1.000000	 1.000000	 13.501006
-77	 0.000000	 1.000000	 1.000000	 13.515802
-76	 0.000000	 1.000000	 1.000000	 13.531227
-77	 0.000000	 1.000000	 1.000000	 13.545882
-79	 0.000000	 1.000000	 1.000000	 13.560870
-79	 0.000000	 1.000000	 1.000000	 13.576898
-78	 0.000000	 1.000000	 1.000000	 13.595934
-78	 0.000000	 1.000000	 1.000000	 13.610844
-77	 0.000000	 1.000000	 1.000000	 13.628864
-76	 0.000000	 1.000000	 1.000000	 13.643505
-77	 0.000000	 1.000000	 1.000000	 13.658383
-77	 0.000000	 1.000000	 1.000000	 13.673744
-77	 0.000000	 1.000000	 1.000000	 13.687965
-79	 0.000000	 1.000000	 1.000000	 13.705584
-78	 0.000000	 1.000000	 1.000000	 13.724429
-76	 0.000000	 1.000000	 1.000000	 13.741765
-78	 0.000000	 1.000000	 1.000000	 13.756542
-78	 0.000000	 1.000000	 1.000000	 13.772860
-78	 0.000000	 1.000000	 1.000000	 13.792889
-77	 0.000000	 1.000000	 1.000000	 13.808070
-75	 0.000000	 1.000000	 1.000000	 13.822955
-75	 0.000000	 1.000000	 1.000000	 13.836874
-74	 0.000000	 1.000000	 1.000000	 13.851493
-76	 0.000000	 1.000000	 1.000000	 13.867095
-76	 0.000000	 1.000000	 1.000000	 13.882191
-76	 0.000000	 1.000000	 1.000000	 13.896929
-77	 0.000000	 1.000000	 1.000000	 13.911404
-75	 0.000000	 1.000000	 1.000000	 13.926879
-75	 0.000000	 1.000000	 1.000000	 13.941152
-78	 0.000000	 1.000000	 1.000000	 13.960143
-75	 0.000000	 1.000000	 1.000000	 13.973566
-75	 0.000000	 1.000000	 1.000000	 13.993338
-76	 0.000000	 1.000000	 1.000000	 14.008981
-76	 0.000000	 1.000000	 1.000000	 14.023978
-78	 0.000000	 1.000000	 1.000000	 14.038326
-79	 0.000000	 1.000000	 1.000000	 14.052633
-79	 0.000000	 1.000000	 -nan	 14.067101
-79	 0.000000	 1.000000	 1.000000	 14.082802
-77	 0.000000	 1.000000	 1.000000	 14.099571
-76	 0.000000	 1.000000	 1.000000	 14.114468
-79	 0.000000	 1.000000	 1.000000	 14.128702
-78	 0.000000	 1.000000	 1.000000	 14.143996
-78	 0.000000	 1.000000	 1.000000	 14.158402
-74	 0.000000	 1.000000	 1.000000	 14.173132
-76	 0.000000	 1.000000	 1.000000	 14.188999
-75	 0.000000	 1.000000	 1.000000	 14.203453
-73	 0.000000	 1.000000	 1.000000	 14.218359
-74	 0.000000	 1.000000	 1.000000	 14.233280
-75	 0.000000	 1.000000	 1.000000	 14.248170
-75	 0.000000	 1.000000	 1.000000	 14.262830
-74	 0.000000	 1.000000	 1.000000	 14.277189
-77	 0.000000	 1.000000	 1.000000	 14.292039
-76	 0.000000	 1.000000	 1.000000	 14.307357
-75	 0.000000	 1.000000	 1.000000	 14.322620
-74	 0.000000	 1.000000	 1.000000	 14.336448
-75	 0.000000	 1.000000	 1.000000	 14.351760
-77	 0.000000	 1.000000	 1.000000	 14.366862
-79	 0.000000	 1.000000	 1.000000	 14.382500
-79	 0.000000	 1.000000	 1.000000	 14.397129
-78	 0.000000	 1.000000	 1.000000	 14.412238
-78	 0.000000	 1.000000	 1.000000	 14.428931
-77	 0.000000	 1.000000	 1.000000	 14.444656
-78	 0.000000	 1.000000	 1.000000	 14.459729
-77	 0.000000	 1.000000	 1.000000	 14.474679
-73	 0.000000	 1.000000	 1.000000	 14.489277
-79	 0.000000	 1.000000	 1.000000	 14.504304
-74	 0.000000	 1.000000	 -nan	 14.519083
-77	 0.000000	 1.000000	 1.000000	 14.534241
-77	 0.000000	 1.000000	 1.000000	 14.549726
-78	 0.000000	 1.000000	 1.000000	 14.564454
-79	 0.000000	 1.000000	 1.000000	 14.579391
-77	 0.000000	 1.000000	 1.000000	 14.594709
-78	 0.000000	 1.000000	 1.000000	 14.610058
-77	 0.000000	 1.000000	 1.000000	 14.625358
-76	 0.000000	 1.000000	 1.000000	 14.639639
-76	 0.000000	 1.000000	 1.000000	 14.653961
-77	 0.000000	 1.000000	 1.000000	 14.669080
-75	 0.000000	 1.000000	 1.000000	 14.684405
-75	 0.000000	 1.000000	 1.000000	 14.699455
-79	 0.000000	 1.000000	 1.000000	 14.714497
-79	 0.000000	 1.000000	 1.000000	 14.729857
-76	 0.000000	 1.000000	 1.000000	 14.744424
-75	 0.000000	 1.000000	 1.000000	 14.758746
-78	 0.000000	 1.000000	 1.000000	 14.773512
-79	 0.000000	 1.000000	 1.000000	 14.788888
-77	 0.000000	 1.000000	 1.000000	 14.803929
-79	 0.000000	 1.000000	 1.000000	 14.818734
-78	 0.000000	 1.000000	 1.000000	 14.834929
-78	 0.000000	 1.000000	 1.000000	 14.849044
-79	 0.000000	 1.000000	 1.000000	 14.865529
-75	 0.000000	 1.000000	 1.000000	 14.880656
-77	 0.000000	 1.000000	 1.000000	 14.899430
-77	 0.000000	 1.000000	 1.000000	 14.912848
-77	 0.000000	 1.000000	 1.000000	 14.927197
-76	 0.000000	 1.000000	 1.000000	 14.942181
-77	 0.000000	 1.000000	 1.000000	 14.960132
-79	 0.000000	 1.000000	 1.000000	 14.974609
-78	 0.000000	 1.000000	 1.000000	 14.989808
-78	 0.000000	 1.000000	 1.000000	 15.004673
-77	 0.000000	 1.000000	 1.000000	 15.021904
-79	 0.000000	 1.000000	 1.000000	 15.038892
-76	 0.000000	 1.000000	 1.000000	 15.054628
-75	 0.000000	 1.000000	 1.000000	 15.069057
-76	 0.000000	 1.000000	 1.000000	 15.084517
-76	 0.000000	 1.000000	 1.000000	 15.099867
-75	 0.000000	 1.000000	 1.000000	 15.114477
-75	 0.000000	 1.000000	 1.000000	 15.128789
-78	 0.000000	 1.000000	 1.000000	 15.143805
-79	 0.000000	 1.000000	 1.000000	 15.158514
-77	 0.000000	 1.000000	 1.000000	 15.174150
-77	 0.000000	 1.000000	 1.000000	 15.188580
-80	 0.000000	 1.000000	 1.000000	 15.206018
-80	 0.000000	 1.000000	 1.000000	 15.220664
-77	 0.000000	 1.000000	 1.000000	 15.234779
-76	 0.000000	 1.000000	 1.000000	 15.249652
-75	 0.000000	 1.000000	 1.000000	 15.267470
-75	 0.000000	 1.000000	 1.000000	 15.281750
-78	 0.000000	 1.000000	 1.000000	 15.302873
-80	 0.000000	 1.000000	 1.000000	 15.320855
-81	 0.125000	 1.000000	 1.000000	 15.340571
-77	 0.000000	 1.000000	 1.000000	 15.607635
-78	 0.000000	 1.000000	 1.000000	 15.645142
-77	 0.000000	 1.000000	 1.000000	 15.751006
-66	 0.000000	 1.000000	 1.000000	 16.999588
-69	 0.000000	 1.000000	 1.000000	 17.166704
-70	 0.000000	 1.000000	 1.000000	 17.213301
-70	 0.000000	 1.000000	 1.000000	 17.232908
-66	 0.000000	 1.000000	 1.000000	 17.280096
-67	 0.000000	 1.000000	 1.000000	 17.302357
-71	 0.000000	 1.000000	 1.000000	 17.327229
-67	 0.000000	 1.000000	 1.000000	 17.552855
-71	 0.000000	 1.000000	 1.000000	 17.948053
-71	 0.000000	 1.000000	 1.000000	 18.023043
-73	 0.000000	 1.000000	 1.000000	 18.059671
-73	 0.000000	 1.000000	 1.000000	 18.228462
-69	 0.000000	 1.000000	 1.000000	 18.395887
-67	 0.000000	 1.000000	 1.000000	 18.489992
-68	 0.000000	 1.000000	 1.000000	 18.683849
-67	 0.000000	 1.000000	 1.000000	 18.758020
-71	 0.000000	 1.000000	 1.000000	 18.885609
-66	 0.000000	 1.000000	 1.000000	 18.913013
-65	 0.000000	 1.000000	 1.000000	 18.940344
-66	 0.000000	 1.000000	 1.000000	 19.023930
-65	 0.000000	 1.000000	 1.000000	 19.150551
-65	 0.000000	 1.000000	 1.000000	 19.170385
-64	 0.000000	 1.000000	 1.000000	 19.205374
-66	 0.000000	 1.000000	 1.000000	 19.366255
-65	 0.000000	 1.000000	 1.000000	 19.393391
-66	 0.000000	 1.000000	 1.000000	 19.452602
-67	 0.000000	 1.000000	 1.000000	 19.561861
-68	 0.000000	 1.000000	 1.000000	 19.822371
-59	 0.000000	 1.000000	 1.000000	 19.958805
-64	 0.000000	 1.000000	 1.000000	 20.132072
-64	 0.000000	 1.000000	 1.000000	 20.178789
-63	 0.000000	 1.000000	 1.000000	 20.314920
-61	 0.000000	 1.000000	 1.000000	 20.432537
-57	 0.000000	 1.000000	 1.000000	 20.786888
-60	 0.000000	 1.000000	 1.000000	 20.839289
-54	 0.000000	 1.000000	 1.000000	 20.913080
-57	 0.000000	 1.000000	 1.000000	 21.001865
-57	 0.000000	 1.000000	 1.000000	 21.100645
-54	 0.000000	 1.000000	 1.000000	 21.140255
-59	 0.000000	 1.000000	 1.000000	 21.228655
-55	 0.000000	 1.000000	 1.000000	 21.420298
-55	 0.000000	 1.000000	 1.000000	 21.472603
-56	 0.000000	 1.000000	 1.000000	 21.501493
-54	 0.000000	 1.000000	 1.000000	 21.640060
-54	 0.000000	 1.000000	 1.000000	 21.680141
-54	 0.000000	 1.000000	 1.000000	 21.705137
-67	 0.000000	 1.000000	 1.000000	 23.536095
-70	 0.000000	 1.000000	 1.000000	 23.579441
-68	 0.000000	 1.000000	 1.000000	 23.636522
-68	 0.000000	 1.000000	 1.000000	 23.653996
-69	 0.000000	 1.000000	 1.000000	 23.685955
-69	 0.000000	 1.000000	 1.000000	 23.800058
-69	 0.000000	 1.000000	 1.000000	 23.879358
-70	 0.000000	 1.000000	 1.000000	 24.018229
-70	 0.000000	 1.000000	 1.000000	 24.137222
-70	 0.000000	 1.000000	 1.000000	 24.224150
-70	 0.000000	 1.000000	 1.000000	 24.278542
-68	 0.000000	 1.000000	 1.000000	 24.351851
-67	 0.000000	 1.000000	 1.000000	 24.551674
-74	 0.000000	 1.000000	 1.000000	 24.731380
-73	 0.000000	 1.000000	 1.000000	 24.761257
-74	 0.000000	 1.000000	 1.000000	 24.870657
-75	 0.000000	 1.000000	 1.000000	 25.000500
-75	 0.000000	 1.000000	 1.000000	 25.015867
-75	 0.000000	 1.000000	 1.000000	 25.075397
-79	 0.000000	 1.000000	 1.000000	 25.332710
-73	 0.000000	 1.000000	 1.000000	 25.465496
-73	 0.000000	 1.000000	 1.000000	 25.535200
-78	 0.000000	 1.000000	 1.000000	 25.600117
-74	 0.000000	 1.000000	 1.000000	 25.675367
-73	 0.000000	 1.000000	 1.000000	 25.934038
-73	 0.000000	 1.000000	 1.000000	 25.961502
-76	 0.000000	 1.000000	 1.000000	 26.583981
-75	 0.000000	 1.000000	 1.000000	 26.697544
-74	 0.000000	 1.000000	 1.000000	 26.759338
-74	 0.000000	 1.000000	 1.000000	 26.834761
-78	 0.000000	 1.000000	 1.000000	 27.074100
-74	 0.000000	 1.000000	 1.000000	 27.219410
-78	 0.000000	 1.000000	 1.000000	 27.249382
-77	 0.000000	 1.000000	 1.000000	 27.480635
-78	 0.000000	 1.000000	 1.000000	 27.717962
-77	 0.000000	 1.000000	 1.000000	 27.815374
-75	 0.000000	 1.000000	 1.000000	 27.946737
-76	 0.000000	 1.000000	 1.000000	 27.971800
-77	 0.000000	 1.000000	 1.000000	 28.011538
-78	 0.000000	 1.000000	 1.000000	 28.098837
-82	 0.000000	 1.000000	 1.000000	 29.726774
-81	 0.000000	 1.000000	 1.000000	 29.787737
-82	 0.000000	 1.000000	 1.000000	 29.972092
-80	 0.000000	 1.000000	 1.000000	 30.063604
-80	 0.000000	 1.000000	 -nan	 30.092175
-83	 0.000000	 1.000000	 1.000000	 30.119047
-81	 0.000000	 1.000000	 1.000000	 30.259075
-81	 0.000000	 1.000000	 1.000000	 30.305059
-80	 0.000000	 1.000000	 1.000000	 30.770439
-83	 0.000000	 1.000000	 1.000000	 30.805355
-80	 0.000000	 1.000000	 1.000000	 31.230799
-83	 0.000000	 1.000000	 1.000000	 31.411823
-82	 0.000000	 1.000000	 1.000000	 31.649050
-80	 0.000000	 1.000000	 1.000000	 31.694246
-83	 0.000000	 1.000000	 1.000000	 31.812246
-82	 0.000000	 1.000000	 1.000000	 31.906977
-82	 0.000000	 1.000000	 1.000000	 31.973429
-82	 0.000000	 1.000000	 1.000000	 32.050858
-83	 0.000000	 1.000000	 1.000000	 32.068813
-81	 0.000000	 1.000000	 1.000000	 32.378960
-80	 0.000000	 1.000000	 1.000000	 32.464645
-80	 0.000000	 1.000000	 1.000000	 32.518269
-80	 0.000000	 1.000000	 1.000000	 32.623302
-83	 0.000000	 1.000000	 1.000000	 32.760365
-83	 0.000000	 1.000000	 1.000000	 33.651451
-83	 0.000000	 1.000000	 1.000000	 33.737312
0	 0.194444	 0.416667	 -477218592.000000	 35.659874
