-26	 0.990923	 1.000000	 1.000000	 0.211910
-26	 0.986046	 1.000000	 1.000000	 0.348886
-26	 0.986577	 1.000000	 1.000000	 0.490499
-27	 0.988636	 1.000000	 1.000000	 0.671411
-28	 0.986270	 1.000000	 1.000000	 0.806344
-27	 0.982955	 1.000000	 1.000000	 0.917976
-26	 0.987315	 1.000000	 1.000000	 1.061352
-28	 0.977695	 1.000000	 1.000000	 1.147703
-27	 0.982659	 1.000000	 1.000000	 1.259720
-29	 0.977444	 1.000000	 1.000000	 1.346020
-29	 0.987830	 1.000000	 1.000000	 1.505440
-29	 0.946429	 1.000000	 1.000000	 1.541330
-28	 0.990244	 1.000000	 1.000000	 1.773272
-29	 0.944000	 1.000000	 1.000000	 1.836058
-29	 0.300000	 1.000000	 1.000000	 1.851393
-29	 0.400000	 1.000000	 1.000000	 1.865462
-29	 0.984000	 1.000000	 1.000000	 1.983910
-33	 0.988991	 1.000000	 1.000000	 2.154183
-37	 0.994792	 1.000000	 1.000000	 2.647618
-41	 0.992415	 1.000000	 1.000000	 2.902947
-39	 0.976834	 1.000000	 1.000000	 2.987151
-39	 0.979381	 1.000000	 1.000000	 3.081827
-42	 0.975708	 1.000000	 1.000000	 3.162993
-44	 0.984536	 1.000000	 1.000000	 3.284695
-46	 0.980769	 1.000000	 1.000000	 3.387966
-42	 0.981818	 1.000000	 1.000000	 3.494015
-45	 0.945946	 1.000000	 1.000000	 3.538782
-42	 0.981928	 1.000000	 1.000000	 3.641591
-43	 0.947826	 1.000000	 1.000000	 3.695581
-45	 0.975806	 1.000000	 1.000000	 3.778655
-44	 0.940000	 1.000000	 1.000000	 3.814552
-42	 0.958042	 1.000000	 1.000000	 3.864659
-43	 0.985714	 1.000000	 1.000000	 3.997773
-43	 0.977273	 1.000000	 1.000000	 4.085033
-42	 0.988806	 1.000000	 1.000000	 4.260954
-43	 0.987578	 1.000000	 1.000000	 4.412140
-48	 0.992629	 1.000000	 1.000000	 4.664797
-45	 0.992228	 1.000000	 1.000000	 4.906524
-49	 0.985810	 1.000000	 1.000000	 6.484258
-47	 0.969543	 1.000000	 1.000000	 6.548227
-45	 0.950000	 1.000000	 1.000000	 6.588919
-46	 0.987730	 1.000000	 1.000000	 6.747900
-48	 0.981982	 1.000000	 1.000000	 6.853981
-47	 0.966184	 1.000000	 1.000000	 6.923658
-49	 0.988528	 1.000000	 1.000000	 7.093467
-52	 0.990640	 1.000000	 1.000000	 7.461830
-50	 0.989619	 1.000000	 1.000000	 7.647635
-49	 0.958333	 1.000000	 1.000000	 7.696565
-49	 0.987368	 1.000000	 1.000000	 7.853737
-53	 0.981250	 1.000000	 1.000000	 7.961960
-54	 0.970732	 1.000000	 1.000000	 8.034037
-51	 0.978339	 1.000000	 1.000000	 8.125733
-52	 0.984085	 1.000000	 1.000000	 8.250195
-52	 0.972851	 1.000000	 1.000000	 8.325389
-52	 0.979592	 1.000000	 1.000000	 8.422072
-52	 0.987395	 1.000000	 1.000000	 8.579974
-53	 0.964286	 1.000000	 1.000000	 8.636881
-54	 0.991881	 1.000000	 1.000000	 8.889901
-53	 0.991453	 1.000000	 1.000000	 9.135302
-54	 0.970443	 1.000000	 1.000000	 9.203932
-53	 0.981013	 1.000000	 1.000000	 9.308737
-52	 0.981132	 1.000000	 1.000000	 9.417856
-55	 0.962733	 1.000000	 1.000000	 9.471665
-55	 0.990950	 1.000000	 1.000000	 9.690143
-61	 0.971564	 1.000000	 1.000000	 9.761994
-53	 0.978102	 1.000000	 1.000000	 9.854075
-59	 0.971564	 1.000000	 1.000000	 9.926307
-60	 0.979094	 1.000000	 1.000000	 10.021689
-58	 0.972477	 1.000000	 1.000000	 10.095946
-57	 0.958333	 1.000000	 1.000000	 10.145389
-58	 0.986046	 1.000000	 1.000000	 10.288146
-53	 0.985915	 1.000000	 1.000000	 10.432129
-58	 0.959184	 1.000000	 1.000000	 10.492437
-62	 0.985542	 1.000000	 1.000000	 10.625207
-59	 0.986813	 1.000000	 1.000000	 10.777067
-59	 0.989830	 1.000000	 1.000000	 10.973936
-58	 0.777778	 1.000000	 1.000000	 11.016864
-58	 0.986577	 1.000000	 1.000000	 11.164642
-58	 0.979094	 1.000000	 1.000000	 11.266469
-58	 0.936170	 1.000000	 1.000000	 11.317531
-63	 0.979866	 1.000000	 1.000000	 11.417459
-64	 0.967914	 1.000000	 1.000000	 11.488357
-74	 0.332640	 1.000000	 1.000000	 12.445655
-71	 0.000000	 1.000000	 1.000000	 12.488435
-70	 0.000000	 1.000000	 1.000000	 12.540566
-75	 0.000000	 1.000000	 1.000000	 12.601772
-77	 0.000000	 1.000000	 1.000000	 12.637707
-76	 0.000000	 1.000000	 1.000000	 12.695934
-74	 0.000000	 1.000000	 1.000000	 12.743978
-75	 0.000000	 1.000000	 1.000000	 12.796070
-74	 0.000000	 1.000000	 1.000000	 12.849305
-75	 0.000000	 1.000000	 1.000000	 12.888316
-77	 0.000000	 1.000000	 1.000000	 12.908056
-76	 0.000000	 1.000000	 1.000000	 12.925779
-76	 0.000000	 1.000000	 1.000000	 12.941309
-78	 0.000000	 1.000000	 1.000000	 12.959803
-76	 0.000000	 1.000000	 1.000000	 12.975043
-74	 0.000000	 1.000000	 1.000000	 12.990168
-75	 0.000000	 1.000000	 1.000000	 13.005902
-77	 0.000000	 1.000000	 1.000000	 13.021454
-75	 0.000000	 1.000000	 1.000000	 13.041359
-73	 0.000000	 1.000000	 1.000000	 13.058410
-72	 0.000000	 1.000000	 1.000000	 13.075002
-71	 0.000000	 1.000000	 1.000000	 13.088504
-71	 0.000000	 1.000000	 1.000000	 13.105568
-70	 0.000000	 1.000000	 1.000000	 13.118768
-70	 0.000000	 1.000000	 1.000000	 13.136744
-69	 0.000000	 1.000000	 1.000000	 13.152023
-71	 0.000000	 1.000000	 1.000000	 13.167199
-72	 0.000000	 1.000000	 1.000000	 13.181518
-70	 0.000000	 1.000000	 1.000000	 13.199401
-73	 0.000000	 1.000000	 1.000000	 13.214722
-73	 0.000000	 1.000000	 1.000000	 13.229042
-73	 0.000000	 1.000000	 1.000000	 13.245052
-73	 0.000000	 1.000000	 1.000000	 13.259468
-73	 0.000000	 1.000000	 1.000000	 13.275111
-72	 0.000000	 1.000000	 1.000000	 13.290312
-71	 0.000000	 1.000000	 1.000000	 13.306086
-70	 0.000000	 1.000000	 1.000000	 13.320892
-72	 0.000000	 1.000000	 1.000000	 13.336339
-74	 0.000000	 1.000000	 1.000000	 13.354854
-73	 0.000000	 1.000000	 1.000000	 13.371162
-73	 0.000000	 1.000000	 1.000000	 13.385686
-73	 0.000000	 1.000000	 1.000000	 13.400724
-72	 0.000000	 1.000000	 1.000000	 13.415492
-73	 0.000000	 1.000000	 1.000000	 13.430976
-73	 0.000000	 1.000000	 1.000000	 13.445691
-75	 0.000000	 1.000000	 1.000000	 13.460967
-74	 0.000000	 1.000000	 1.000000	 13.476465
-74	 0.000000	 1.000000	 1.000000	 13.491210
-73	 0.000000	 1.000000	 1.000000	 13.507768
-73	 0.000000	 1.000000	 1.000000	 13.522008
-73	 0.000000	 1.000000	 1.000000	 13.541166
-73	 0.000000	 1.000000	 1.000000	 13.559692
-74	 0.000000	 1.000000	 1.000000	 13.574966
-73	 0.000000	 1.000000	 1.000000	 13.590209
-72	 0.000000	 1.000000	 1.000000	 13.605614
-73	 0.000000	 1.000000	 1.000000	 13.620674
-74	 0.000000	 1.000000	 1.000000	 13.636994
-75	 0.000000	 1.000000	 1.000000	 13.652403
-74	 0.000000	 1.000000	 1.000000	 13.667510
-74	 0.000000	 1.000000	 1.000000	 13.682336
-76	 0.000000	 1.000000	 1.000000	 13.697304
-74	 0.000000	 1.000000	 1.000000	 13.713084
-76	 0.000000	 1.000000	 1.000000	 13.727471
-77	 0.000000	 1.000000	 1.000000	 13.742447
-77	 0.000000	 1.000000	 1.000000	 13.760274
-78	 0.000000	 1.000000	 1.000000	 13.775151
-77	 0.000000	 1.000000	 1.000000	 13.790149
-78	 0.000000	 1.000000	 1.000000	 13.804678
-79	 0.000000	 1.000000	 1.000000	 13.822188
-78	 0.000000	 1.000000	 1.000000	 13.837680
-75	 0.000000	 1.000000	 1.000000	 13.854967
-77	 0.000000	 1.000000	 1.000000	 13.870355
-77	 0.000000	 1.000000	 1.000000	 13.885704
-76	 0.000000	 1.000000	 1.000000	 13.901988
-75	 0.000000	 1.000000	 1.000000	 13.916162
-74	 0.000000	 1.000000	 1.000000	 13.931479
-75	 0.000000	 1.000000	 1.000000	 13.946528
-74	 0.000000	 1.000000	 1.000000	 13.961466
-70	 0.000000	 1.000000	 1.000000	 13.977218
-74	 0.000000	 1.000000	 1.000000	 13.991701
-75	 0.000000	 1.000000	 1.000000	 14.006891
-76	 0.000000	 1.000000	 1.000000	 14.022500
-76	 0.000000	 1.000000	 1.000000	 14.037735
-78	 0.000000	 1.000000	 1.000000	 14.053681
-77	 0.000000	 1.000000	 1.000000	 14.067723
-78	 0.000000	 1.000000	 1.000000	 14.083537
-76	 0.000000	 1.000000	 1.000000	 14.098443
-76	 0.000000	 1.000000	 1.000000	 14.113450
-76	 0.000000	 1.000000	 1.000000	 14.128565
-77	 0.000000	 1.000000	 1.000000	 14.143654
-76	 0.000000	 1.000000	 1.000000	 14.159058
-75	 0.000000	 1.000000	 1.000000	 14.173687
-76	 0.000000	 1.000000	 1.000000	 14.189697
-76	 0.000000	 1.000000	 1.000000	 14.204499
-75	 0.000000	 1.000000	 1.000000	 14.219640
-75	 0.000000	 1.000000	 1.000000	 14.234705
-76	 0.000000	 1.000000	 1.000000	 14.249895
-76	 0.000000	 1.000000	 1.000000	 14.264531
-76	 0.000000	 1.000000	 1.000000	 14.280155
-77	 0.000000	 1.000000	 1.000000	 14.294041
-76	 0.000000	 1.000000	 1.000000	 14.309457
-73	 0.000000	 1.000000	 1.000000	 14.324642
-77	 0.000000	 1.000000	 1.000000	 14.339979
-76	 0.000000	 1.000000	 1.000000	 14.355388
-74	 0.000000	 1.000000	 1.000000	 14.370675
-75	 0.000000	 1.000000	 1.000000	 14.385502
-75	 0.000000	 1.000000	 1.000000	 14.400778
-74	 0.000000	 1.000000	 1.000000	 14.415829
-76	 0.000000	 1.000000	 1.000000	 14.430993
-74	 0.000000	 1.000000	 1.000000	 14.448531
-74	 0.000000	 1.000000	 1.000000	 14.463071
-74	 0.000000	 1.000000	 1.000000	 14.481289
-74	 0.000000	 1.000000	 1.000000	 14.496755
-75	 0.000000	 1.000000	 1.000000	 14.510313
-72	 0.000000	 1.000000	 1.000000	 14.526646
-77	 0.000000	 1.000000	 1.000000	 14.541803
-78	 0.000000	 1.000000	 1.000000	 14.556491
-75	 0.000000	 1.000000	 1.000000	 14.571322
-78	 0.000000	 1.000000	 1.000000	 14.586503
-75	 0.000000	 1.000000	 1.000000	 14.601825
-75	 0.000000	 1.000000	 1.000000	 14.616850
-75	 0.000000	 1.000000	 1.000000	 14.632152
-74	 0.000000	 1.000000	 1.000000	 14.647642
-74	 0.000000	 1.000000	 1.000000	 14.662411
-73	 0.000000	 1.000000	 1.000000	 14.676819
-74	 0.000000	 1.000000	 1.000000	 14.692231
-74	 0.000000	 1.000000	 1.000000	 14.707192
-73	 0.000000	 1.000000	 1.000000	 14.724402
-73	 0.000000	 1.000000	 1.000000	 14.740004
-73	 0.000000	 1.000000	 1.000000	 14.755501
-71	 0.000000	 1.000000	 1.000000	 14.770217
-70	 0.000000	 1.000000	 1.000000	 14.785563
-72	 0.000000	 1.000000	 1.000000	 14.803450
-72	 0.000000	 1.000000	 1.000000	 14.817379
-65	 0.000000	 1.000000	 1.000000	 14.833740
-70	 0.000000	 1.000000	 1.000000	 14.848919
-71	 0.000000	 1.000000	 1.000000	 14.864625
-71	 0.000000	 1.000000	 1.000000	 14.879358
-70	 0.000000	 1.000000	 1.000000	 14.894674
-70	 0.000000	 1.000000	 1.000000	 14.908943
-71	 0.000000	 1.000000	 1.000000	 14.924420
-70	 0.000000	 1.000000	 1.000000	 14.940737
-71	 0.000000	 1.000000	 1.000000	 14.956068
-71	 0.000000	 1.000000	 1.000000	 14.970277
-71	 0.000000	 1.000000	 1.000000	 14.985235
-71	 0.000000	 1.000000	 1.000000	 15.000330
-72	 0.000000	 1.000000	 1.000000	 15.015466
-71	 0.000000	 1.000000	 1.000000	 15.030227
-71	 0.000000	 1.000000	 -nan	 15.046972
-73	 0.000000	 1.000000	 1.000000	 15.062488
-72	 0.000000	 1.000000	 1.000000	 15.077664
-74	 0.000000	 1.000000	 1.000000	 15.093605
-74	 0.000000	 1.000000	 1.000000	 15.107717
-77	 0.000000	 1.000000	 1.000000	 15.123189
-78	 0.000000	 1.000000	 1.000000	 15.137917
-75	 0.000000	 1.000000	 1.000000	 15.153313
-75	 0.000000	 1.000000	 1.000000	 15.168385
-75	 0.000000	 1.000000	 1.000000	 15.183811
-76	 0.000000	 1.000000	 1.000000	 15.198667
-75	 0.000000	 1.000000	 1.000000	 15.212549
-74	 0.000000	 1.000000	 1.000000	 15.228826
-74	 0.000000	 1.000000	 1.000000	 15.243212
-75	 0.000000	 1.000000	 1.000000	 15.258858
-76	 0.000000	 1.000000	 1.000000	 15.273610
-75	 0.000000	 1.000000	 1.000000	 15.288733
-75	 0.000000	 1.000000	 1.000000	 15.303809
-76	 0.000000	 1.000000	 1.000000	 15.318928
-75	 0.000000	 1.000000	 1.000000	 15.334395
-76	 0.000000	 1.000000	 1.000000	 15.350163
-76	 0.000000	 1.000000	 1.000000	 15.365359
-76	 0.000000	 1.000000	 1.000000	 15.380050
-75	 0.000000	 1.000000	 1.000000	 15.393583
-78	 0.000000	 1.000000	 1.000000	 15.409623
-79	 0.000000	 1.000000	 1.000000	 15.424888
-78	 0.000000	 1.000000	 1.000000	 15.439888
-77	 0.000000	 1.000000	 1.000000	 15.454577
-79	 0.000000	 1.000000	 1.000000	 15.470102
-78	 0.000000	 1.000000	 1.000000	 15.485247
-79	 0.000000	 1.000000	 1.000000	 15.500669
-78	 0.000000	 1.000000	 1.000000	 15.515790
-79	 0.000000	 1.000000	 1.000000	 15.533960
-78	 0.000000	 1.000000	 1.000000	 15.548075
-77	 0.000000	 1.000000	 1.000000	 15.565587
-76	 0.000000	 1.000000	 1.000000	 15.579789
-76	 0.000000	 1.000000	 1.000000	 15.597182
-76	 0.000000	 1.000000	 1.000000	 15.612094
-77	 0.000000	 1.000000	 1.000000	 15.629430
-79	 0.000000	 1.000000	 1.000000	 15.644941
-77	 0.000000	 1.000000	 1.000000	 15.662522
-76	 0.000000	 1.000000	 1.000000	 15.677910
-79	 0.000000	 1.000000	 1.000000	 15.693062
-79	 0.000000	 1.000000	 1.000000	 15.709036
-81	 0.000000	 1.000000	 1.000000	 15.727301
-80	 0.000000	 1.000000	 1.000000	 15.741751
-75	 0.000000	 1.000000	 1.000000	 15.757339
-78	 0.000000	 1.000000	 1.000000	 15.776935
-79	 0.000000	 1.000000	 1.000000	 15.790553
-78	 0.000000	 1.000000	 1.000000	 15.804805
-76	 0.000000	 1.000000	 1.000000	 15.820052
-78	 0.000000	 1.000000	 1.000000	 15.835273
-79	 0.000000	 1.000000	 1.000000	 15.850560
-77	 0.000000	 1.000000	 -nan	 15.866153
-77	 0.000000	 1.000000	 1.000000	 15.883818
-76	 0.000000	 1.000000	 1.000000	 15.899003
-78	 0.000000	 1.000000	 1.000000	 15.914619
-78	 0.000000	 1.000000	 1.000000	 15.930010
-77	 0.000000	 1.000000	 1.000000	 15.944813
-80	 0.000000	 1.000000	 1.000000	 15.962096
-80	 0.000000	 1.000000	 -nan	 15.976149
-76	 0.000000	 1.000000	 1.000000	 15.992145
-79	 0.000000	 1.000000	 1.000000	 16.008465
-76	 0.000000	 1.000000	 1.000000	 16.023386
-76	 0.000000	 1.000000	 1.000000	 16.038492
-78	 0.000000	 1.000000	 1.000000	 16.054852
-77	 0.000000	 1.000000	 1.000000	 16.068796
-77	 0.000000	 1.000000	 1.000000	 16.084206
-78	 0.000000	 1.000000	 1.000000	 16.099983
-77	 0.000000	 1.000000	 1.000000	 16.114386
-75	 0.000000	 1.000000	 1.000000	 16.129305
-77	 0.000000	 1.000000	 1.000000	 16.144028
-78	 0.000000	 1.000000	 1.000000	 16.159266
-77	 0.000000	 1.000000	 1.000000	 16.175106
-76	 0.000000	 1.000000	 1.000000	 16.190142
-76	 0.000000	 1.000000	 1.000000	 16.206772
-79	 0.000000	 1.000000	 1.000000	 16.221216
-76	 0.000000	 1.000000	 1.000000	 16.237183
-79	 0.000000	 1.000000	 1.000000	 16.251810
-78	 0.000000	 1.000000	 1.000000	 16.267578
-77	 0.000000	 1.000000	 1.000000	 16.284351
-80	 0.000000	 1.000000	 1.000000	 16.298283
-78	 0.000000	 1.000000	 1.000000	 16.313831
-79	 0.000000	 1.000000	 1.000000	 16.329948
-77	 0.000000	 1.000000	 1.000000	 16.344147
-77	 0.000000	 1.000000	 1.000000	 16.360327
-78	 0.000000	 1.000000	 1.000000	 16.374933
-80	 0.000000	 1.000000	 1.000000	 16.392632
-77	 0.000000	 1.000000	 1.000000	 16.406553
-79	 0.000000	 1.000000	 1.000000	 16.422577
-77	 0.000000	 1.000000	 1.000000	 16.440363
-79	 0.000000	 1.000000	 1.000000	 16.455727
-77	 0.000000	 1.000000	 1.000000	 16.470800
-77	 0.000000	 1.000000	 1.000000	 16.486254
-78	 0.000000	 1.000000	 1.000000	 16.501663
-79	 0.000000	 1.000000	 1.000000	 16.517183
-78	 0.000000	 1.000000	 1.000000	 16.534355
-78	 0.000000	 1.000000	 1.000000	 16.549431
-77	 0.000000	 1.000000	 1.000000	 16.563812
-77	 0.000000	 1.000000	 1.000000	 16.579891
-77	 0.000000	 1.000000	 1.000000	 16.597401
-77	 0.000000	 1.000000	 1.000000	 16.612097
-77	 0.000000	 1.000000	 1.000000	 16.626963
-75	 0.000000	 1.000000	 1.000000	 16.643564
-76	 0.000000	 1.000000	 1.000000	 16.668352
-77	 0.000000	 1.000000	 1.000000	 16.683237
-76	 0.000000	 1.000000	 1.000000	 16.697563
-77	 0.000000	 1.000000	 1.000000	 16.712645
-78	 0.000000	 1.000000	 1.000000	 16.730963
-79	 0.000000	 1.000000	 1.000000	 16.745476
-77	 0.000000	 1.000000	 1.000000	 16.760416
-78	 0.000000	 1.000000	 1.000000	 16.775608
-78	 0.000000	 1.000000	 1.000000	 16.791182
-77	 0.000000	 1.000000	 1.000000	 16.806414
-77	 0.000000	 1.000000	 1.000000	 16.821482
-78	 0.000000	 1.000000	 1.000000	 16.836796
-78	 0.000000	 1.000000	 1.000000	 16.851170
-77	 0.000000	 1.000000	 1.000000	 16.868900
-70	 0.000000	 1.000000	 1.000000	 16.883993
-74	 0.000000	 1.000000	 1.000000	 16.898413
-74	 0.000000	 1.000000	 1.000000	 16.914680
-73	 0.000000	 1.000000	 1.000000	 16.929583
-74	 0.000000	 1.000000	 1.000000	 16.944672
-74	 0.000000	 1.000000	 1.000000	 16.959890
-74	 0.000000	 1.000000	 1.000000	 16.975002
-73	 0.000000	 1.000000	 1.000000	 16.991329
-72	 0.000000	 1.000000	 1.000000	 17.005795
-73	 0.000000	 1.000000	 1.000000	 17.020178
-74	 0.000000	 1.000000	 1.000000	 17.035984
-74	 0.000000	 1.000000	 1.000000	 17.051407
-73	 0.000000	 1.000000	 1.000000	 17.066301
-72	 0.000000	 1.000000	 1.000000	 17.081470
-71	 0.000000	 1.000000	 1.000000	 17.097057
-73	 0.000000	 1.000000	 1.000000	 17.112747
-74	 0.000000	 1.000000	 1.000000	 17.127640
-74	 0.000000	 1.000000	 1.000000	 17.142963
-77	 0.000000	 1.000000	 1.000000	 17.158194
-76	 0.000000	 1.000000	 1.000000	 17.173195
-77	 0.000000	 1.000000	 1.000000	 17.188377
-78	 0.000000	 1.000000	 1.000000	 17.203785
-77	 0.000000	 1.000000	 1.000000	 17.218571
-75	 0.000000	 1.000000	 1.000000	 17.234230
-78	 0.000000	 1.000000	 1.000000	 17.248335
-76	 0.000000	 1.000000	 1.000000	 17.263386
-76	 0.000000	 1.000000	 1.000000	 17.278450
-71	 0.000000	 1.000000	 1.000000	 17.294195
-75	 0.000000	 1.000000	 1.000000	 17.308544
-75	 0.000000	 1.000000	 1.000000	 17.323933
-74	 0.000000	 1.000000	 1.000000	 17.339573
-74	 0.000000	 1.000000	 1.000000	 17.352533
-73	 0.000000	 1.000000	 1.000000	 17.367788
-74	 0.000000	 1.000000	 1.000000	 17.383366
-73	 0.000000	 1.000000	 1.000000	 17.397848
-74	 0.000000	 1.000000	 1.000000	 17.413492
-71	 0.000000	 1.000000	 1.000000	 17.428658
-72	 0.000000	 1.000000	 1.000000	 17.442825
-64	 0.197452	 1.000000	 1.000000	 18.775557
-63	 0.828571	 1.000000	 1.000000	 18.787479
-64	 0.681818	 1.000000	 1.000000	 18.809845
-64	 0.437500	 1.000000	 1.000000	 18.818123
-63	 0.800000	 1.000000	 1.000000	 18.830055
-64	 0.750000	 1.000000	 1.000000	 18.839718
-64	 0.500000	 1.000000	 1.000000	 18.850649
-64	 0.300000	 1.000000	 -nan	 18.868179
-65	 0.250000	 1.000000	 -nan	 18.879684
-66	 0.142857	 1.000000	 -nan	 18.892117
-68	 0.000000	 1.000000	 -nan	 18.928499
-68	 0.400000	 1.000000	 -nan	 18.937164
-68	 0.142857	 1.000000	 -nan	 18.942595
-68	 0.400000	 1.000000	 1.000000	 18.957876
-68	 0.333333	 1.000000	 1.000000	 18.965715
-68	 0.615385	 1.000000	 1.000000	 18.986284
-67	 0.666667	 1.000000	 1.000000	 18.998152
-66	 0.943396	 1.000000	 1.000000	 19.034197
-66	 0.879310	 1.000000	 1.000000	 19.054676
-65	 0.739130	 1.000000	 1.000000	 19.065142
-66	 0.142857	 1.000000	 1.000000	 19.107641
-66	 0.000000	 1.000000	 -nan	 19.153959
-65	 0.400000	 1.000000	 1.000000	 19.179310
-66	 0.333333	 1.000000	 -nan	 19.196980
-66	 0.500000	 1.000000	 -nan	 19.218618
-65	 0.000000	 1.000000	 1.000000	 19.268288
-66	 0.000000	 1.000000	 -nan	 19.317495
-66	 0.400000	 1.000000	 -nan	 19.336082
-65	 0.142857	 1.000000	 1.000000	 19.356768
-65	 0.953488	 1.000000	 1.000000	 19.405071
-66	 0.977444	 1.000000	 1.000000	 19.493244
-64	 0.944444	 1.000000	 1.000000	 19.530226
-65	 0.894737	 1.000000	 1.000000	 19.551735
-65	 0.886792	 1.000000	 1.000000	 19.571800
-65	 0.739130	 1.000000	 1.000000	 19.582644
-64	 0.934783	 1.000000	 1.000000	 19.616272
-64	 0.967914	 1.000000	 1.000000	 19.677698
-68	 0.982036	 1.000000	 1.000000	 19.787434
-68	 0.142857	 1.000000	 1.000000	 19.832354
-60	 0.853659	 0.512195	 0.574468	 21.056290
-64	 0.929412	 1.000000	 1.000000	 21.086580
-63	 0.892857	 1.000000	 1.000000	 21.108553
-62	 0.800000	 1.000000	 1.000000	 21.120358
-60	 0.333333	 1.000000	 1.000000	 21.127438
-63	 0.250000	 1.000000	 -nan	 21.148500
-63	 0.000000	 1.000000	 -nan	 21.196304
-63	 0.000000	 1.000000	 -nan	 21.244732
-63	 0.142857	 1.000000	 1.000000	 21.251766
-63	 0.750000	 1.000000	 1.000000	 21.259972
-61	 0.962025	 1.000000	 1.000000	 21.315777
-63	 0.818182	 1.000000	 1.000000	 21.329082
-63	 0.739130	 1.000000	 1.000000	 21.339586
-61	 0.837838	 1.000000	 1.000000	 21.355492
-60	 0.823529	 1.000000	 1.000000	 21.368303
-60	 0.943396	 1.000000	 1.000000	 21.406887
-59	 0.853659	 1.000000	 1.000000	 21.422983
-53	 0.990244	 1.000000	 1.000000	 22.288265
-55	 0.956204	 1.000000	 1.000000	 22.333439
-57	 0.979167	 1.000000	 1.000000	 22.429689
-56	 0.986207	 1.000000	 1.000000	 22.573385
-53	 0.984887	 1.000000	 1.000000	 22.706724
-53	 0.948718	 1.000000	 1.000000	 22.747478
-55	 0.986111	 1.000000	 1.000000	 22.892166
-56	 0.987097	 1.000000	 1.000000	 23.046444
-53	 0.880000	 1.000000	 1.000000	 23.075756
-51	 0.769231	 1.000000	 1.000000	 23.087503
-51	 0.727273	 1.000000	 1.000000	 23.096174
-52	 0.538462	 1.000000	 1.000000	 23.118052
-51	 0.965714	 1.000000	 1.000000	 23.177971
-51	 0.982955	 1.000000	 1.000000	 23.296892
-53	 0.986486	 1.000000	 1.000000	 23.441341
-51	 0.985748	 1.000000	 1.000000	 23.579449
-56	 0.970000	 1.000000	 1.000000	 23.648703
-50	 0.950413	 1.000000	 1.000000	 23.690451
-50	 0.720000	 1.000000	 1.000000	 23.702040
-50	 0.978873	 1.000000	 1.000000	 23.797367
-53	 0.940476	 1.000000	 1.000000	 25.061167
-52	 0.963415	 1.000000	 1.000000	 25.114897
-52	 0.842105	 1.000000	 1.000000	 25.130116
-53	 0.974895	 1.000000	 1.000000	 25.209982
-57	 0.974026	 1.000000	 1.000000	 25.286453
-61	 0.972973	 1.000000	 1.000000	 25.362553
-62	 0.981481	 1.000000	 1.000000	 25.471703
-64	 0.950000	 1.000000	 1.000000	 25.514881
-66	 0.000000	 1.000000	 1.000000	 25.562273
-70	 0.000000	 1.000000	 -nan	 25.615009
-67	 0.000000	 1.000000	 -nan	 25.660324
-68	 0.000000	 1.000000	 -nan	 25.714237
-68	 0.000000	 1.000000	 1.000000	 25.768698
-68	 0.000000	 1.000000	 -nan	 25.816624
-71	 0.000000	 1.000000	 -nan	 25.869783
-67	 0.000000	 1.000000	 1.000000	 25.922062
-62	 0.000000	 1.000000	 1.000000	 25.980774
-66	 0.000000	 1.000000	 1.000000	 26.002079
-67	 0.142857	 1.000000	 1.000000	 26.033644
-68	 0.142857	 1.000000	 1.000000	 26.067677
-66	 0.700000	 1.000000	 1.000000	 26.086929
-65	 0.000000	 1.000000	 1.000000	 26.104380
-66	 0.000000	 1.000000	 -nan	 26.119537
-67	 0.000000	 1.000000	 1.000000	 26.135365
-67	 0.000000	 1.000000	 1.000000	 26.150267
-67	 0.000000	 1.000000	 1.000000	 26.167330
-66	 0.000000	 1.000000	 1.000000	 26.182499
-66	 0.000000	 1.000000	 1.000000	 26.197712
-66	 0.000000	 1.000000	 1.000000	 26.217501
-66	 0.000000	 1.000000	 1.000000	 26.230318
-67	 0.000000	 1.000000	 1.000000	 26.245930
-72	 0.000000	 1.000000	 1.000000	 26.260574
-69	 0.000000	 1.000000	 1.000000	 26.281769
-68	 0.000000	 1.000000	 1.000000	 26.293446
-66	 0.684211	 1.000000	 1.000000	 26.312071
-66	 0.000000	 1.000000	 1.000000	 26.326132
-66	 0.000000	 1.000000	 1.000000	 26.340174
-64	 0.895522	 1.000000	 1.000000	 26.372675
-67	 0.971311	 1.000000	 1.000000	 26.459770
-67	 0.142857	 1.000000	 1.000000	 26.496271
-72	 0.000000	 1.000000	 1.000000	 26.546547
-75	 0.000000	 1.000000	 1.000000	 26.606405
-71	 0.000000	 1.000000	 1.000000	 26.660946
-67	 0.000000	 1.000000	 1.000000	 26.712107
-72	 0.000000	 1.000000	 1.000000	 26.767641
-75	 0.000000	 1.000000	 1.000000	 26.823868
-70	 0.000000	 1.000000	 -nan	 26.877657
-69	 0.000000	 1.000000	 -nan	 26.936398
-70	 0.000000	 1.000000	 -nan	 26.990040
-68	 0.400000	 1.000000	 -nan	 27.028244
-71	 0.955882	 1.000000	 1.000000	 27.078766
-71	 0.000000	 1.000000	 1.000000	 27.094028
-71	 0.000000	 1.000000	 1.000000	 27.108168
-67	 0.000000	 1.000000	 1.000000	 27.123711
-73	 0.000000	 1.000000	 1.000000	 27.141685
-73	 0.000000	 1.000000	 1.000000	 27.157410
-72	 0.000000	 1.000000	 1.000000	 27.171661
-74	 0.000000	 1.000000	 1.000000	 27.201918
-75	 0.000000	 1.000000	 1.000000	 27.246836
-73	 0.000000	 1.000000	 1.000000	 27.295267
-73	 0.000000	 1.000000	 1.000000	 27.340294
-72	 0.000000	 1.000000	 1.000000	 27.387644
-74	 0.000000	 1.000000	 1.000000	 27.437050
-73	 0.000000	 1.000000	 1.000000	 27.488941
-75	 0.000000	 1.000000	 1.000000	 27.545399
-76	 0.000000	 1.000000	 -nan	 27.593491
-72	 0.000000	 1.000000	 -nan	 27.643702
-73	 0.000000	 1.000000	 -nan	 27.696255
-75	 0.000000	 1.000000	 -nan	 27.747355
-73	 0.000000	 1.000000	 -nan	 27.799906
-73	 0.000000	 1.000000	 -nan	 27.853571
-72	 0.000000	 1.000000	 -nan	 27.906841
-76	 0.000000	 1.000000	 -nan	 27.962284
-73	 0.000000	 1.000000	 -nan	 28.009644
-74	 0.000000	 1.000000	 -nan	 28.065273
-72	 0.000000	 1.000000	 -nan	 28.113400
-72	 0.000000	 1.000000	 -nan	 28.164511
-71	 0.000000	 1.000000	 1.000000	 28.217415
-66	 0.000000	 1.000000	 1.000000	 28.266424
-73	 0.000000	 1.000000	 1.000000	 28.285906
-75	 0.000000	 1.000000	 1.000000	 28.303234
-74	 0.000000	 1.000000	 1.000000	 28.321350
-72	 0.000000	 1.000000	 1.000000	 28.338194
-72	 0.000000	 1.000000	 1.000000	 28.354456
-73	 0.000000	 1.000000	 1.000000	 28.369785
-73	 0.000000	 1.000000	 1.000000	 28.384789
-74	 0.000000	 1.000000	 1.000000	 28.399668
-76	 0.000000	 1.000000	 1.000000	 28.414928
-75	 0.000000	 1.000000	 1.000000	 28.430218
-71	 0.000000	 1.000000	 1.000000	 28.445780
-72	 0.000000	 1.000000	 1.000000	 28.460871
-72	 0.000000	 1.000000	 1.000000	 28.475662
-74	 0.000000	 1.000000	 1.000000	 28.490704
-75	 0.000000	 1.000000	 1.000000	 28.505959
-76	 0.000000	 1.000000	 1.000000	 28.521048
-75	 0.000000	 1.000000	 1.000000	 28.536051
-75	 0.000000	 1.000000	 1.000000	 28.551275
-76	 0.000000	 1.000000	 1.000000	 28.566511
-77	 0.000000	 1.000000	 1.000000	 28.582218
-75	 0.000000	 1.000000	 1.000000	 28.597166
-74	 0.000000	 1.000000	 1.000000	 28.612234
-74	 0.000000	 1.000000	 1.000000	 28.627039
-73	 0.000000	 1.000000	 1.000000	 28.641956
-72	 0.000000	 1.000000	 1.000000	 28.656925
-73	 0.000000	 1.000000	 1.000000	 28.672066
-75	 0.000000	 1.000000	 1.000000	 28.687399
-75	 0.000000	 1.000000	 1.000000	 28.702379
-73	 0.000000	 1.000000	 1.000000	 28.717588
-77	 0.000000	 1.000000	 1.000000	 28.732349
-75	 0.000000	 1.000000	 1.000000	 28.747417
-70	 0.000000	 1.000000	 1.000000	 28.762411
-74	 0.000000	 1.000000	 1.000000	 28.780399
-75	 0.000000	 1.000000	 1.000000	 28.795649
-75	 0.000000	 1.000000	 1.000000	 28.810083
-76	 0.000000	 1.000000	 1.000000	 28.825548
-76	 0.000000	 1.000000	 1.000000	 28.840219
-74	 0.000000	 1.000000	 1.000000	 28.855656
-72	 0.000000	 1.000000	 1.000000	 28.871061
-73	 0.000000	 1.000000	 1.000000	 28.886030
-73	 0.000000	 1.000000	 1.000000	 28.901340
-72	 0.000000	 1.000000	 1.000000	 28.916544
-70	 0.000000	 1.000000	 1.000000	 28.931440
-70	 0.000000	 1.000000	 1.000000	 28.946566
-70	 0.000000	 1.000000	 1.000000	 28.961945
-72	 0.000000	 1.000000	 1.000000	 28.977324
-74	 0.000000	 1.000000	 1.000000	 28.992579
-72	 0.000000	 1.000000	 1.000000	 29.007647
-72	 0.000000	 1.000000	 1.000000	 29.024336
-74	 0.000000	 1.000000	 1.000000	 29.037643
-74	 0.000000	 1.000000	 1.000000	 29.052599
-72	 0.000000	 1.000000	 1.000000	 29.067011
-74	 0.000000	 1.000000	 1.000000	 29.085194
-75	 0.000000	 1.000000	 1.000000	 29.098995
-76	 0.000000	 1.000000	 1.000000	 29.116280
-75	 0.000000	 1.000000	 1.000000	 29.131727
-74	 0.000000	 1.000000	 1.000000	 29.146585
-74	 0.000000	 1.000000	 1.000000	 29.161081
-74	 0.000000	 1.000000	 1.000000	 29.176495
-73	 0.000000	 1.000000	 1.000000	 29.191414
-73	 0.000000	 1.000000	 1.000000	 29.215099
-71	 0.000000	 1.000000	 1.000000	 29.229740
-71	 0.000000	 1.000000	 1.000000	 29.244673
-73	 0.000000	 1.000000	 1.000000	 29.259655
-74	 0.000000	 1.000000	 1.000000	 29.275452
-74	 0.000000	 1.000000	 1.000000	 29.290678
-75	 0.000000	 1.000000	 1.000000	 29.305273
-73	 0.000000	 1.000000	 1.000000	 29.320461
-73	 0.000000	 1.000000	 1.000000	 29.334883
-75	 0.000000	 1.000000	 1.000000	 29.348703
-74	 0.000000	 1.000000	 1.000000	 29.364586
-75	 0.000000	 1.000000	 1.000000	 29.379925
-75	 0.000000	 1.000000	 1.000000	 29.394466
-74	 0.000000	 1.000000	 1.000000	 29.408821
-74	 0.000000	 1.000000	 1.000000	 29.424131
-75	 0.000000	 1.000000	 1.000000	 29.440332
-75	 0.000000	 1.000000	 1.000000	 29.454176
-74	 0.000000	 1.000000	 1.000000	 29.469633
-73	 0.000000	 1.000000	 1.000000	 29.484476
-71	 0.000000	 1.000000	 1.000000	 29.499241
-71	 0.000000	 1.000000	 1.000000	 29.519501
-72	 0.000000	 1.000000	 1.000000	 29.534128
-73	 0.000000	 1.000000	 1.000000	 29.549530
-75	 0.000000	 1.000000	 1.000000	 29.564507
-77	 0.000000	 1.000000	 1.000000	 29.579687
-76	 0.000000	 1.000000	 1.000000	 29.596796
-72	 0.000000	 1.000000	 1.000000	 29.610872
-72	 0.000000	 1.000000	 1.000000	 29.625544
-75	 0.000000	 1.000000	 1.000000	 29.640795
-75	 0.000000	 1.000000	 1.000000	 29.657934
-76	 0.000000	 1.000000	 1.000000	 29.673229
-75	 0.000000	 1.000000	 1.000000	 29.688166
-77	 0.000000	 1.000000	 1.000000	 29.710638
-77	 0.000000	 1.000000	 1.000000	 29.723255
-76	 0.000000	 1.000000	 1.000000	 29.738707
-75	 0.000000	 1.000000	 1.000000	 29.753754
-74	 0.000000	 1.000000	 1.000000	 29.769245
-75	 0.000000	 1.000000	 1.000000	 29.783882
-74	 0.000000	 1.000000	 1.000000	 29.799072
-73	 0.000000	 1.000000	 1.000000	 29.814274
-73	 0.000000	 1.000000	 1.000000	 29.829020
-74	 0.000000	 1.000000	 1.000000	 29.844019
-75	 0.000000	 1.000000	 1.000000	 29.859236
-75	 0.000000	 1.000000	 1.000000	 29.874815
-68	 0.000000	 1.000000	 1.000000	 29.889975
-73	 0.000000	 1.000000	 1.000000	 29.905005
-72	 0.000000	 1.000000	 1.000000	 29.920319
-72	 0.000000	 1.000000	 1.000000	 29.935873
-70	 0.000000	 1.000000	 1.000000	 29.950283
-73	 0.000000	 1.000000	 1.000000	 29.966373
-73	 0.000000	 1.000000	 1.000000	 29.982712
-74	 0.000000	 1.000000	 1.000000	 29.997791
-74	 0.000000	 1.000000	 1.000000	 30.012550
-74	 0.000000	 1.000000	 1.000000	 30.027868
-74	 0.000000	 1.000000	 1.000000	 30.043030
-76	 0.000000	 1.000000	 1.000000	 30.057962
-75	 0.000000	 1.000000	 1.000000	 30.074036
-74	 0.000000	 1.000000	 1.000000	 31.298000
-74	 0.000000	 1.000000	 1.000000	 31.313999
-75	 0.000000	 1.000000	 1.000000	 31.329405
-78	 0.000000	 1.000000	 1.000000	 31.344507
-78	 0.000000	 1.000000	 1.000000	 31.359003
-78	 0.000000	 1.000000	 1.000000	 31.373285
-78	 0.000000	 1.000000	 1.000000	 31.387974
-78	 0.000000	 1.000000	 1.000000	 31.403820
-78	 0.000000	 1.000000	 1.000000	 31.418114
-78	 0.000000	 1.000000	 1.000000	 31.433821
-78	 0.000000	 1.000000	 1.000000	 31.449327
-76	 0.000000	 1.000000	 1.000000	 31.464069
-75	 0.000000	 1.000000	 1.000000	 31.479248
-76	 0.000000	 1.000000	 1.000000	 31.494780
-76	 0.000000	 1.000000	 1.000000	 31.510588
-77	 0.000000	 1.000000	 1.000000	 31.525715
-77	 0.000000	 1.000000	 1.000000	 31.540457
-77	 0.000000	 1.000000	 1.000000	 31.555733
-76	 0.000000	 1.000000	 1.000000	 31.570646
-75	 0.000000	 1.000000	 1.000000	 31.585981
-75	 0.000000	 1.000000	 1.000000	 31.601637
-76	 0.000000	 1.000000	 1.000000	 31.616404
-75	 0.000000	 1.000000	 1.000000	 31.634651
-75	 0.000000	 1.000000	 1.000000	 31.649359
-74	 0.000000	 1.000000	 1.000000	 31.663935
-74	 0.000000	 1.000000	 1.000000	 31.679173
-75	 0.000000	 1.000000	 1.000000	 31.694016
-76	 0.000000	 1.000000	 1.000000	 31.708263
-76	 0.000000	 1.000000	 1.000000	 31.724037
-77	 0.000000	 1.000000	 1.000000	 31.738853
-76	 0.000000	 1.000000	 1.000000	 31.753998
-77	 0.000000	 1.000000	 1.000000	 31.771339
-77	 0.000000	 1.000000	 1.000000	 31.786188
-78	 0.000000	 1.000000	 1.000000	 31.801697
-80	 0.000000	 1.000000	 1.000000	 31.818474
-78	 0.000000	 1.000000	 1.000000	 31.832952
-76	 0.000000	 1.000000	 1.000000	 31.848558
-76	 0.000000	 1.000000	 1.000000	 31.864183
-76	 0.000000	 1.000000	 1.000000	 31.878857
-76	 0.000000	 1.000000	 1.000000	 31.895887
-79	 0.000000	 1.000000	 1.000000	 31.913855
-75	 0.000000	 1.000000	 1.000000	 31.929869
-76	 0.000000	 1.000000	 1.000000	 31.945499
-78	 0.000000	 1.000000	 1.000000	 31.961922
-77	 0.000000	 1.000000	 1.000000	 31.979713
-77	 0.000000	 1.000000	 1.000000	 31.993572
-78	 0.000000	 1.000000	 1.000000	 32.008469
-78	 0.000000	 1.000000	 1.000000	 32.026119
-78	 0.000000	 1.000000	 1.000000	 32.042660
-78	 0.000000	 1.000000	 1.000000	 32.058029
-76	 0.000000	 1.000000	 1.000000	 32.076031
-78	 0.000000	 1.000000	 1.000000	 32.092766
-78	 0.000000	 1.000000	 1.000000	 32.108326
-79	 0.000000	 1.000000	 1.000000	 32.125671
-77	 0.000000	 1.000000	 1.000000	 32.140827
-77	 0.000000	 1.000000	 1.000000	 32.156109
-77	 0.000000	 1.000000	 1.000000	 32.170944
-81	 0.000000	 1.000000	 1.000000	 32.186302
-75	 0.000000	 1.000000	 1.000000	 32.201675
-75	 0.000000	 1.000000	 1.000000	 32.216820
-76	 0.000000	 1.000000	 1.000000	 32.231903
-79	 0.000000	 1.000000	 1.000000	 32.248009
-78	 0.000000	 1.000000	 1.000000	 32.261841
-78	 0.000000	 1.000000	 1.000000	 32.277607
-78	 0.000000	 1.000000	 1.000000	 32.292839
-77	 0.000000	 1.000000	 1.000000	 32.307461
-76	 0.000000	 1.000000	 1.000000	 32.325020
-77	 0.000000	 1.000000	 1.000000	 32.340187
-78	 0.000000	 1.000000	 1.000000	 32.355392
-77	 0.000000	 1.000000	 1.000000	 32.368851
-77	 0.000000	 1.000000	 1.000000	 32.385033
-78	 0.000000	 1.000000	 1.000000	 32.407951
-79	 0.000000	 1.000000	 1.000000	 32.427513
-79	 0.000000	 1.000000	 1.000000	 32.443100
-80	 0.000000	 1.000000	 1.000000	 32.458729
-81	 0.000000	 1.000000	 1.000000	 32.476128
-83	 0.000000	 1.000000	 1.000000	 32.492043
-81	 0.000000	 1.000000	 1.000000	 32.507820
-79	 0.000000	 1.000000	 1.000000	 32.525848
-78	 0.000000	 1.000000	 1.000000	 32.539619
-79	 0.000000	 1.000000	 1.000000	 32.555347
-80	 0.000000	 1.000000	 1.000000	 32.570362
-81	 0.000000	 1.000000	 1.000000	 32.587463
-83	 0.000000	 1.000000	 1.000000	 32.602982
-82	 0.000000	 1.000000	 1.000000	 32.618614
-82	 0.000000	 1.000000	 1.000000	 32.633938
-80	 0.000000	 1.000000	 1.000000	 32.655346
-82	 0.000000	 1.000000	 1.000000	 32.670219
-82	 0.000000	 1.000000	 1.000000	 32.685627
-82	 0.000000	 1.000000	 1.000000	 32.700214
-79	 0.000000	 1.000000	 1.000000	 32.716930
-80	 0.000000	 1.000000	 1.000000	 32.734028
-80	 0.000000	 1.000000	 1.000000	 32.748959
-79	 0.000000	 1.000000	 1.000000	 32.763470
-80	 0.000000	 1.000000	 1.000000	 32.780567
-78	 0.000000	 1.000000	 1.000000	 32.796211
-78	 0.000000	 1.000000	 1.000000	 32.811386
-79	 0.000000	 1.000000	 1.000000	 32.826572
-78	 0.000000	 1.000000	 1.000000	 32.841377
-76	 0.000000	 1.000000	 1.000000	 32.857563
-79	 0.000000	 1.000000	 1.000000	 32.873093
-79	 0.000000	 1.000000	 1.000000	 32.887589
-80	 0.000000	 1.000000	 1.000000	 32.903439
-79	 0.000000	 1.000000	 1.000000	 32.918465
-81	 0.000000	 1.000000	 1.000000	 32.933578
-80	 0.000000	 1.000000	 1.000000	 32.949223
-79	 0.000000	 1.000000	 1.000000	 32.964649
-78	 0.000000	 1.000000	 1.000000	 32.979908
-78	 0.000000	 1.000000	 1.000000	 32.994728
-78	 0.000000	 1.000000	 1.000000	 33.009766
-78	 0.000000	 1.000000	 1.000000	 33.024769
-78	 0.000000	 1.000000	 1.000000	 33.039860
-78	 0.000000	 1.000000	 1.000000	 33.054790
-79	 0.000000	 1.000000	 1.000000	 33.071751
-81	 0.000000	 1.000000	 1.000000	 33.087086
-80	 0.000000	 1.000000	 1.000000	 33.102039
-80	 0.000000	 1.000000	 1.000000	 33.116989
-81	 0.000000	 1.000000	 1.000000	 33.132877
-81	 0.000000	 1.000000	 1.000000	 33.147396
-81	 0.000000	 1.000000	 1.000000	 33.162498
-80	 0.000000	 1.000000	 1.000000	 33.178509
-81	 0.000000	 1.000000	 1.000000	 33.193645
-81	 0.000000	 1.000000	 1.000000	 33.209450
-81	 0.000000	 1.000000	 1.000000	 33.225422
-81	 0.000000	 1.000000	 1.000000	 33.239643
-79	 0.000000	 1.000000	 1.000000	 33.254959
-80	 0.000000	 1.000000	 1.000000	 33.270462
-79	 0.000000	 1.000000	 1.000000	 33.285564
-79	 0.000000	 1.000000	 1.000000	 33.301376
-80	 0.000000	 1.000000	 1.000000	 33.317829
-80	 0.000000	 1.000000	 1.000000	 33.332916
-81	 0.000000	 1.000000	 1.000000	 33.351608
-80	 0.000000	 1.000000	 1.000000	 33.368923
-80	 0.000000	 1.000000	 1.000000	 33.384930
-80	 0.000000	 1.000000	 1.000000	 33.399502
-79	 0.000000	 1.000000	 1.000000	 33.414612
-78	 0.000000	 1.000000	 1.000000	 33.429634
-79	 0.000000	 1.000000	 1.000000	 33.445221
-79	 0.000000	 1.000000	 1.000000	 33.459942
-82	 0.000000	 1.000000	 1.000000	 33.475143
-77	 0.000000	 1.000000	 1.000000	 33.497581
-80	 0.000000	 1.000000	 1.000000	 33.513596
-80	 0.000000	 1.000000	 1.000000	 33.528248
-81	 0.000000	 1.000000	 1.000000	 33.546104
-80	 0.000000	 1.000000	 1.000000	 33.561272
-79	 0.000000	 1.000000	 1.000000	 33.577778
-78	 0.000000	 1.000000	 1.000000	 33.592472
-79	 0.000000	 1.000000	 1.000000	 33.607502
-79	 0.000000	 1.000000	 1.000000	 33.622910
-79	 0.000000	 1.000000	 1.000000	 33.637550
-79	 0.000000	 1.000000	 1.000000	 33.652412
-80	 0.000000	 1.000000	 1.000000	 33.667629
-80	 0.000000	 1.000000	 1.000000	 33.685329
-80	 0.000000	 1.000000	 1.000000	 33.702244
-80	 0.000000	 1.000000	 1.000000	 33.717339
-80	 0.000000	 1.000000	 1.000000	 33.733479
-81	 0.000000	 1.000000	 1.000000	 33.748074
-80	 0.000000	 1.000000	 1.000000	 33.763718
-81	 0.000000	 1.000000	 1.000000	 33.778469
-81	 0.000000	 1.000000	 1.000000	 33.799599
-81	 0.000000	 1.000000	 1.000000	 33.816792
-80	 0.000000	 1.000000	 1.000000	 33.835732
-80	 0.000000	 1.000000	 1.000000	 33.855305
-79	 0.000000	 1.000000	 1.000000	 33.875816
-79	 0.000000	 1.000000	 1.000000	 33.891659
-79	 0.000000	 1.000000	 1.000000	 33.907051
-83	 0.000000	 1.000000	 1.000000	 33.922424
-83	 0.000000	 1.000000	 1.000000	 33.939816
-83	 0.000000	 1.000000	 1.000000	 33.957958
-82	 0.000000	 1.000000	 1.000000	 33.976078
-84	 0.000000	 1.000000	 1.000000	 33.999825
-81	 0.000000	 1.000000	 1.000000	 34.020302
-84	 0.000000	 1.000000	 1.000000	 34.038666
-81	 0.000000	 1.000000	 1.000000	 34.053677
-82	 0.000000	 1.000000	 1.000000	 34.069733
-80	 0.000000	 1.000000	 1.000000	 34.084011
-78	 0.000000	 1.000000	 1.000000	 34.099442
-77	 0.000000	 1.000000	 1.000000	 34.115414
-80	 0.000000	 1.000000	 1.000000	 34.130665
-79	 0.000000	 1.000000	 1.000000	 34.146694
-79	 0.000000	 1.000000	 1.000000	 34.162109
-79	 0.000000	 1.000000	 1.000000	 34.176422
-78	 0.000000	 1.000000	 1.000000	 34.194221
-80	 0.000000	 1.000000	 1.000000	 34.209507
-80	 0.000000	 1.000000	 1.000000	 34.224060
-83	 0.000000	 1.000000	 1.000000	 34.242588
-84	 0.000000	 1.000000	 1.000000	 34.257580
-83	 0.000000	 1.000000	 1.000000	 34.273006
-82	 0.000000	 1.000000	 1.000000	 34.290115
-82	 0.000000	 1.000000	 1.000000	 34.308689
-82	 0.000000	 1.000000	 1.000000	 34.325916
-81	 0.000000	 1.000000	 1.000000	 34.341141
-82	 0.000000	 1.000000	 1.000000	 34.356209
-81	 0.000000	 1.000000	 1.000000	 34.372608
-81	 0.000000	 1.000000	 1.000000	 34.390560
-83	 0.000000	 1.000000	 1.000000	 34.410301
-82	 0.000000	 1.000000	 1.000000	 34.427784
-81	 0.000000	 1.000000	 1.000000	 34.443031
-80	 0.000000	 1.000000	 1.000000	 34.460697
-79	 0.000000	 1.000000	 1.000000	 34.476318
-80	 0.000000	 1.000000	 1.000000	 34.491314
-80	 0.000000	 1.000000	 1.000000	 34.509453
-80	 0.000000	 1.000000	 1.000000	 34.524654
-82	 0.000000	 1.000000	 1.000000	 34.540730
-80	 0.000000	 1.000000	 1.000000	 34.555862
-79	 0.000000	 1.000000	 1.000000	 34.571075
-80	 0.000000	 1.000000	 1.000000	 34.586037
-80	 0.000000	 1.000000	 1.000000	 34.610401
-81	 0.000000	 1.000000	 1.000000	 34.625931
-83	 0.000000	 1.000000	 1.000000	 34.640781
-83	 0.000000	 1.000000	 1.000000	 34.656490
-83	 0.000000	 1.000000	 1.000000	 34.671768
-83	 0.000000	 1.000000	 1.000000	 34.686646
-82	 0.000000	 1.000000	 1.000000	 34.703144
-83	 0.000000	 1.000000	 1.000000	 34.717781
-81	 0.000000	 1.000000	 1.000000	 34.733067
-81	 0.000000	 1.000000	 1.000000	 34.748482
-81	 0.000000	 1.000000	 1.000000	 34.763439
-82	 0.000000	 1.000000	 1.000000	 34.778179
-81	 0.000000	 1.000000	 1.000000	 34.793034
-82	 0.000000	 1.000000	 1.000000	 34.809238
-82	 0.000000	 1.000000	 1.000000	 34.823505
-83	 0.000000	 1.000000	 1.000000	 34.839119
-82	 0.000000	 1.000000	 1.000000	 34.858833
-82	 0.000000	 1.000000	 1.000000	 34.881329
-82	 0.000000	 1.000000	 1.000000	 34.898838
-80	 0.000000	 1.000000	 1.000000	 34.921276
-79	 0.000000	 1.000000	 1.000000	 34.935638
-79	 0.000000	 1.000000	 1.000000	 34.951271
-80	 0.000000	 1.000000	 1.000000	 34.966652
-80	 0.000000	 1.000000	 1.000000	 34.982231
-80	 0.000000	 1.000000	 1.000000	 34.997093
-84	 0.000000	 1.000000	 1.000000	 35.012398
-84	 0.000000	 1.000000	 1.000000	 35.032963
-84	 0.000000	 1.000000	 1.000000	 35.050323
-82	 0.000000	 1.000000	 1.000000	 35.068512
-82	 0.000000	 1.000000	 1.000000	 35.086269
-83	 0.000000	 1.000000	 1.000000	 35.101646
-83	 0.000000	 1.000000	 1.000000	 35.118202
-83	 0.000000	 1.000000	 1.000000	 35.134403
-82	 0.000000	 1.000000	 1.000000	 35.149651
-83	 0.000000	 1.000000	 1.000000	 35.168159
-81	 0.000000	 1.000000	 1.000000	 35.188400
-81	 0.000000	 1.000000	 1.000000	 35.206009
-82	 0.000000	 1.000000	 1.000000	 35.224209
-82	 0.000000	 1.000000	 1.000000	 35.239990
-84	 0.000000	 1.000000	 1.000000	 35.258121
-84	 0.000000	 1.000000	 1.000000	 35.274006
-84	 0.000000	 1.000000	 1.000000	 35.297428
-82	 0.000000	 1.000000	 1.000000	 35.321648
-82	 0.000000	 1.000000	 1.000000	 35.338299
-82	 0.000000	 1.000000	 1.000000	 35.360489
-81	 0.000000	 1.000000	 1.000000	 35.378654
-80	 0.000000	 1.000000	 1.000000	 35.396461
-79	 0.000000	 1.000000	 1.000000	 35.420731
-79	 0.000000	 1.000000	 1.000000	 35.435204
-79	 0.000000	 1.000000	 1.000000	 35.450470
-80	 0.000000	 1.000000	 1.000000	 35.466503
-83	 0.000000	 1.000000	 1.000000	 35.481464
-82	 0.000000	 1.000000	 1.000000	 35.502140
-80	 0.000000	 1.000000	 1.000000	 35.523071
-82	 0.000000	 1.000000	 1.000000	 35.549828
-83	 0.000000	 1.000000	 1.000000	 35.565540
-81	 0.000000	 1.000000	 1.000000	 35.583668
-80	 0.000000	 1.000000	 1.000000	 35.599361
-80	 0.000000	 1.000000	 1.000000	 35.614613
-83	 0.000000	 1.000000	 1.000000	 35.630116
-83	 0.000000	 1.000000	 -nan	 35.645584
-82	 0.000000	 1.000000	 1.000000	 35.663334
-82	 0.000000	 1.000000	 1.000000	 35.683170
-82	 0.000000	 1.000000	 1.000000	 35.701637
-80	 0.000000	 1.000000	 1.000000	 35.718452
-80	 0.000000	 1.000000	 1.000000	 35.737595
-80	 0.000000	 1.000000	 1.000000	 35.755203
-78	 0.000000	 1.000000	 1.000000	 35.773563
-79	 0.000000	 1.000000	 1.000000	 35.790134
-79	 0.000000	 1.000000	 1.000000	 35.806431
-82	 0.000000	 1.000000	 1.000000	 35.821922
-82	 0.000000	 1.000000	 1.000000	 35.841068
-82	 0.000000	 1.000000	 1.000000	 35.858753
-84	 0.000000	 1.000000	 1.000000	 35.873749
-84	 0.000000	 1.000000	 1.000000	 35.891273
-82	 0.000000	 1.000000	 1.000000	 35.912521
-83	 0.000000	 1.000000	 1.000000	 35.928802
-84	 0.000000	 1.000000	 1.000000	 35.946480
-84	 0.000000	 1.000000	 1.000000	 35.965260
-82	 0.000000	 1.000000	 1.000000	 35.984795
-80	 0.000000	 1.000000	 1.000000	 36.002655
-80	 0.000000	 1.000000	 1.000000	 36.017376
-82	 0.000000	 1.000000	 1.000000	 36.035706
-83	 0.000000	 1.000000	 1.000000	 36.054020
-79	 0.000000	 1.000000	 1.000000	 36.076420
-78	 0.000000	 1.000000	 1.000000	 36.091606
-81	 0.000000	 1.000000	 1.000000	 36.107994
-83	 0.000000	 1.000000	 1.000000	 36.123043
-83	 0.000000	 1.000000	 1.000000	 36.139301
-83	 0.000000	 1.000000	 1.000000	 36.156605
-84	 0.000000	 1.000000	 1.000000	 36.171291
-82	 0.000000	 1.000000	 1.000000	 36.188622
-81	 0.000000	 1.000000	 1.000000	 36.204762
-81	 0.000000	 1.000000	 1.000000	 36.220940
-80	 0.000000	 1.000000	 1.000000	 36.235649
-80	 0.000000	 1.000000	 1.000000	 36.250900
-80	 0.000000	 1.000000	 1.000000	 36.268562
-80	 0.000000	 1.000000	 1.000000	 36.284367
-82	 0.000000	 1.000000	 1.000000	 36.299038
-82	 0.000000	 1.000000	 1.000000	 36.314610
-83	 0.000000	 1.000000	 1.000000	 37.929962
-84	 0.000000	 1.000000	 1.000000	 38.199795
-84	 0.000000	 1.000000	 -nan	 38.220921
-84	 0.000000	 1.000000	 -nan	 38.242294
-84	 0.000000	 1.000000	 -nan	 38.304543
-83	 0.000000	 1.000000	 1.000000	 38.326324
-82	 0.000000	 1.000000	 1.000000	 38.353439
-84	 0.000000	 1.000000	 1.000000	 38.406254
-84	 0.000000	 1.000000	 -nan	 38.436424
-82	 0.000000	 1.000000	 1.000000	 38.744778
-82	 0.000000	 1.000000	 -nan	 38.772659
-81	 0.142857	 1.000000	 1.000000	 38.812943
-83	 0.000000	 1.000000	 1.000000	 38.837509
-83	 0.000000	 1.000000	 1.000000	 38.859787
-83	 0.000000	 1.000000	 1.000000	 38.913437
