HT40/LGI	 T	 MCS12	 57.8	97.1	 98.2	 167(170)	| 0.985714	 1.000000	 1.000000 |	-43	 3.997773
HT40/LGI	 T	 MCS12	 58.4	98.1	 98.7	 159(161)	| 0.988806	 1.000000	 1.000000 |	-42	 4.260954
HT40/LGI	 T	 MCS12	 57.8	97.1	 100.0	 164(164)	| 0.985810	 1.000000	 1.000000 |	-49	 6.484258
HT40/LGI	 T	 MCS12	 58.4	98.2	 97.4	 154(158)	| 0.981250	 1.000000	 1.000000 |	-53	 7.961960
HT40/LGI	 T	 MCS12	 58.1	97.7	 97.4	 154(158)	| 0.972851	 1.000000	 1.000000 |	-52	 8.325389
HT40/LGI	 T	 MCS12	 58.2	97.8	 96.8	 156(161)	| 0.964286	 1.000000	 1.000000 |	-53	 8.636881
HT40/LGI	 T	 MCS12	 58.5	98.3	 98.7	 158(160)	| 0.981132	 1.000000	 1.000000 |	-52	 9.417856
HT40/LGI	 T	 MCS12	 57.6	96.7	 94.2	 147(156)	| 0.958333	 1.000000	 1.000000 |	-57	 10.145389
HT40/LGI	 MCS12	 0.0	 5.9	0.0	 0(	 22)	| 0.332640	 1.000000	 1.000000 |	-74	 12.445655
HT40/LGI	 MCS12	 0.0	 0.1	0.0	 0(	 20)	| 0.000000	 1.000000	 1.000000 |	-75	 13.041359
HT40/LGI	 MCS12	 0.0	 0.0	0.0	 0(	 21)	| 0.000000	 1.000000	 1.000000 |	-73	 13.559692
HT40/LGI	 MCS12	 0.0	 0.0	0.0	 0(	 20)	| 0.000000	 1.000000	 1.000000 |	-77	 13.870355
HT40/LGI	 MCS12	 0.0	 0.0	0.0	 0(	 20)	| 0.000000	 1.000000	 1.000000 |	-75	 14.234705
HT40/LGI	 MCS12	 0.0	 0.0	0.0	 0(	 21)	| 0.000000	 1.000000	 1.000000 |	-77	 14.339979
HT40/LGI	 MCS12	 0.0	 0.0	0.0	 0(	 21)	| 0.000000	 1.000000	 1.000000 |	-72	 15.015466
HT40/LGI	 MCS12	 0.0	 0.0	0.0	 0(	 20)	| 0.000000	 1.000000	 1.000000 |	-76	 15.273610
HT40/LGI	 MCS12	 0.0	 0.0	0.0	 0(	 21)	| 0.000000	 1.000000	 1.000000 |	-79	 15.533960
HT40/LGI	 MCS12	 0.0	 0.0	0.0	 0(	 19)	| 0.000000	 1.000000	 1.000000 |	-80	 15.741751
HT40/LGI	 MCS12	 0.0	 0.0	0.0	 0(	 19)	| 0.000000	 1.000000	 1.000000 |	-76	 15.899003
HT40/LGI	 MCS12	 0.0	 0.0	0.0	 0(	 21)	| 0.000000	 1.000000	 1.000000 |	-78	 16.159266
HT40/LGI	 MCS12	 0.0	 0.0	0.0	 0(	 20)	| 0.000000	 1.000000	 1.000000 |	-78	 16.313831
HT40/LGI	 MCS12	 0.0	 0.0	0.0	 0(	 19)	| 0.000000	 1.000000	 1.000000 |	-77	 16.470800
HT40/LGI	 MCS12	 0.0	 0.0	0.0	 0(	 21)	| 0.000000	 1.000000	 1.000000 |	-77	 16.626963
HT40/LGI	 MCS12	 0.0	 0.0	0.0	 0(	 20)	| 0.000000	 1.000000	 1.000000 |	-78	 16.730963
HT40/LGI	 T	 MCS12	 15.3	25.7	 83.5	 61(	| 0.197452	 1.000000	 1.000000 |	-64	 18.775557
HT40/LGI	 T	 MCS12	 24.4	41.0	 86.8	 112(129)	| 0.681818	 1.000000	 1.000000 |	-64	 18.809845
HT40/LGI	 T	 MCS12	 56.2	94.5	 98.0	 154(157)	| 0.982955	 1.000000	 1.000000 |	-51	 23.296892
HT40/LGI	 T	 MCS12	 52.1	87.6	 96.1	 148(154)	| 0.978873	 1.000000	 1.000000 |	-50	 23.797367
HT40/LGI	 T	 MCS12	 22.4	37.7	 0.0	 0(	| 0.000000	 1.000000	 -nan |	-68	 25.714237
HT40/LGI	 MCS12	 0.0	 8.6	0.0	 0(	 19)	| 0.000000	 1.000000	 1.000000 |	-66	 26.197712
HT40/LGI	 MCS12	 0.0	 6.3	0.0	 0(	 49)	| 0.000000	 1.000000	 1.000000 |	-74	 27.437050
HT40/LGI	 MCS12	 0.0	 4.7	0.0	 0(	 42)	| 0.000000	 1.000000	 1.000000 |	-73	 27.488941
HT40/LGI	 MCS12	 0.0	 2.6	0.0	 0(	 49)	| 0.000000	 1.000000	 -nan |	-76	 27.593491
HT40/LGI	 MCS12	 0.0	 1.9	0.0	 0(	 42)	| 0.000000	 1.000000	 -nan |	-72	 27.643702
HT40/LGI	 MCS12	 0.0	 1.4	0.0	 0(	 42)	| 0.000000	 1.000000	 -nan |	-73	 27.696255
HT40/LGI	 MCS12	 0.0	 1.1	0.0	 0(	 42)	| 0.000000	 1.000000	 -nan |	-75	 27.747355
HT40/LGI	 MCS12	 0.0	 0.6	0.0	 0(	 42)	| 0.000000	 1.000000	 -nan |	-73	 27.853571
HT40/LGI	 MCS12	 0.0	 0.4	0.0	 0(	 42)	| 0.000000	 1.000000	 -nan |	-72	 27.906841
HT40/LGI	 MCS12	 0.0	 0.0	0.0	 0(	 21)	| 0.000000	 1.000000	 1.000000 |	-70	 28.762411
HT40/LGI	 MCS12	 0.0	 0.0	0.0	 0(	 21)	| 0.000000	 1.000000	 1.000000 |	-72	 29.024336
HT40/LGI	 MCS12	 0.0	 0.0	0.0	 0(	 21)	| 0.000000	 1.000000	 1.000000 |	-73	 29.334883
HT40/LGI	 MCS12	 0.0	 0.0	0.0	 0(	 21)	| 0.000000	 1.000000	 1.000000 |	-75	 30.074036
HT40/LGI	 MCS12	 0.0	 0.0	0.0	 0(	 21)	| 0.000000	 1.000000	 1.000000 |	-76	 31.570646
HT40/LGI	 MCS12	 0.0	 0.0	0.0	 0(	 20)	| 0.000000	 1.000000	 1.000000 |	-78	 32.407951
HT40/LGI	 MCS12	 0.0	 0.0	0.0	 0(	 20)	| 0.000000	 1.000000	 1.000000 |	-79	 33.285564
HT40/LGI	 MCS12	 0.0	 0.0	0.0	 0(	 19)	| 0.000000	 1.000000	 1.000000 |	-81	 33.546104
HT40/LGI	 MCS12	 0.0	 0.0	0.0	 0(	 19)	| 0.000000	 1.000000	 1.000000 |	-80	 33.702244
HT40/LGI	 MCS12	 0.0	 0.0	0.0	 0(	 20)	| 0.000000	 1.000000	 1.000000 |	-80	 34.224060
HT40/LGI	 MCS12	 0.0	 0.0	0.0	 0(	 17)	| 0.000000	 1.000000	 1.000000 |	-82	 34.325916
HT40/LGI	 MCS12	 0.0	 0.0	0.0	 0(	 20)	| 0.000000	 1.000000	 1.000000 |	-80	 34.586037
HT40/LGI	 MCS12	 0.0	 0.0	0.0	 0(	 15)	| 0.000000	 1.000000	 1.000000 |	-82	 34.898838
HT40/LGI	 MCS12	 0.0	 0.0	0.0	 0(	 18)	| 0.000000	 1.000000	 1.000000 |	-79	 34.951271
HT40/LGI	 MCS12	 0.0	 0.0	0.0	 0(	 20)	| 0.000000	 1.000000	 1.000000 |	-80	 36.250900
HT40/LGI	 MCS12	 0.0	 0.0	0.0	 0(	 14)	| 0.000000	 1.000000	 1.000000 |	-82	 36.314610
HT40/LGI	 T	 MCS12	 58.0	97.5	 100.0	 41(	| 0.844444	 1.000000	 1.000000 |	-55	 8.594138
HT40/LGI	 T	 MCS12	 58.1	97.6	 98.1	 52(	| 0.000000	 1.000000	 1.000000 |	-54	 8.644353
HT40/LGI	 T	 MCS12	 57.8	97.1	 95.5	 64(	| 0.000000	 1.000000	 1.000000 |	-60	 8.696718
HT40/LGI	 T	 MCS12	 56.4	94.8	 92.4	 74(	| 0.000000	 1.000000	 1.000000 |	-56	 9.164916
HT40/LGI	 T	 MCS12	 56.8	95.5	 97.5	 80(	| 0.000000	 1.000000	 1.000000 |	-57	 9.217188
HT40/LGI	 T	 MCS12	 55.8	93.8	 98.8	 84(	| 0.142857	 1.000000	 1.000000 |	-54	 9.372846
HT40/LGI	 T	 MCS12	 55.2	92.8	 83.5	 61(	| 0.000000	 1.000000	 1.000000 |	-61	 10.005046
HT40/LGI	 T	 MCS12	 56.7	95.3	 100.0	 78(	| 0.000000	 1.000000	 1.000000 |	-61	 10.107603
HT40/LGI	 T	 MCS12	 42.3	71.1	 100.0	 72(	| 0.000000	 1.000000	 1.000000 |	-64	 10.472589
