HT40/LGI	 T	 MCS8	 20.9	97.0	 97.1	 67(	| 0.969849	 1.000000	 1.000000 |	-39	 4.030422
HT40/LGI	 T	 MCS8	 20.9	97.0	 95.5	 65(	| 0.979798	 1.000000	 1.000000 |	-43	 4.855263
HT40/LGI	 T	 MCS8	 20.4	94.9	 94.2	 66(	| 0.961538	 1.000000	 1.000000 |	-35	 6.727526
HT40/LGI	 T	 MCS8	 20.9	97.2	 97.1	 67(	| 0.979310	 1.000000	 1.000000 |	-50	 8.078596
HT40/LGI	 T	 MCS8	 20.9	97.2	 95.6	 66(	| 0.964497	 1.000000	 1.000000 |	-56	 9.534899
HT40/LGI	 T	 MCS8	 20.8	96.6	 94.2	 65(	| 0.966102	 1.000000	 1.000000 |	-77	 12.601097
HT40/LGI	 T	 MCS8	 20.3	94.3	 88.4	 61(	| 0.950413	 1.000000	 1.000000 |	-75	 12.698558
HT40/LGI	 T	 MCS8	 20.7	96.2	 94.1	 64(	| 0.944954	 1.000000	 1.000000 |	-70	 13.329461
HT40/LGI	 T	 MCS8	 20.6	95.8	 92.7	 64(	| 0.955224	 1.000000	 1.000000 |	-69	 13.435492
HT40/LGI	 T	 MCS8	 20.5	95.5	 95.5	 64(	| 0.965714	 1.000000	 1.000000 |	-78	 14.998109
HT40/LGI	 T	 MCS8	 20.9	97.4	 97.1	 67(	| 0.975000	 1.000000	 1.000000 |	-71	 17.595613
HT40/LGI	 T	 MCS8	 20.8	96.9	 95.7	 67(	| 0.960526	 1.000000	 1.000000 |	-67	 18.421572
HT40/LGI	 T	 MCS8	 20.8	96.8	 95.5	 65(	| 0.973214	 1.000000	 1.000000 |	-71	 19.098644
HT40/LGI	 T	 MCS8	 20.4	94.8	 97.0	 66(	| 0.964912	 1.000000	 1.000000 |	-56	 21.431995
HT40/LGI	 T	 MCS8	 20.8	96.6	 97.2	 70(	| 0.973913	 1.000000	 1.000000 |	-49	 23.679028
HT40/LGI	 T	 MCS8	 20.8	96.5	 97.1	 67(	| 0.962963	 1.000000	 1.000000 |	-72	 25.498535
HT40/LGI	 T	 MCS8	 21.2	98.5	 98.4	 64(	| 0.985849	 1.000000	 1.000000 |	-71	 26.334381
HT40/LGI	 T	 MCS8	 21.0	97.7	 97.0	 66(	| 0.980392	 1.000000	 1.000000 |	-66	 26.798412
HT40/LGI	 T	 MCS8	 21.0	97.4	 98.5	 66(	| 0.974684	 1.000000	 1.000000 |	-68	 27.063435
HT40/LGI	 T	 MCS8	 20.9	97.3	 95.5	 65(	| 0.978947	 1.000000	 1.000000 |	-75	 28.980413
HT40/LGI	 T	 MCS8	 17.0	79.0	 74.5	 44(	| 0.875000	 1.000000	 1.000000 |	-74	 30.807878
HT40/LGI	 T	 MCS8	 15.7	73.0	 44.2	 23(	| 0.619048	 1.000000	 1.000000 |	-76	 30.910704
HT40/LGI	 MCS8	 5.5	 25.9	0.0	 0(	 42)	| 0.000000	 1.000000	 1.000000 |	-78	 31.782547
HT40/LGI	 T	 MCS8	 10.0	46.7	 96.9	 64(	| 0.927273	 1.000000	 1.000000 |	-77	 32.100460
HT40/LGI	 MCS8	 0.0	 6.8	0.0	 0(	 21)	| 0.000000	 1.000000	 1.000000 |	-80	 32.845989
HT40/LGI	 MCS8	 0.0	 5.1	0.0	 0(	 18)	| 0.000000	 1.000000	 1.000000 |	-79	 32.896877
HT40/LGI	 MCS8	 0.0	 2.8	0.0	 0(	 17)	| 0.000000	 1.000000	 1.000000 |	-81	 33.004799
HT40/LGI	 MCS8	 0.0	 2.1	0.0	 0(	 12)	| 0.000000	 1.000000	 1.000000 |	-79	 33.056679
HT40/LGI	 MCS8	 0.0	 1.6	0.0	 0(	 17)	| 0.000000	 1.000000	 1.000000 |	-77	 33.110188
HT40/LGI	 MCS8	 0.0	 0.9	0.0	 0(	 17)	| 0.000000	 1.000000	 1.000000 |	-82	 33.207157
HT40/LGI	 MCS8	 0.0	 0.5	0.0	 0(	 18)	| 0.000000	 1.000000	 1.000000 |	-82	 33.317924
HT40/LGI	 MCS8	 0.0	 0.2	0.0	 0(	 17)	| 0.000000	 1.000000	 1.000000 |	-81	 33.417587
HT40/LGI	 MCS8	 0.0	 0.0	0.0	 0(	 18)	| 0.000000	 1.000000	 1.000000 |	-81	 33.776043
HT40/LGI	 MCS8	 0.0	 0.0	0.0	 0(	 12)	| 0.000000	 1.000000	 1.000000 |	-81	 34.054123
HT40/LGI	 MCS8	 0.0	 0.0	0.0	 0(	 17)	| 0.000000	 1.000000	 -nan |	-83	 34.242447
HT40/LGI	 MCS8	 0.0	 0.0	0.0	 0(	 16)	| 0.000000	 1.000000	 1.000000 |	-80	 34.355366
HT40/LGI	 MCS8	 0.0	 0.0	0.0	 0(	 17)	| 0.000000	 1.000000	 1.000000 |	-74	 34.452686
HT40/LGI	 MCS8	 0.0	 0.0	0.0	 0(	 18)	| 0.000000	 1.000000	 1.000000 |	-79	 34.655087
HT40/LGI	 MCS8	 0.0	 0.0	0.0	 0(	 15)	| 0.000000	 1.000000	 1.000000 |	-80	 34.917973
HT40/LGI	 MCS8	 0.0	 0.0	0.0	 0(	 17)	| 0.000000	 1.000000	 1.000000 |	-79	 35.386280
HT40/LGI	 MCS8	 0.0	 0.0	0.0	 0(	 17)	| 0.000000	 1.000000	 1.000000 |	-79	 35.438618
HT40/LGI	 MCS8	 0.0	 0.0	0.0	 0(	 18)	| 0.000000	 1.000000	 1.000000 |	-78	 35.491943
HT40/LGI	 MCS8	 0.0	 0.0	0.0	 0(	 18)	| 0.000000	 1.000000	 1.000000 |	-80	 35.596046
HT40/LGI	 MCS8	 0.0	 0.0	0.0	 0(	 17)	| 0.000000	 1.000000	 1.000000 |	-81	 35.653740
HT40/LGI	 MCS8	 0.0	 0.0	0.0	 0(	 16)	| 0.000000	 1.000000	 1.000000 |	-79	 35.856030
HT40/LGI	 MCS8	 0.0	 0.0	0.0	 0(	 16)	| 0.000000	 1.000000	 1.000000 |	-79	 35.966583
HT40/LGI	 MCS8	 0.0	 0.0	0.0	 0(	 15)	| 0.000000	 1.000000	 1.000000 |	-81	 36.560997
HT40/LGI	 T	 MCS8	 14.6	68.2	 63.8	 30(	| 0.000000	 1.000000	 1.000000 |	-78	 31.340342
HT40/LGI	 T	 MCS8	 10.9	50.6	 52.4	 21(	| 0.000000	 1.000000	 1.000000 |	-77	 31.609997
HT40/LGI	 T	 MCS8	 12.0	55.8	 59.4	 22(	| 0.000000	 1.000000	 1.000000 |	-77	 31.770201
HT40/LGI	 T	 MCS8	 10.0	46.8	 66.6	 24(	| 0.000000	 1.000000	 1.000000 |	-79	 32.041622
HT40/LGI	 MCS8	 0.0	 7.0	0.0	 0(	 35)	| 0.000000	 1.000000	 1.000000 |	-80	 32.474155
