HT40/LGI	 T	 MCS9	 33.8	97.4	 98.0	 103(105)	| 0.973568	 1.000000	 1.000000 |	-28	 0.113055
HT40/LGI	 T	 MCS9	 33.9	97.8	 98.0	 101(103)	| 0.979866	 1.000000	 1.000000 |	-32	 1.153371
HT40/LGI	 T	 MCS9	 33.2	95.7	 91.5	 97(106)	| 0.872340	 1.000000	 1.000000 |	-32	 1.777085
HT40/LGI	 T	 MCS9	 34.3	98.9	 99.0	 103(104)	| 0.992509	 1.000000	 1.000000 |	-61	 11.812529
HT40/LGI	 T	 MCS9	 33.4	96.3	 96.2	 102(106)	| 0.949580	 1.000000	 1.000000 |	-72	 15.612684
HT40/LGI	 T	 MCS9	 30.5	87.8	 97.0	 100(103)	| 0.967742	 1.000000	 1.000000 |	-73	 16.769592
HT40/LGI	 T	 MCS9	 23.8	68.7	 59.3	 51(	| 0.863636	 1.000000	 1.000000 |	-76	 17.355764
HT40/LGI	 T	 MCS9	 23.2	67.0	 94.8	 93(	| 0.919192	 1.000000	 1.000000 |	-78	 17.566837
HT40/LGI	 T	 MCS9	 33.8	97.4	 97.1	 103(106)	| 0.981818	 1.000000	 1.000000 |	-69	 21.200630
HT40/LGI	 T	 MCS9	 34.0	97.9	 97.2	 106(109)	| 0.978102	 1.000000	 1.000000 |	-52	 23.075106
HT40/LGI	 T	 MCS9	 22.9	66.0	 21.0	 12(	| 0.000000	 1.000000	 -nan |	-79	 29.534235
HT40/LGI	 MCS9	 17.8	 51.4	47.2	 34(	 72)	| 0.142857	 1.000000	 1.000000 |	-80	 30.712790
HT40/LGI	 MCS9	 0.0	 8.5	0.0	 0(	 32)	| 0.000000	 1.000000	 1.000000 |	-78	 31.340342
HT40/LGI	 MCS9	 0.0	 2.0	0.0	 0(	 24)	| 0.000000	 1.000000	 1.000000 |	-77	 31.609997
HT40/LGI	 MCS9	 0.0	 1.1	0.0	 0(	 25)	| 0.000000	 1.000000	 1.000000 |	-77	 31.770201
HT40/LGI	 MCS9	 0.0	 0.2	0.0	 0(	 27)	| 0.000000	 1.000000	 1.000000 |	-79	 32.041622
HT40/LGI	 MCS9	 0.0	 0.0	0.0	 0(	 7)	| 0.000000	 1.000000	 1.000000 |	-80	 32.474155
HT40/LGI	 MCS9	 0.0	 0.0	0.0	 0(	 13)	| 0.000000	 1.000000	 1.000000 |	-83	 33.063679
HT40/LGI	 MCS9	 0.0	 0.0	0.0	 0(	 15)	| 0.000000	 1.000000	 1.000000 |	-82	 33.649693
HT40/LGI	 MCS9	 0.0	 0.0	0.0	 0(	 18)	| 0.000000	 1.000000	 1.000000 |	-81	 34.229141
HT40/LGI	 MCS9	 0.0	 0.0	0.0	 0(	 20)	| 0.000000	 1.000000	 1.000000 |	-80	 34.650990
HT40/LGI	 MCS9	 0.0	 0.0	0.0	 0(	 14)	| 0.000000	 1.000000	 -nan |	-81	 35.287201
HT40/LGI	 MCS9	 0.0	 0.0	0.0	 0(	 16)	| 0.000000	 1.000000	 1.000000 |	-82	 35.599327
HT40/LGI	 MCS9	 0.0	 0.0	0.0	 0(	 11)	| 0.000000	 1.000000	 -nan |	-82	 35.766960
HT40/LGI	 T	 MCS9	 31.2	90.0	 98.3	 58(	| 0.901639	 1.000000	 1.000000 |	-75	 12.467613
HT40/LGI	 T	 MCS9	 29.8	85.8	 90.9	 20(	| 0.300000	 1.000000	 -nan |	-77	 14.172747
HT40/LGI	 T	 MCS9	 30.4	87.7	 93.3	 56(	| 0.000000	 1.000000	 1.000000 |	-74	 14.225121
HT40/LGI	 T	 MCS9	 33.4	96.2	 100.0	 49(	| 0.142857	 1.000000	 1.000000 |	-71	 14.745821
HT40/LGI	 T	 MCS9	 33.5	96.7	 100.0	 42(	| 0.062500	 1.000000	 1.000000 |	-73	 14.857348
HT40/LGI	 T	 MCS9	 33.4	96.2	 98.2	 55(	| 0.000000	 1.000000	 1.000000 |	-74	 14.953388
HT40/LGI	 T	 MCS9	 32.6	93.9	 84.1	 53(	| 0.000000	 1.000000	 -nan |	-74	 15.056426
HT40/LGI	 T	 MCS9	 25.3	72.9	 50.0	 12(	| 0.915493	 1.000000	 1.000000 |	-76	 15.217573
HT40/LGI	 T	 MCS9	 25.0	72.2	 70.2	 26(	| 0.142857	 1.000000	 1.000000 |	-72	 15.267865
HT40/LGI	 T	 MCS9	 26.3	75.9	 96.5	 56(	| 0.000000	 1.000000	 1.000000 |	-77	 15.743256
HT40/LGI	 T	 MCS9	 25.6	73.7	 67.2	 41(	| 0.000000	 1.000000	 1.000000 |	-77	 15.789619
HT40/LGI	 T	 MCS9	 21.6	62.4	 60.5	 23(	| 0.000000	 1.000000	 1.000000 |	-75	 16.103315
HT40/LGI	 T	 MCS9	 24.1	69.5	 98.3	 60(	| 0.000000	 1.000000	 -nan |	-75	 16.464193
HT40/LGI	 T	 MCS9	 23.0	66.4	 57.8	 33(	| 0.000000	 1.000000	 1.000000 |	-78	 16.989756
HT40/LGI	 T	 MCS9	 22.0	63.4	 71.4	 40(	| 0.000000	 1.000000	 1.000000 |	-76	 17.095633
HT40/LGI	 T	 MCS9	 26.9	77.7	 96.7	 30(	| 0.000000	 1.000000	 -nan |	-73	 17.460007
HT40/LGI	 T	 MCS9	 28.0	80.6	 72.7	 16(	| 0.000000	 1.000000	 -nan |	-71	 17.567682
HT40/LGI	 T	 MCS9	 24.5	70.7	 41.1	 21(	| 0.000000	 1.000000	 -nan |	-74	 17.617025
HT40/LGI	 T	 MCS9	 33.4	96.2	 97.2	 36(	| 0.000000	 1.000000	 1.000000 |	-73	 18.136318
HT40/LGI	 T	 MCS9	 33.5	96.6	 97.9	 49(	| 0.000000	 1.000000	 1.000000 |	-75	 18.189089
HT40/LGI	 T	 MCS9	 31.3	90.2	 88.8	 32(	| 0.837838	 1.000000	 1.000000 |	-77	 28.765156
HT40/LGI	 T	 MCS9	 31.0	89.5	 87.3	 55(	| 0.000000	 1.000000	 1.000000 |	-78	 28.817671
HT40/LGI	 T	 MCS9	 13.0	37.6	 0.0	 0(	| 0.149466	 1.000000	 1.000000 |	-78	 30.940825
HT40/LGI	 T	 MCS9	 14.7	42.6	 100.0	 53(	| 0.000000	 1.000000	 1.000000 |	-71	 31.081320
HT40/LGI	 T	 MCS9	 15.2	43.9	 45.4	 15(	| 0.000000	 1.000000	 1.000000 |	-76	 31.664957
