HT40/SGI	 T	 MCS10	 45.4	98.2	 98.4	 128(130)	| 0.987315	 1.000000	 1.000000 |	-35	 2.943649
HT40/SGI	 T	 MCS10	 44.5	96.2	 96.2	 128(133)	| 0.962025	 1.000000	 1.000000 |	-39	 4.774570
HT40/SGI	 T	 MCS10	 45.3	97.9	 97.1	 135(139)	| 0.978723	 1.000000	 1.000000 |	-46	 5.816139
HT40/SGI	 T	 MCS10	 45.4	98.1	 96.2	 130(135)	| 0.982507	 1.000000	 1.000000 |	-47	 6.178811
HT40/SGI	 T	 MCS10	 45.6	98.5	 98.4	 129(131)	| 0.987755	 1.000000	 1.000000 |	-46	 7.434397
HT40/SGI	 T	 MCS10	 45.2	97.7	 97.8	 135(138)	| 0.977702	 1.000000	 1.000000 |	-54	 8.993275
HT40/SGI	 T	 MCS10	 45.2	97.7	 96.1	 125(130)	| 0.978102	 1.000000	 1.000000 |	-61	 11.074992
HT40/SGI	 T	 MCS10	 45.5	98.3	 98.4	 128(130)	| 0.987805	 1.000000	 1.000000 |	-62	 11.543798
HT40/SGI	 T	 MCS10	 30.6	66.1	 81.3	 87(107)	| 0.920455	 1.000000	 1.000000 |	-70	 13.695710
HT40/SGI	 T	 MCS10	 10.9	23.5	 13.4	 7(	| 0.695391	 1.000000	 1.000000 |	-75	 14.952416
HT40/SGI	 MCS10	 0.0	 5.7	0.0	 0(	 20)	| 0.000000	 1.000000	 1.000000 |	-78	 16.117723
HT40/SGI	 MCS10	 0.0	 9.1	34.4	 10(	 29)	| 0.000000	 1.000000	 1.000000 |	-74	 16.532408
HT40/SGI	 MCS10	 0.0	 6.8	0.0	 0(	 20)	| 0.000000	 1.000000	 1.000000 |	-76	 16.583357
HT40/SGI	 MCS10	 0.0	 5.1	0.0	 0(	 20)	| 0.000000	 1.000000	 1.000000 |	-74	 16.792789
HT40/SGI	 T	 MCS10	 28.4	61.4	 91.4	 96(105)	| 0.965318	 1.000000	 1.000000 |	-71	 17.212523
HT40/SGI	 T	 MCS10	 26.8	58.0	 0.0	 0(	| 0.000000	 1.000000	 1.000000 |	-73	 17.614187
HT40/SGI	 T	 MCS10	 28.8	62.4	 75.4	 77(102)	| 0.924051	 1.000000	 1.000000 |	-74	 17.671690
HT40/SGI	 T	 MCS10	 40.6	87.9	 93.0	 121(130)	| 0.920000	 1.000000	 1.000000 |	-71	 18.144058
HT40/SGI	 T	 MCS10	 45.2	97.8	 95.2	 121(127)	| 0.978485	 1.000000	 1.000000 |	-48	 21.216742
HT40/SGI	 T	 MCS10	 44.6	96.3	 97.7	 131(134)	| 0.981982	 1.000000	 1.000000 |	-50	 23.196394
HT40/SGI	 T	 MCS10	 40.5	87.6	 61.1	 55(	| 0.684211	 1.000000	 1.000000 |	-48	 23.299747
HT40/SGI	 T	 MCS10	 40.5	87.6	 83.1	 104(125)	| 0.727273	 1.000000	 1.000000 |	-73	 25.585562
HT40/SGI	 T	 MCS10	 42.4	91.7	 96.1	 126(131)	| 0.964937	 1.000000	 1.000000 |	-72	 27.465477
HT40/SGI	 T	 MCS10	 27.7	59.9	 15.0	 8(	| 0.333333	 1.000000	 -nan |	-76	 27.685900
HT40/SGI	 T	 MCS10	 15.6	33.7	 0.0	 0(	| 0.000000	 1.000000	 -nan |	-78	 27.795765
HT40/SGI	 T	 MCS10	 27.2	58.8	 24.0	 13(	| 0.272727	 1.000000	 1.000000 |	-72	 28.373821
HT40/SGI	 MCS10	 0.0	 0.1	0.0	 0(	 20)	| 0.000000	 1.000000	 1.000000 |	-77	 30.465652
HT40/SGI	 MCS10	 0.0	 0.0	0.0	 0(	 20)	| 0.000000	 1.000000	 1.000000 |	-78	 30.567244
HT40/SGI	 MCS10	 0.0	 0.0	0.0	 0(	 21)	| 0.000000	 1.000000	 -nan |	-77	 30.621048
HT40/SGI	 MCS10	 0.0	 0.0	0.0	 0(	 6)	| 0.049774	 0.846154	 0.859504 |	-82	 34.034321
HT40/SGI	 MCS10	 0.0	 0.0	0.0	 0(	 20)	| 0.000000	 1.000000	 1.000000 |	-83	 35.263824
HT40/SGI	 MCS10	 0.0	 0.0	0.0	 0(	 20)	| 0.000000	 1.000000	 -nan |	-82	 35.693905
HT40/SGI	 T	 MCS10	 45.0	97.3	 100.0	 18(	| 0.000000	 1.000000	 1.000000 |	-72	 13.542933
HT40/SGI	 T	 MCS10	 21.1	45.7	 13.6	 6(	| 0.142857	 1.000000	 -nan |	-66	 13.758779
HT40/SGI	 T	 MCS10	 29.2	63.1	 96.6	 57(	| 0.000000	 1.000000	 1.000000 |	-73	 13.861985
HT40/SGI	 T	 MCS10	 8.7	18.8	 0.0	 0(	| 0.000000	 1.000000	 1.000000 |	-69	 14.166386
HT40/SGI	 MCS10	 5.5	 12.0	0.0	 0(	 24)	| 0.000000	 1.000000	 1.000000 |	-75	 16.100586
HT40/SGI	 T	 MCS10	 20.2	43.8	 51.0	 24(	| 0.125000	 1.000000	 1.000000 |	-71	 16.622477
HT40/SGI	 T	 MCS10	 28.2	61.1	 89.1	 66(	| 0.000000	 1.000000	 1.000000 |	-75	 16.839001
HT40/SGI	 T	 MCS10	 16.5	35.6	 100.0	 16(	| 0.000000	 1.000000	 1.000000 |	-72	 18.711109
HT40/SGI	 T	 MCS10	 37.3	80.7	 71.1	 42(	| 0.000000	 1.000000	 1.000000 |	-74	 19.286194
HT40/SGI	 T	 MCS10	 35.9	77.5	 58.1	 32(	| 0.125000	 1.000000	 1.000000 |	-70	 19.658541
HT40/SGI	 T	 MCS10	 38.1	82.4	 97.1	 67(	| 0.250000	 1.000000	 1.000000 |	-71	 19.709824
HT40/SGI	 t	 MCS10	 39.5	85.4	 50.0	 0(	| 0.538462	 1.000000	 1.000000 |	-67	 20.410421
HT40/SGI	 t	 MCS10	 41.9	90.5	 86.6	 13(	| 0.571429	 1.000000	 1.000000 |	-72	 29.650354
HT40/SGI	 T	 MCS10	 42.7	92.3	 100.0	 14(	| 0.727273	 1.000000	 1.000000 |	-68	 30.077906
HT40/SGI	 T	 MCS10	 43.0	92.9	 89.1	 33(	| 0.000000	 1.000000	 1.000000 |	-73	 30.173779
HT40/SGI	 T	 MCS10	 43.2	93.4	 94.9	 19(	| 0.910256	 1.000000	 1.000000 |	-71	 30.226767
HT40/SGI	 T	 MCS10	 43.4	93.9	 95.3	 61(	| 0.000000	 1.000000	 1.000000 |	-70	 30.278246
HT40/SGI	 T	 MCS10	 43.8	94.7	 97.2	 70(	| 0.000000	 1.000000	 1.000000 |	-75	 30.693213
HT40/SGI	 T	 MCS10	 42.7	92.3	 98.4	 65(	| 0.333333	 1.000000	 1.000000 |	-72	 30.902328
HT40/SGI	 T	 MCS10	 43.9	95.0	 95.4	 21(	| 0.000000	 1.000000	 -nan |	-71	 31.114870
HT40/SGI	 T	 MCS10	 42.2	91.1	 98.5	 70(	| 0.100000	 1.000000	 -nan |	-72	 31.371731
HT40/SGI	 T	 MCS10	 40.1	86.6	 98.5	 70(	| 0.000000	 1.000000	 1.000000 |	-74	 31.586870
HT40/SGI	 T	 MCS10	 36.7	79.4	 57.8	 22(	| 0.888889	 1.000000	 1.000000 |	-72	 31.641228
HT40/SGI	 T	 MCS10	 31.4	67.8	 57.1	 40(	| 0.000000	 1.000000	 1.000000 |	-73	 31.743135
HT40/SGI	 T	 MCS10	 37.5	81.1	 98.1	 54(	| 0.000000	 1.000000	 1.000000 |	-74	 31.845791
HT40/SGI	 T	 MCS10	 39.7	85.8	 100.0	 29(	| 0.400000	 1.000000	 1.000000 |	-73	 31.898314
HT40/SGI	 T	 MCS10	 37.4	80.7	 57.4	 23(	| 0.837838	 1.000000	 1.000000 |	-71	 32.165764
HT40/SGI	 T	 MCS10	 38.6	83.4	 91.3	 42(	| 0.461538	 1.000000	 1.000000 |	-72	 32.218315
HT40/SGI	 T	 MCS10	 36.6	79.2	 68.4	 39(	| 0.000000	 1.000000	 1.000000 |	-74	 32.532032
HT40/SGI	 T	 MCS10	 34.8	75.1	 64.0	 41(	| 0.000000	 1.000000	 1.000000 |	-75	 32.636219
HT40/SGI	 T	 MCS10	 25.9	56.1	 0.0	 0(	| 0.000000	 1.000000	 1.000000 |	-79	 32.742943
HT40/SGI	 T	 MCS10	 13.5	29.2	 81.6	 0(	| 0.000000	 1.000000	 1.000000 |	-75	 32.942650
HT40/SGI	 T	 MCS10	 9.3	20.2	 43.9	 22(	| 0.000000	 1.000000	 -nan |	-73	 34.453190
HT40/SGI	 T	 MCS10	 14.4	31.2	 0.0	 0(	| 0.000000	 1.000000	 1.000000 |	-75	 34.721188
HT40/SGI	 T	 MCS10	 23.1	50.0	 66.6	 34(	| 0.000000	 1.000000	 1.000000 |	-76	 34.876240
HT40/SGI	 MCS10	 0.0	 4.2	0.0	 0(	 28)	| 0.000000	 1.000000	 1.000000 |	-77	 35.627659
