-26	 0.954545	 1.000000	 1.000000	 0.063180
-25	 0.980583	 1.000000	 1.000000	 0.213408
-25	 0.982709	 1.000000	 1.000000	 0.423594
-27	 0.962025	 1.000000	 1.000000	 0.500799
-26	 0.983287	 1.000000	 1.000000	 0.669973
-24	 0.971698	 1.000000	 1.000000	 0.767480
-28	 0.985646	 1.000000	 1.000000	 0.964065
-31	 0.978022	 1.000000	 1.000000	 1.091660
-30	 0.989916	 1.000000	 1.000000	 1.367729
-30	 0.980831	 1.000000	 1.000000	 1.509211
-31	 0.987526	 1.000000	 1.000000	 1.732963
-29	 0.955224	 1.000000	 1.000000	 1.797404
-30	 0.978648	 1.000000	 1.000000	 1.932938
-29	 0.984000	 1.000000	 1.000000	 2.113175
-28	 0.946429	 1.000000	 1.000000	 2.167719
-31	 0.965909	 1.000000	 1.000000	 2.251947
-31	 0.987179	 1.000000	 1.000000	 2.479807
-30	 0.984694	 1.000000	 1.000000	 2.664683
-30	 0.981538	 1.000000	 1.000000	 2.815626
-30	 0.966292	 1.000000	 1.000000	 2.901685
-30	 0.974359	 1.000000	 1.000000	 3.015014
-31	 0.947368	 1.000000	 1.000000	 3.070888
-33	 0.989796	 1.000000	 1.000000	 3.345756
-34	 0.980066	 1.000000	 1.000000	 3.483007
-33	 0.961783	 1.000000	 1.000000	 3.558633
-39	 0.978102	 1.000000	 1.000000	 3.688018
-42	 0.887097	 1.000000	 1.000000	 3.719309
-36	 0.982222	 1.000000	 1.000000	 3.935379
-37	 0.983827	 1.000000	 1.000000	 4.110298
-34	 0.981651	 1.000000	 1.000000	 4.265941
-41	 0.978102	 1.000000	 1.000000	 4.395499
-43	 0.983379	 1.000000	 1.000000	 4.568093
-36	 0.991202	 1.000000	 1.000000	 4.888453
-37	 0.946429	 1.000000	 1.000000	 4.943656
-39	 0.978102	 1.000000	 1.000000	 5.075134
-45	 0.973214	 1.000000	 1.000000	 5.180978
-44	 0.971831	 1.000000	 1.000000	 5.283328
-43	 0.986957	 1.000000	 1.000000	 5.499937
-42	 0.967213	 1.000000	 1.000000	 5.587663
-41	 0.967213	 1.000000	 1.000000	 5.676368
-42	 0.986842	 1.000000	 1.000000	 5.889313
-43	 0.978339	 1.000000	 1.000000	 6.021401
-44	 0.900000	 1.000000	 1.000000	 6.051103
-45	 0.955224	 1.000000	 1.000000	 6.116289
-39	 0.963190	 1.000000	 1.000000	 6.195027
-46	 0.947368	 1.000000	 1.000000	 6.251386
-46	 0.982906	 1.000000	 1.000000	 6.419939
-44	 0.978571	 1.000000	 1.000000	 6.555204
-46	 0.979381	 1.000000	 1.000000	 6.693697
-43	 0.989381	 1.000000	 1.000000	 6.962801
-48	 0.984810	 1.000000	 1.000000	 7.151047
-44	 0.968586	 1.000000	 1.000000	 7.242536
-47	 0.982143	 1.000000	 1.000000	 7.403285
-50	 0.973214	 1.000000	 1.000000	 7.509643
-45	 0.978417	 1.000000	 1.000000	 7.641916
-52	 0.977852	 1.000000	 1.000000	 8.798052
-50	 0.975806	 1.000000	 1.000000	 8.934003
-50	 0.978022	 1.000000	 1.000000	 9.065823
-50	 0.973913	 1.000000	 1.000000	 9.179090
-51	 0.980066	 1.000000	 1.000000	 9.322796
-50	 0.976471	 1.000000	 1.000000	 9.443726
-50	 0.974895	 1.000000	 1.000000	 9.558811
-51	 0.965116	 1.000000	 1.000000	 9.641896
-53	 0.977444	 1.000000	 1.000000	 9.771363
-54	 0.981928	 1.000000	 1.000000	 9.932398
-53	 0.982196	 1.000000	 1.000000	 10.094607
-53	 0.977099	 1.000000	 1.000000	 10.221324
-55	 0.976471	 1.000000	 1.000000	 10.342175
-57	 0.947368	 1.000000	 1.000000	 10.398819
-56	 0.991215	 1.000000	 1.000000	 10.713138
-58	 0.975000	 1.000000	 1.000000	 10.829924
-59	 0.947368	 1.000000	 1.000000	 10.885641
-62	 0.964912	 1.000000	 1.000000	 10.970712
-60	 0.978873	 1.000000	 1.000000	 11.112747
-59	 0.982456	 1.000000	 1.000000	 11.278248
-61	 0.976096	 1.000000	 1.000000	 11.399443
-54	 0.982036	 1.000000	 1.000000	 11.562595
-61	 0.956204	 1.000000	 1.000000	 11.629853
-62	 0.992063	 1.000000	 1.000000	 11.979150
-62	 0.972973	 1.000000	 1.000000	 12.087657
-61	 0.942308	 1.000000	 1.000000	 12.141371
-62	 0.985000	 1.000000	 1.000000	 12.332698
-62	 0.924051	 1.000000	 1.000000	 12.372534
-67	 0.987315	 1.000000	 1.000000	 12.599016
-65	 0.955882	 1.000000	 1.000000	 12.666656
-64	 0.975309	 1.000000	 1.000000	 12.795052
-69	 0.972222	 1.000000	 1.000000	 12.899371
-68	 0.966851	 1.000000	 1.000000	 12.985900
-71	 0.971831	 1.000000	 1.000000	 13.092238
-71	 0.948718	 1.000000	 1.000000	 13.151468
-68	 0.974576	 1.000000	 1.000000	 13.268721
-74	 0.982709	 1.000000	 1.000000	 13.440121
-75	 0.962963	 1.000000	 1.000000	 13.520316
-74	 0.333333	 1.000000	 -nan	 13.548191
-72	 0.970149	 1.000000	 1.000000	 13.643207
-70	 0.957447	 1.000000	 1.000000	 13.714155
-74	 0.951219	 1.000000	 1.000000	 13.775727
-70	 0.969754	 1.000000	 1.000000	 15.083109
-76	 0.986726	 1.000000	 1.000000	 15.323299
-76	 0.842105	 1.000000	 1.000000	 15.344819
-76	 0.500000	 1.000000	 1.000000	 15.353283
-73	 0.938144	 1.000000	 1.000000	 15.405025
-72	 0.955882	 1.000000	 1.000000	 15.472956
-73	 0.978102	 1.000000	 1.000000	 15.609616
-79	 0.971831	 1.000000	 1.000000	 15.728879
-77	 0.000000	 1.000000	 -nan	 15.769010
-74	 0.972973	 1.000000	 1.000000	 15.877221
-73	 0.942308	 1.000000	 1.000000	 15.943001
-73	 0.962264	 1.000000	 1.000000	 16.020388
-73	 0.943925	 1.000000	 1.000000	 16.079990
-79	 0.844444	 1.000000	 1.000000	 16.117678
-73	 0.860465	 1.000000	 1.000000	 16.141582
-75	 0.964912	 1.000000	 1.000000	 16.226219
-76	 0.000000	 1.000000	 1.000000	 16.249468
-72	 0.959459	 1.000000	 1.000000	 16.325750
-71	 0.955556	 1.000000	 1.000000	 16.392962
-73	 0.977273	 1.000000	 1.000000	 16.523796
-77	 0.963855	 1.000000	 1.000000	 16.605518
-75	 0.920000	 1.000000	 1.000000	 16.646935
-76	 0.969231	 1.000000	 1.000000	 16.743608
-75	 0.978417	 1.000000	 1.000000	 16.879162
-75	 0.812500	 1.000000	 1.000000	 16.897669
-75	 0.842105	 1.000000	 1.000000	 16.919491
-77	 0.958042	 1.000000	 1.000000	 17.000460
-77	 0.914286	 1.000000	 1.000000	 17.050137
-74	 0.938776	 1.000000	 1.000000	 17.109591
-74	 0.923077	 1.000000	 1.000000	 17.166109
-75	 0.769231	 1.000000	 1.000000	 17.192707
-76	 0.890909	 1.000000	 1.000000	 17.234921
-76	 0.918919	 1.000000	 1.000000	 17.286667
-75	 0.896552	 1.000000	 1.000000	 17.328104
-77	 0.918919	 1.000000	 1.000000	 17.366985
-76	 0.739130	 1.000000	 1.000000	 17.388693
-77	 0.785714	 1.000000	 1.000000	 17.418846
-75	 0.647059	 1.000000	 1.000000	 17.447327
-78	 0.923077	 1.000000	 1.000000	 17.495214
-76	 0.875000	 1.000000	 1.000000	 17.540644
-77	 0.853659	 1.000000	 1.000000	 17.569056
-78	 0.886792	 1.000000	 1.000000	 17.604610
-74	 0.793103	 1.000000	 1.000000	 17.634394
-77	 0.000000	 1.000000	 1.000000	 17.676455
-77	 0.000000	 1.000000	 -nan	 17.711092
-75	 0.142857	 1.000000	 -nan	 17.734268
-76	 0.882353	 1.000000	 1.000000	 17.779566
-77	 0.538462	 1.000000	 1.000000	 17.808947
-76	 0.739130	 1.000000	 1.000000	 17.823935
-73	 0.000000	 1.000000	 -nan	 17.830997
-78	 0.000000	 1.000000	 1.000000	 17.837866
-78	 0.000000	 1.000000	 -nan	 17.844090
-76	 0.886792	 1.000000	 1.000000	 17.872948
-78	 0.000000	 1.000000	 1.000000	 17.880625
-76	 0.000000	 1.000000	 1.000000	 17.887815
-75	 0.000000	 1.000000	 1.000000	 17.895979
-76	 0.000000	 1.000000	 1.000000	 17.903872
-75	 0.142857	 1.000000	 1.000000	 17.911057
-76	 0.833333	 1.000000	 1.000000	 17.931126
-77	 0.000000	 1.000000	 1.000000	 17.938744
-77	 0.000000	 1.000000	 1.000000	 17.948702
-76	 0.142857	 1.000000	 -nan	 17.956108
-75	 0.793103	 1.000000	 1.000000	 17.973116
-75	 0.943396	 1.000000	 1.000000	 18.029615
-73	 0.000000	 1.000000	 1.000000	 18.035736
-76	 0.000000	 1.000000	 1.000000	 18.043804
-75	 0.853659	 1.000000	 1.000000	 18.066954
-74	 0.963415	 1.000000	 1.000000	 18.148476
-75	 0.964497	 1.000000	 1.000000	 18.230520
-73	 0.976285	 1.000000	 1.000000	 18.353827
-74	 0.938144	 1.000000	 1.000000	 18.407021
-72	 0.950413	 1.000000	 1.000000	 18.468567
-73	 0.860465	 1.000000	 1.000000	 18.491190
-77	 0.972973	 1.000000	 1.000000	 18.602789
-74	 0.925000	 1.000000	 1.000000	 18.642889
-71	 0.982143	 1.000000	 1.000000	 18.803711
-68	 0.964912	 1.000000	 1.000000	 18.886658
-71	 0.979730	 1.000000	 1.000000	 19.029634
-69	 0.975708	 1.000000	 1.000000	 19.152466
-66	 0.978102	 1.000000	 1.000000	 19.285843
-69	 0.978571	 1.000000	 1.000000	 19.421606
-66	 0.962500	 1.000000	 1.000000	 19.499481
-66	 0.965909	 1.000000	 1.000000	 19.584700
-67	 0.984169	 1.000000	 1.000000	 19.764206
-69	 0.986667	 1.000000	 1.000000	 19.981903
-68	 0.966292	 1.000000	 1.000000	 20.072948
-63	 0.980352	 1.000000	 1.000000	 21.247156
-61	 0.988971	 1.000000	 1.000000	 21.513964
-62	 0.987097	 1.000000	 1.000000	 21.739109
-64	 0.990228	 1.000000	 1.000000	 22.031237
-64	 0.972973	 1.000000	 1.000000	 22.144264
-65	 0.978873	 1.000000	 1.000000	 22.279821
-61	 0.960784	 1.000000	 1.000000	 22.358902
-62	 0.981651	 1.000000	 1.000000	 22.534250
-60	 0.973568	 1.000000	 1.000000	 22.645519
-57	 0.972093	 1.000000	 1.000000	 22.749714
-53	 0.973451	 1.000000	 1.000000	 22.860071
-59	 0.985680	 1.000000	 1.000000	 23.061174
-56	 0.974026	 1.000000	 1.000000	 23.175133
-54	 0.958333	 1.000000	 1.000000	 23.247101
-54	 0.985981	 1.000000	 1.000000	 23.451029
-50	 0.976834	 1.000000	 1.000000	 23.575344
-54	 0.944954	 1.000000	 1.000000	 23.630793
-51	 0.977273	 1.000000	 1.000000	 23.757053
-51	 0.944954	 1.000000	 1.000000	 23.811008
-53	 0.964497	 1.000000	 1.000000	 23.895962
-51	 0.963415	 1.000000	 1.000000	 23.979380
-53	 0.976654	 1.000000	 1.000000	 24.099558
-47	 0.957447	 1.000000	 1.000000	 24.171539
-50	 0.970588	 1.000000	 1.000000	 24.269451
-48	 0.966851	 1.000000	 1.000000	 24.359327
-50	 0.967914	 1.000000	 1.000000	 24.450296
-49	 0.965517	 1.000000	 1.000000	 24.551434
-47	 0.991202	 1.000000	 1.000000	 25.027203
-52	 0.971292	 1.000000	 1.000000	 25.129452
-53	 0.969849	 1.000000	 1.000000	 25.226179
-60	 0.979239	 1.000000	 1.000000	 25.365332
-63	 0.973799	 1.000000	 1.000000	 25.480206
-60	 0.969849	 1.000000	 1.000000	 25.576021
-67	 0.985542	 1.000000	 1.000000	 25.777475
-66	 0.973094	 1.000000	 1.000000	 25.889616
-64	 0.964286	 1.000000	 1.000000	 25.972734
-65	 0.979592	 1.000000	 1.000000	 26.115686
-70	 0.980519	 1.000000	 1.000000	 26.271393
-74	 0.974060	 1.000000	 1.000000	 27.578983
-74	 0.980132	 1.000000	 1.000000	 27.727940
-73	 0.972477	 1.000000	 1.000000	 27.835629
-73	 0.979239	 1.000000	 1.000000	 27.975300
-70	 0.946429	 1.000000	 1.000000	 28.031113
-72	 0.967742	 1.000000	 1.000000	 28.124430
-75	 0.979661	 1.000000	 1.000000	 28.268658
-72	 0.952756	 1.000000	 1.000000	 28.333466
-72	 0.971963	 1.000000	 1.000000	 28.439354
-75	 0.966667	 1.000000	 1.000000	 28.528677
-74	 0.972477	 1.000000	 1.000000	 28.632162
-72	 0.974249	 1.000000	 1.000000	 28.747301
-74	 0.969697	 1.000000	 1.000000	 28.848623
-77	 0.965517	 1.000000	 1.000000	 28.934540
-76	 0.538462	 1.000000	 1.000000	 28.943605
-76	 0.921053	 1.000000	 1.000000	 28.982889
-78	 0.981132	 1.000000	 1.000000	 29.143450
-77	 0.000000	 1.000000	 -nan	 29.179461
-77	 0.760000	 1.000000	 1.000000	 29.197523
-76	 0.896552	 1.000000	 1.000000	 29.238529
-78	 0.142857	 1.000000	 -nan	 29.254477
-74	 0.920000	 1.000000	 1.000000	 29.303879
-75	 0.959184	 1.000000	 1.000000	 29.386093
-76	 0.860465	 1.000000	 1.000000	 29.421921
-75	 0.906250	 1.000000	 1.000000	 29.454525
-72	 0.959732	 1.000000	 1.000000	 29.528605
-77	 0.967213	 1.000000	 1.000000	 29.619425
-76	 0.942857	 1.000000	 1.000000	 29.674988
-72	 0.972350	 1.000000	 1.000000	 29.783447
-75	 0.944000	 1.000000	 1.000000	 29.846270
-73	 0.962963	 1.000000	 1.000000	 29.927355
-78	 0.933333	 1.000000	 1.000000	 29.973852
-78	 0.000000	 1.000000	 1.000000	 30.010542
-78	 0.000000	 1.000000	 -nan	 30.039457
-78	 0.000000	 1.000000	 -nan	 30.074116
-79	 0.562500	 1.000000	 1.000000	 30.086208
-78	 0.142857	 1.000000	 1.000000	 30.104725
-77	 0.142857	 1.000000	 1.000000	 30.129820
-75	 0.968421	 1.000000	 1.000000	 30.220911
-75	 0.922078	 1.000000	 1.000000	 30.264057
-77	 0.666667	 1.000000	 1.000000	 30.304472
-79	 0.860465	 1.000000	 1.000000	 30.351500
-78	 0.872340	 1.000000	 1.000000	 30.392502
-78	 0.250000	 1.000000	 1.000000	 30.408657
-78	 0.333333	 1.000000	 -nan	 30.439686
-79	 0.250000	 1.000000	 1.000000	 30.468861
-77	 0.142857	 1.000000	 1.000000	 30.500828
-79	 0.700000	 1.000000	 1.000000	 30.515198
-78	 0.400000	 1.000000	 1.000000	 30.523252
-77	 0.863636	 1.000000	 1.000000	 30.547607
-73	 0.975510	 1.000000	 1.000000	 30.669401
-75	 0.973913	 1.000000	 1.000000	 30.781225
-74	 0.600000	 1.000000	 1.000000	 30.795073
-78	 0.918919	 1.000000	 1.000000	 30.835640
-75	 0.333333	 1.000000	 -nan	 30.865398
-74	 0.650000	 1.000000	 -nan	 30.880629
-74	 0.454545	 1.000000	 1.000000	 30.888071
-76	 0.823529	 1.000000	 1.000000	 30.913765
-77	 0.333333	 1.000000	 1.000000	 30.938671
-79	 0.888889	 1.000000	 1.000000	 30.982208
-76	 0.942308	 1.000000	 1.000000	 31.037350
-78	 0.666667	 1.000000	 1.000000	 31.068027
-76	 0.925000	 1.000000	 1.000000	 31.122025
-77	 0.857143	 1.000000	 1.000000	 31.154705
-80	 0.969697	 1.000000	 1.000000	 31.254303
-80	 0.945455	 1.000000	 1.000000	 31.328880
-77	 0.777778	 1.000000	 1.000000	 31.357779
-77	 0.760000	 1.000000	 1.000000	 31.391533
-79	 0.647059	 1.000000	 1.000000	 31.417337
-76	 0.142857	 1.000000	 1.000000	 31.451668
-77	 0.785714	 1.000000	 1.000000	 31.468988
-75	 0.818182	 1.000000	 -nan	 31.490538
-78	 0.454545	 1.000000	 -nan	 31.518869
-80	 0.884615	 1.000000	 1.000000	 31.555828
-78	 0.901639	 1.000000	 1.000000	 31.601479
-75	 0.000000	 1.000000	 -nan	 31.640799
-79	 0.571429	 1.000000	 1.000000	 31.675987
-77	 0.760000	 1.000000	 1.000000	 31.707884
-77	 0.739130	 1.000000	 1.000000	 31.724758
-76	 0.571429	 1.000000	 1.000000	 31.734882
-76	 0.000000	 1.000000	 1.000000	 31.741884
-75	 0.837838	 1.000000	 1.000000	 31.764921
-79	 0.777778	 1.000000	 1.000000	 31.783852
-79	 0.000000	 1.000000	 -nan	 31.791571
-77	 0.000000	 1.000000	 1.000000	 31.798641
-76	 0.000000	 1.000000	 1.000000	 31.805763
-76	 0.000000	 1.000000	 1.000000	 31.811924
-76	 0.955882	 1.000000	 1.000000	 31.882874
-79	 0.785714	 1.000000	 1.000000	 31.900482
-79	 0.000000	 1.000000	 1.000000	 31.912758
-78	 0.929412	 1.000000	 1.000000	 31.956467
-77	 0.000000	 1.000000	 1.000000	 31.997025
-77	 0.000000	 1.000000	 -nan	 32.037464
-79	 0.000000	 1.000000	 -nan	 32.079071
-76	 0.454545	 1.000000	 -nan	 32.110199
-75	 0.823529	 1.000000	 1.000000	 32.138996
-78	 0.000000	 1.000000	 -nan	 32.179855
-76	 0.250000	 1.000000	 -nan	 32.196327
-75	 0.700000	 1.000000	 1.000000	 32.209770
-75	 0.142857	 1.000000	 -nan	 32.217201
-75	 0.142857	 1.000000	 -nan	 32.223381
-78	 0.000000	 1.000000	 -nan	 32.230625
-79	 0.250000	 1.000000	 1.000000	 32.238838
-78	 0.250000	 1.000000	 1.000000	 32.246300
-77	 0.684211	 1.000000	 1.000000	 32.259193
-77	 0.250000	 1.000000	 1.000000	 32.267059
-78	 0.000000	 1.000000	 1.000000	 32.274700
-78	 0.000000	 1.000000	 -nan	 32.283165
-77	 0.000000	 1.000000	 -nan	 32.290020
-78	 0.000000	 1.000000	 -nan	 32.297409
-77	 0.000000	 1.000000	 -nan	 32.304970
-78	 0.000000	 1.000000	 -nan	 32.312038
-80	 0.000000	 1.000000	 -nan	 32.319477
-80	 0.000000	 1.000000	 1.000000	 32.325520
-80	 0.000000	 1.000000	 1.000000	 32.332825
-80	 0.000000	 1.000000	 1.000000	 32.339764
-80	 0.000000	 1.000000	 1.000000	 32.346924
-79	 0.000000	 1.000000	 1.000000	 32.353226
-78	 0.000000	 1.000000	 1.000000	 32.361221
-77	 0.000000	 1.000000	 1.000000	 32.367191
-77	 0.000000	 1.000000	 1.000000	 32.374599
-78	 0.000000	 1.000000	 1.000000	 32.381378
-76	 0.000000	 1.000000	 1.000000	 32.394562
-78	 0.000000	 1.000000	 1.000000	 32.413864
-82	 0.000000	 1.000000	 1.000000	 32.460674
-78	 0.000000	 1.000000	 1.000000	 32.490013
-79	 0.000000	 1.000000	 1.000000	 32.498043
-78	 0.000000	 1.000000	 1.000000	 32.506195
-78	 0.000000	 1.000000	 1.000000	 32.512791
-79	 0.000000	 1.000000	 1.000000	 32.519257
-79	 0.000000	 1.000000	 1.000000	 32.525879
-79	 0.000000	 1.000000	 1.000000	 32.533169
-80	 0.000000	 1.000000	 1.000000	 32.544434
-80	 0.000000	 1.000000	 1.000000	 32.553482
-77	 0.000000	 1.000000	 1.000000	 32.582344
-80	 0.005825	 1.000000	 1.000000	 34.032616
-80	 0.000000	 1.000000	 -nan	 34.048523
-80	 0.000000	 1.000000	 -nan	 34.064194
-81	 0.000000	 1.000000	 -nan	 34.080654
-81	 0.000000	 1.000000	 -nan	 34.096001
-81	 0.000000	 1.000000	 1.000000	 34.111336
-81	 0.000000	 1.000000	 1.000000	 34.127785
-81	 0.000000	 1.000000	 1.000000	 34.145744
-82	 0.000000	 1.000000	 1.000000	 34.161224
-81	 0.000000	 1.000000	 1.000000	 34.177284
-80	 0.000000	 1.000000	 1.000000	 34.193550
-80	 0.000000	 1.000000	 1.000000	 34.209095
-82	 0.000000	 1.000000	 1.000000	 34.225105
-83	 0.000000	 1.000000	 1.000000	 34.242001
-81	 0.000000	 1.000000	 1.000000	 34.259567
-84	 0.000000	 1.000000	 1.000000	 34.275772
-85	 0.000000	 1.000000	 1.000000	 34.292725
-83	 0.000000	 1.000000	 1.000000	 34.307934
-83	 0.000000	 1.000000	 1.000000	 34.324245
-84	 0.000000	 1.000000	 1.000000	 34.340298
-84	 0.000000	 1.000000	 1.000000	 34.356464
-83	 0.000000	 1.000000	 1.000000	 34.373215
-83	 0.000000	 1.000000	 1.000000	 34.387604
-83	 0.000000	 1.000000	 1.000000	 34.403122
-83	 0.000000	 1.000000	 1.000000	 34.419266
-83	 0.000000	 1.000000	 1.000000	 34.437881
-83	 0.000000	 1.000000	 1.000000	 34.453613
-84	 0.000000	 1.000000	 1.000000	 34.469227
-84	 0.000000	 1.000000	 1.000000	 34.485210
-82	 0.000000	 1.000000	 1.000000	 34.503056
-83	 0.000000	 1.000000	 1.000000	 34.518551
-82	 0.000000	 1.000000	 1.000000	 34.535107
-82	 0.000000	 1.000000	 1.000000	 34.550858
-81	 0.000000	 1.000000	 1.000000	 34.566505
-82	 0.000000	 1.000000	 1.000000	 34.581772
-82	 0.000000	 1.000000	 1.000000	 34.597721
-81	 0.000000	 1.000000	 1.000000	 34.615692
-81	 0.000000	 1.000000	 1.000000	 34.631893
-81	 0.000000	 1.000000	 1.000000	 34.647957
-80	 0.000000	 1.000000	 1.000000	 34.663624
-81	 0.000000	 1.000000	 1.000000	 34.679653
-81	 0.000000	 1.000000	 1.000000	 34.694969
-81	 0.000000	 1.000000	 1.000000	 34.710243
-81	 0.000000	 1.000000	 1.000000	 34.726524
-81	 0.000000	 1.000000	 1.000000	 34.743210
-81	 0.000000	 1.000000	 1.000000	 34.759041
-81	 0.000000	 1.000000	 1.000000	 34.774284
-81	 0.000000	 1.000000	 1.000000	 34.789673
-81	 0.000000	 1.000000	 1.000000	 34.805428
-82	 0.000000	 1.000000	 1.000000	 34.821449
-81	 0.000000	 1.000000	 1.000000	 34.837788
-82	 0.000000	 1.000000	 1.000000	 34.853855
-81	 0.000000	 1.000000	 1.000000	 34.871025
-81	 0.000000	 1.000000	 1.000000	 34.887192
-81	 0.000000	 1.000000	 1.000000	 34.905094
-81	 0.000000	 1.000000	 1.000000	 34.921455
-82	 0.000000	 1.000000	 1.000000	 34.939987
-81	 0.000000	 1.000000	 1.000000	 34.958115
-81	 0.000000	 1.000000	 1.000000	 34.973732
-82	 0.000000	 1.000000	 1.000000	 34.989693
-82	 0.000000	 1.000000	 1.000000	 35.005692
-81	 0.000000	 1.000000	 1.000000	 35.022099
-82	 0.000000	 1.000000	 1.000000	 35.038235
-81	 0.000000	 1.000000	 1.000000	 35.062794
-81	 0.000000	 1.000000	 1.000000	 35.080959
-81	 0.000000	 1.000000	 1.000000	 35.095886
-81	 0.000000	 1.000000	 1.000000	 35.112274
-81	 0.000000	 1.000000	 1.000000	 35.127735
-80	 0.000000	 1.000000	 1.000000	 35.143257
-80	 0.000000	 1.000000	 1.000000	 35.161518
-81	 0.000000	 1.000000	 1.000000	 35.178169
-82	 0.000000	 1.000000	 1.000000	 35.194050
-83	 0.000000	 1.000000	 1.000000	 35.210030
-83	 0.000000	 1.000000	 1.000000	 35.231964
-82	 0.000000	 1.000000	 1.000000	 35.254929
-82	 0.000000	 1.000000	 1.000000	 35.269009
-81	 0.000000	 1.000000	 1.000000	 35.287350
-80	 0.000000	 1.000000	 1.000000	 35.303349
-81	 0.000000	 1.000000	 1.000000	 35.318516
-82	 0.000000	 1.000000	 1.000000	 35.336578
-81	 0.000000	 1.000000	 1.000000	 35.355652
-81	 0.000000	 1.000000	 1.000000	 35.373268
-82	 0.000000	 1.000000	 1.000000	 35.387077
-82	 0.000000	 1.000000	 1.000000	 35.403053
-83	 0.000000	 1.000000	 1.000000	 35.421013
-83	 0.000000	 1.000000	 1.000000	 35.440689
-83	 0.000000	 1.000000	 -nan	 35.456207
-83	 0.000000	 1.000000	 1.000000	 35.477650
-82	 0.000000	 1.000000	 1.000000	 35.499401
-81	 0.000000	 1.000000	 1.000000	 35.519524
-79	 0.000000	 1.000000	 1.000000	 35.534168
-80	 0.000000	 1.000000	 1.000000	 35.553497
-80	 0.000000	 1.000000	 1.000000	 35.571468
-81	 0.000000	 1.000000	 1.000000	 35.587746
-81	 0.000000	 1.000000	 1.000000	 35.603912
-81	 0.000000	 1.000000	 1.000000	 35.619190
-82	 0.000000	 1.000000	 1.000000	 35.637550
-82	 0.000000	 1.000000	 1.000000	 35.657864
-83	 0.000000	 1.000000	 1.000000	 35.677517
-83	 0.000000	 1.000000	 -nan	 35.695148
-84	 0.000000	 1.000000	 1.000000	 35.717468
-84	 0.000000	 1.000000	 1.000000	 35.748466
-82	 0.000000	 1.000000	 1.000000	 35.776863
-82	 0.000000	 1.000000	 1.000000	 35.793259
-82	 0.000000	 1.000000	 1.000000	 35.809269
-82	 0.000000	 1.000000	 1.000000	 35.827473
-79	 0.000000	 1.000000	 1.000000	 35.843700
-78	 0.000000	 1.000000	 1.000000	 35.860420
-79	 0.000000	 1.000000	 1.000000	 35.876431
-76	 0.000000	 1.000000	 1.000000	 35.892857
-77	 0.000000	 1.000000	 1.000000	 35.909630
-80	 0.000000	 1.000000	 1.000000	 35.925728
-81	 0.000000	 1.000000	 1.000000	 35.941017
-82	 0.000000	 1.000000	 1.000000	 35.957874
-84	 0.000000	 1.000000	 1.000000	 35.975899
-84	 0.000000	 1.000000	 1.000000	 35.991943
-83	 0.000000	 1.000000	 1.000000	 36.009640
-83	 0.000000	 1.000000	 1.000000	 36.025768
-81	 0.000000	 1.000000	 1.000000	 36.042744
-80	 0.000000	 1.000000	 1.000000	 36.058033
-80	 0.125000	 1.000000	 1.000000	 36.079548
-81	 0.000000	 1.000000	 1.000000	 36.149918
-80	 0.000000	 1.000000	 1.000000	 36.679234
-83	 0.000000	 1.000000	 1.000000	 36.804909
-80	 0.000000	 1.000000	 1.000000	 36.880615
-79	 0.000000	 1.000000	 1.000000	 36.954510
-81	 0.000000	 1.000000	 1.000000	 36.994579
-81	 0.000000	 1.000000	 1.000000	 37.063469
-81	 0.000000	 1.000000	 1.000000	 37.081364
-83	 0.000000	 1.000000	 1.000000	 37.206108
-84	 0.000000	 1.000000	 1.000000	 37.436378
-83	 0.000000	 1.000000	 1.000000	 37.553387
-81	 0.000000	 1.000000	 1.000000	 37.632046
-83	 0.000000	 1.000000	 1.000000	 37.695522
-82	 0.000000	 1.000000	 1.000000	 37.736088
-82	 0.000000	 1.000000	 1.000000	 37.777748
-82	 0.000000	 1.000000	 1.000000	 37.820587
-83	 0.000000	 1.000000	 1.000000	 38.023056
-83	 0.000000	 1.000000	 -nan	 38.166363
-82	 0.000000	 1.000000	 1.000000	 38.218437
