HT40/SGI	 T	 MCS11	 51.8	99.1	 99.3	 143(144)	| 0.992629	 1.000000	 1.000000 |	-23	 0.621417
HT40/SGI	 T	 MCS11	 51.4	98.3	 96.6	 144(149)	| 0.980198	 1.000000	 1.000000 |	-27	 1.688004
HT40/SGI	 T	 MCS11	 51.7	98.8	 98.7	 155(157)	| 0.990461	 1.000000	 1.000000 |	-36	 4.039113
HT40/SGI	 T	 MCS11	 51.6	98.7	 98.0	 149(152)	| 0.982201	 1.000000	 1.000000 |	-51	 9.133378
HT40/SGI	 T	 MCS11	 50.7	97.0	 95.1	 137(144)	| 0.953846	 1.000000	 1.000000 |	-48	 9.829426
HT40/SGI	 MCS11	 8.6	 16.5	9.0	 1(	 11)	| 0.142857	 1.000000	 -nan |	-66	 13.758779
HT40/SGI	 MCS11	 8.5	 16.2	27.8	 22(	 79)	| 0.000000	 1.000000	 1.000000 |	-73	 13.861985
HT40/SGI	 MCS11	 0.0	 0.3	0.0	 0(	 6)	| 0.000000	 1.000000	 1.000000 |	-69	 14.166386
HT40/SGI	 MCS11	 0.0	 0.0	0.0	 0(	 17)	| 0.000000	 1.000000	 1.000000 |	-75	 16.100586
HT40/SGI	 MCS11	 0.0	 3.6	12.9	 4(	 31)	| 0.125000	 1.000000	 1.000000 |	-71	 16.622477
HT40/SGI	 MCS11	 0.0	 1.1	0.0	 0(	 67)	| 0.000000	 1.000000	 1.000000 |	-75	 16.839001
HT40/SGI	 MCS11	 12.5	 23.9	78.9	 75(	 95)	| 0.000000	 1.000000	 1.000000 |	-72	 18.711109
HT40/SGI	 MCS11	 17.5	 33.6	0.0	 0(	 44)	| 0.000000	 1.000000	 1.000000 |	-74	 19.286194
HT40/SGI	 MCS11	 16.2	 31.1	31.9	 16(	 50)	| 0.125000	 1.000000	 1.000000 |	-70	 19.658541
HT40/SGI	 MCS11	 13.2	 25.4	8.2	 6(	 73)	| 0.250000	 1.000000	 1.000000 |	-71	 19.709824
HT40/SGI	 T	 MCS11	 51.0	97.5	 96.6	 145(150)	| 0.538462	 1.000000	 1.000000 |	-67	 20.410421
HT40/SGI	 T	 MCS11	 51.3	98.0	 99.3	 151(152)	| 0.958109	 1.000000	 1.000000 |	-65	 21.634987
HT40/SGI	 T	 MCS11	 51.2	97.9	 98.0	 150(153)	| 0.982143	 1.000000	 1.000000 |	-65	 21.842634
HT40/SGI	 T	 MCS11	 50.8	97.0	 94.5	 138(146)	| 0.956522	 1.000000	 1.000000 |	-66	 21.895044
HT40/SGI	 T	 MCS11	 50.9	97.2	 95.9	 144(150)	| 0.978417	 1.000000	 1.000000 |	-62	 22.154655
HT40/SGI	 T	 MCS11	 50.5	96.6	 92.0	 128(139)	| 0.909091	 1.000000	 1.000000 |	-54	 25.693033
HT40/SGI	 T	 MCS11	 51.5	98.5	 99.3	 153(154)	| 0.983934	 1.000000	 1.000000 |	-54	 27.914583
HT40/SGI	 T	 MCS11	 42.4	80.9	 89.4	 110(123)	| 0.571429	 1.000000	 1.000000 |	-72	 29.650354
HT40/SGI	 MCS11	 33.5	 64.0	15.2	 11(	 72)	| 0.000000	 1.000000	 1.000000 |	-70	 30.278246
HT40/SGI	 MCS11	 11.8	 22.5	0.0	 0(	 70)	| 0.000000	 1.000000	 1.000000 |	-75	 30.693213
HT40/SGI	 MCS11	 16.1	 30.8	13.3	 10(	 75)	| 0.333333	 1.000000	 1.000000 |	-72	 30.902328
HT40/SGI	 MCS11	 12.3	 23.6	0.0	 0(	 70)	| 0.100000	 1.000000	 -nan |	-72	 31.371731
HT40/SGI	 MCS11	 7.1	 13.5	0.0	 0(	 70)	| 0.000000	 1.000000	 1.000000 |	-74	 31.586870
HT40/SGI	 MCS11	 14.2	 27.1	67.9	 51(	 75)	| 0.888889	 1.000000	 1.000000 |	-72	 31.641228
HT40/SGI	 MCS11	 8.0	 15.2	0.0	 0(	 41)	| 0.000000	 1.000000	 1.000000 |	-73	 31.743135
HT40/SGI	 MCS11	 13.7	 26.2	37.2	 32(	 86)	| 0.000000	 1.000000	 1.000000 |	-74	 31.845791
HT40/SGI	 MCS11	 12.6	 24.1	60.3	 38(	 63)	| 0.837838	 1.000000	 1.000000 |	-71	 32.165764
HT40/SGI	 MCS11	 21.8	 41.6	23.0	 12(	 52)	| 0.000000	 1.000000	 1.000000 |	-74	 32.532032
HT40/SGI	 MCS11	 12.2	 23.4	0.0	 0(	 43)	| 0.000000	 1.000000	 1.000000 |	-75	 32.636219
HT40/SGI	 MCS11	 0.0	 0.0	0.0	 0(	 20)	| 0.000000	 1.000000	 1.000000 |	-75	 32.942650
HT40/SGI	 MCS11	 0.0	 0.0	0.0	 0(	 26)	| 0.000000	 1.000000	 -nan |	-73	 34.453190
HT40/SGI	 MCS11	 0.0	 0.0	0.0	 0(	 7)	| 0.000000	 1.000000	 1.000000 |	-75	 34.721188
HT40/SGI	 MCS11	 0.0	 4.9	19.9	 9(	 45)	| 0.000000	 1.000000	 1.000000 |	-76	 34.876240
HT40/SGI	 MCS11	 0.0	 0.0	0.0	 0(	 14)	| 0.000000	 1.000000	 1.000000 |	-77	 35.627659
HT40/SGI	 MCS11	 0.0	 0.0	0.0	 0(	 20)	| 0.000000	 1.000000	 1.000000 |	-80	 39.107483
HT40/SGI	 MCS11	 0.0	 0.0	0.0	 0(	 18)	| 0.000000	 1.000000	 1.000000 |	-81	 39.239597
HT40/SGI	 MCS11	 0.0	 0.0	0.0	 0(	 18)	| 0.000000	 1.000000	 1.000000 |	-81	 41.147587
HT40/SGI	 MCS11	 0.0	 0.0	0.0	 0(	 6)	| 0.000000	 1.000000	 1.000000 |	-85	 41.250725
HT40/SGI	 MCS11	 0.0	 0.0	0.0	 0(	 20)	| 0.000000	 1.000000	 1.000000 |	-81	 41.772099
HT40/SGI	 MCS11	 0.0	 0.0	0.0	 0(	 20)	| 0.000000	 1.000000	 1.000000 |	-82	 41.927563
