-26	 0.971154	 1.000000	 1.000000	 0.076183
-26	 0.970874	 1.000000	 1.000000	 0.152391
-24	 0.988258	 1.000000	 1.000000	 0.335193
-23	 0.992629	 1.000000	 1.000000	 0.621417
-23	 0.986842	 1.000000	 1.000000	 0.802609
-23	 0.982249	 1.000000	 1.000000	 0.921454
-26	 0.989437	 1.000000	 1.000000	 1.148888
-24	 0.954545	 1.000000	 1.000000	 1.197736
-26	 0.978947	 1.000000	 1.000000	 1.322388
-26	 0.988615	 1.000000	 1.000000	 1.509693
-24	 0.967742	 1.000000	 1.000000	 1.577587
-27	 0.980198	 1.000000	 1.000000	 1.688004
-35	 0.980134	 1.000000	 1.000000	 2.856800
-30	 0.985949	 1.000000	 1.000000	 3.049302
-30	 0.975410	 1.000000	 1.000000	 3.132643
-30	 0.975207	 1.000000	 1.000000	 3.216499
-33	 0.990581	 1.000000	 1.000000	 3.446985
-34	 0.986842	 1.000000	 1.000000	 3.603182
-35	 0.989031	 1.000000	 1.000000	 3.804475
-36	 0.990461	 1.000000	 1.000000	 4.039113
-36	 0.980132	 1.000000	 1.000000	 4.145463
-38	 0.977186	 1.000000	 1.000000	 4.239469
-41	 0.993111	 1.000000	 1.000000	 4.545121
-39	 0.984925	 1.000000	 1.000000	 4.683047
-44	 0.984887	 1.000000	 1.000000	 4.844033
-44	 0.973913	 1.000000	 1.000000	 4.927492
-43	 0.991124	 1.000000	 1.000000	 5.167458
-42	 0.974684	 1.000000	 1.000000	 5.254259
-39	 0.941176	 1.000000	 1.000000	 5.294047
-37	 0.978723	 1.000000	 1.000000	 5.392607
-37	 0.990264	 1.000000	 1.000000	 5.636560
-46	 0.987526	 1.000000	 1.000000	 5.838849
-49	 0.978182	 1.000000	 1.000000	 6.014815
-47	 0.973282	 1.000000	 1.000000	 6.107110
-46	 0.989228	 1.000000	 1.000000	 6.297069
-46	 0.975207	 1.000000	 1.000000	 6.382683
-44	 0.973451	 1.000000	 1.000000	 6.462042
-42	 0.985112	 1.000000	 1.000000	 6.605274
-40	 0.961290	 1.000000	 1.000000	 6.662245
-47	 0.986333	 1.000000	 1.000000	 6.819686
-45	 0.989071	 1.000000	 1.000000	 7.016452
-47	 0.984085	 1.000000	 1.000000	 7.146363
-50	 0.991848	 1.000000	 1.000000	 7.400093
-49	 0.980000	 1.000000	 1.000000	 7.506438
-44	 0.976923	 1.000000	 1.000000	 7.600177
-43	 0.978799	 1.000000	 1.000000	 7.700064
-48	 0.979452	 1.000000	 1.000000	 7.801489
-47	 0.955556	 1.000000	 1.000000	 7.851407
-51	 0.982201	 1.000000	 1.000000	 9.133378
-52	 0.974468	 1.000000	 1.000000	 9.219323
-53	 0.982955	 1.000000	 1.000000	 9.346585
-52	 0.983516	 1.000000	 1.000000	 9.471717
-49	 0.973568	 1.000000	 1.000000	 9.549833
-52	 0.970588	 1.000000	 1.000000	 9.624697
-51	 0.969697	 1.000000	 1.000000	 9.696787
-50	 0.974790	 1.000000	 1.000000	 9.780774
-48	 0.953846	 1.000000	 1.000000	 9.829426
-50	 0.982143	 1.000000	 1.000000	 9.947534
-54	 0.985782	 1.000000	 1.000000	 10.093060
-58	 0.984416	 1.000000	 1.000000	 10.229768
-56	 0.980132	 1.000000	 1.000000	 10.335800
-57	 0.991317	 1.000000	 1.000000	 10.587371
-58	 0.979933	 1.000000	 1.000000	 10.697024
-58	 0.975000	 1.000000	 1.000000	 10.779929
-57	 0.958333	 1.000000	 1.000000	 10.836013
-58	 0.969388	 1.000000	 1.000000	 10.909212
-57	 0.982609	 1.000000	 1.000000	 11.034885
-58	 0.983562	 1.000000	 1.000000	 11.163809
-56	 0.986364	 1.000000	 1.000000	 11.322705
-55	 0.882353	 1.000000	 1.000000	 11.345010
-58	 0.983784	 1.000000	 1.000000	 11.476909
-58	 0.986637	 1.000000	 1.000000	 11.646573
-63	 0.988327	 1.000000	 1.000000	 11.829734
-62	 0.970000	 1.000000	 1.000000	 11.904921
-61	 0.987474	 1.000000	 1.000000	 12.078448
-59	 0.979933	 1.000000	 1.000000	 12.187217
-59	 0.984211	 1.000000	 1.000000	 12.327972
-60	 0.972477	 1.000000	 1.000000	 12.407269
-62	 0.982709	 1.000000	 1.000000	 12.536740
-61	 0.984334	 1.000000	 1.000000	 12.676852
-65	 0.981982	 1.000000	 1.000000	 12.798339
-65	 0.946903	 1.000000	 1.000000	 12.841762
-59	 0.978261	 1.000000	 1.000000	 12.943059
-65	 0.978022	 1.000000	 1.000000	 13.040606
-70	 0.946903	 1.000000	 1.000000	 13.084343
-71	 0.823529	 1.000000	 1.000000	 13.100939
-71	 0.000000	 1.000000	 1.000000	 13.149932
-71	 0.000000	 1.000000	 1.000000	 13.182413
-71	 0.888889	 1.000000	 1.000000	 13.204866
-72	 0.666667	 1.000000	 1.000000	 13.226670
-72	 0.000000	 1.000000	 -nan	 13.277977
-71	 0.000000	 1.000000	 -nan	 13.323674
-71	 0.000000	 1.000000	 -nan	 13.373584
-73	 0.000000	 1.000000	 -nan	 13.421996
-70	 0.000000	 1.000000	 -nan	 13.473074
-70	 0.953020	 1.000000	 1.000000	 13.528282
-72	 0.681818	 1.000000	 1.000000	 13.539186
-72	 0.000000	 1.000000	 1.000000	 13.542933
-73	 0.000000	 1.000000	 1.000000	 13.549163
-73	 0.000000	 1.000000	 1.000000	 13.554860
-78	 0.000000	 1.000000	 1.000000	 13.612407
-75	 0.000000	 1.000000	 1.000000	 13.666979
-75	 0.000000	 1.000000	 1.000000	 13.681301
-75	 0.000000	 1.000000	 -nan	 13.686061
-76	 0.000000	 1.000000	 -nan	 13.690681
-76	 0.000000	 1.000000	 -nan	 13.696608
-75	 0.000000	 1.000000	 -nan	 13.730458
-66	 0.142857	 1.000000	 -nan	 13.758779
-72	 0.000000	 1.000000	 -nan	 13.765256
-72	 0.000000	 1.000000	 -nan	 13.769869
-73	 0.000000	 1.000000	 -nan	 13.774493
-73	 0.142857	 1.000000	 -nan	 13.778921
-72	 0.000000	 1.000000	 1.000000	 13.815705
-72	 0.142857	 1.000000	 -nan	 13.819903
-71	 0.684211	 1.000000	 1.000000	 13.828999
-72	 0.500000	 1.000000	 1.000000	 13.837900
-71	 0.000000	 1.000000	 1.000000	 13.843321
-72	 0.000000	 1.000000	 1.000000	 13.848192
-71	 0.000000	 1.000000	 1.000000	 13.852382
-72	 0.000000	 1.000000	 1.000000	 13.857321
-73	 0.000000	 1.000000	 1.000000	 13.861985
-73	 0.000000	 1.000000	 1.000000	 13.867185
-73	 0.000000	 1.000000	 -nan	 13.871280
-73	 0.000000	 1.000000	 1.000000	 13.897181
-73	 0.000000	 1.000000	 1.000000	 13.918854
-71	 0.142857	 1.000000	 -nan	 13.923123
-72	 0.000000	 1.000000	 1.000000	 13.931499
-72	 0.000000	 1.000000	 1.000000	 13.937330
-73	 0.000000	 1.000000	 1.000000	 13.948280
-73	 0.400000	 1.000000	 1.000000	 13.953686
-73	 0.647059	 1.000000	 1.000000	 13.962582
-73	 0.454545	 1.000000	 1.000000	 13.968736
-74	 0.400000	 1.000000	 1.000000	 13.973731
-75	 0.142857	 1.000000	 1.000000	 13.978883
-75	 0.000000	 1.000000	 1.000000	 13.983267
-75	 0.000000	 1.000000	 1.000000	 13.987549
-76	 0.000000	 1.000000	 1.000000	 14.001872
-77	 0.000000	 1.000000	 -nan	 14.057416
-74	 0.000000	 1.000000	 -nan	 14.085962
-75	 0.000000	 1.000000	 1.000000	 14.090608
-73	 0.000000	 1.000000	 1.000000	 14.095987
-73	 0.000000	 1.000000	 1.000000	 14.101242
-73	 0.000000	 1.000000	 1.000000	 14.105737
-73	 0.000000	 1.000000	 1.000000	 14.109982
-73	 0.000000	 1.000000	 1.000000	 14.115156
-74	 0.000000	 1.000000	 1.000000	 14.120024
-73	 0.000000	 1.000000	 1.000000	 14.124693
-74	 0.000000	 1.000000	 1.000000	 14.129267
-69	 0.000000	 1.000000	 1.000000	 14.166386
-74	 0.018473	 1.000000	 1.000000	 15.376400
-73	 0.000000	 1.000000	 1.000000	 15.380720
-76	 0.000000	 1.000000	 1.000000	 15.409152
-76	 0.000000	 1.000000	 1.000000	 15.451532
-75	 0.000000	 1.000000	 1.000000	 15.455580
-75	 0.000000	 1.000000	 1.000000	 15.460811
-75	 0.000000	 1.000000	 1.000000	 15.465763
-75	 0.000000	 1.000000	 1.000000	 15.470487
-75	 0.000000	 1.000000	 1.000000	 15.475126
-75	 0.000000	 1.000000	 1.000000	 15.495852
-76	 0.000000	 1.000000	 1.000000	 15.515656
-75	 0.000000	 1.000000	 1.000000	 15.540915
-76	 0.000000	 1.000000	 1.000000	 15.580695
-77	 0.000000	 1.000000	 1.000000	 15.629872
-78	 0.000000	 1.000000	 1.000000	 15.685079
-76	 0.000000	 1.000000	 1.000000	 15.739312
-80	 0.000000	 1.000000	 1.000000	 15.793289
-77	 0.000000	 1.000000	 1.000000	 15.845896
-75	 0.000000	 1.000000	 1.000000	 15.901573
-74	 0.000000	 1.000000	 1.000000	 15.919994
-74	 0.000000	 1.000000	 1.000000	 15.924954
-74	 0.000000	 1.000000	 1.000000	 15.933171
-74	 0.000000	 1.000000	 1.000000	 15.937228
-74	 0.000000	 1.000000	 1.000000	 15.952983
-73	 0.000000	 1.000000	 1.000000	 15.967556
-75	 0.000000	 1.000000	 1.000000	 15.983598
-75	 0.000000	 1.000000	 1.000000	 15.998831
-73	 0.000000	 1.000000	 1.000000	 16.013742
-73	 0.000000	 1.000000	 1.000000	 16.029602
-74	 0.000000	 1.000000	 1.000000	 16.046680
-75	 0.000000	 1.000000	 1.000000	 16.061392
-77	 0.000000	 1.000000	 1.000000	 16.081347
-75	 0.000000	 1.000000	 1.000000	 16.100586
-71	 0.000000	 1.000000	 1.000000	 16.106731
-76	 0.000000	 1.000000	 1.000000	 16.112343
-76	 0.000000	 1.000000	 1.000000	 16.119951
-77	 0.000000	 1.000000	 1.000000	 16.140240
-76	 0.000000	 1.000000	 1.000000	 16.160225
-75	 0.000000	 1.000000	 1.000000	 16.175142
-76	 0.000000	 1.000000	 1.000000	 16.185328
-77	 0.000000	 1.000000	 1.000000	 16.200039
-74	 0.000000	 1.000000	 1.000000	 16.217793
-74	 0.000000	 1.000000	 1.000000	 16.233194
-75	 0.000000	 1.000000	 1.000000	 16.248857
-74	 0.000000	 1.000000	 1.000000	 16.263454
-74	 0.000000	 1.000000	 1.000000	 16.267994
-73	 0.142857	 1.000000	 1.000000	 16.272919
-76	 0.000000	 1.000000	 1.000000	 16.292873
-75	 0.000000	 1.000000	 1.000000	 16.302345
-74	 0.000000	 1.000000	 1.000000	 16.389452
-73	 0.050000	 1.000000	 1.000000	 16.403086
-73	 0.142857	 1.000000	 1.000000	 16.407684
-72	 0.000000	 1.000000	 1.000000	 16.412943
-73	 0.000000	 1.000000	 1.000000	 16.418718
-73	 0.000000	 1.000000	 -nan	 16.422970
-74	 0.000000	 1.000000	 1.000000	 16.427694
-74	 0.000000	 1.000000	 1.000000	 16.432226
-74	 0.000000	 1.000000	 1.000000	 16.437773
-75	 0.000000	 1.000000	 1.000000	 16.444353
-76	 0.000000	 1.000000	 1.000000	 16.490358
-76	 0.000000	 1.000000	 -nan	 16.509825
-74	 0.000000	 1.000000	 1.000000	 16.549156
-73	 0.000000	 1.000000	 1.000000	 16.571787
-72	 0.200000	 1.000000	 1.000000	 16.607546
-72	 0.000000	 1.000000	 -nan	 16.611288
-71	 0.142857	 1.000000	 1.000000	 16.616760
-71	 0.125000	 1.000000	 1.000000	 16.622477
-72	 0.000000	 1.000000	 1.000000	 16.627102
-71	 0.000000	 1.000000	 1.000000	 16.631697
-71	 0.000000	 1.000000	 1.000000	 16.639997
-71	 0.000000	 1.000000	 1.000000	 16.646156
-71	 0.000000	 1.000000	 1.000000	 16.651455
-74	 0.000000	 1.000000	 1.000000	 16.690622
-74	 0.000000	 1.000000	 1.000000	 16.696377
-74	 0.000000	 1.000000	 1.000000	 16.700291
-75	 0.000000	 1.000000	 1.000000	 16.705090
-75	 0.000000	 1.000000	 1.000000	 16.709892
-75	 0.000000	 1.000000	 1.000000	 16.714722
-75	 0.000000	 1.000000	 1.000000	 16.719645
-74	 0.000000	 1.000000	 1.000000	 16.762901
-73	 0.000000	 1.000000	 -nan	 16.767838
-72	 0.000000	 1.000000	 1.000000	 16.772581
-72	 0.000000	 1.000000	 1.000000	 16.777117
-73	 0.000000	 1.000000	 1.000000	 16.781677
-72	 0.000000	 1.000000	 1.000000	 16.785709
-72	 0.000000	 1.000000	 1.000000	 16.790100
-72	 0.000000	 1.000000	 1.000000	 16.793941
-73	 0.000000	 1.000000	 1.000000	 16.799295
-73	 0.000000	 1.000000	 1.000000	 16.803926
-73	 0.000000	 1.000000	 1.000000	 16.808685
-73	 0.000000	 1.000000	 1.000000	 16.813370
-73	 0.000000	 1.000000	 1.000000	 16.819632
-71	 0.000000	 1.000000	 -nan	 16.824001
-75	 0.000000	 1.000000	 1.000000	 16.839001
-76	 0.000000	 1.000000	 1.000000	 16.888218
-77	 0.000000	 1.000000	 1.000000	 16.944483
-77	 0.000000	 1.000000	 1.000000	 16.994415
-77	 0.000000	 1.000000	 1.000000	 17.024549
-76	 0.000000	 1.000000	 1.000000	 17.029427
-76	 0.125000	 1.000000	 1.000000	 17.034599
-77	 0.000000	 1.000000	 1.000000	 17.050905
-75	 0.000000	 1.000000	 1.000000	 17.336767
-77	 0.000000	 1.000000	 1.000000	 17.386751
-77	 0.000000	 1.000000	 1.000000	 17.743057
-77	 0.000000	 1.000000	 1.000000	 17.804953
-79	 0.000000	 1.000000	 1.000000	 17.917946
-77	 0.000000	 1.000000	 1.000000	 18.098602
-75	 0.000000	 1.000000	 1.000000	 18.332241
-77	 0.000000	 1.000000	 1.000000	 18.400833
-71	 0.000000	 1.000000	 1.000000	 18.654755
-69	 0.850000	 1.000000	 1.000000	 18.673304
-71	 0.863636	 1.000000	 1.000000	 18.699062
-72	 0.538462	 1.000000	 1.000000	 18.705540
-72	 0.000000	 1.000000	 1.000000	 18.711109
-72	 0.000000	 1.000000	 -nan	 18.715536
-71	 0.000000	 1.000000	 -nan	 18.721346
-71	 0.869565	 1.000000	 1.000000	 18.739946
-71	 0.760000	 1.000000	 1.000000	 18.751650
-71	 0.877551	 1.000000	 1.000000	 18.772865
-69	 0.500000	 1.000000	 1.000000	 18.806923
-69	 0.500000	 1.000000	 1.000000	 18.866739
-70	 0.000000	 1.000000	 -nan	 18.872095
-69	 0.000000	 1.000000	 -nan	 18.876255
-71	 0.250000	 1.000000	 1.000000	 18.904146
-71	 0.000000	 1.000000	 -nan	 18.920088
-71	 0.000000	 1.000000	 1.000000	 18.924431
-71	 0.000000	 1.000000	 1.000000	 18.929035
-71	 0.000000	 1.000000	 1.000000	 18.934061
-72	 0.000000	 1.000000	 1.000000	 18.938614
-72	 0.000000	 1.000000	 1.000000	 18.942631
-70	 0.000000	 1.000000	 1.000000	 18.948406
-70	 0.952000	 1.000000	 1.000000	 18.995539
-70	 0.708333	 1.000000	 1.000000	 19.007095
-69	 0.896552	 1.000000	 1.000000	 19.030071
-69	 0.000000	 1.000000	 1.000000	 19.035051
-72	 0.000000	 1.000000	 1.000000	 19.039152
-72	 0.000000	 1.000000	 -nan	 19.043966
-70	 0.000000	 1.000000	 1.000000	 19.049435
-71	 0.500000	 1.000000	 1.000000	 19.057125
-71	 0.400000	 1.000000	 -nan	 19.062130
-72	 0.631579	 1.000000	 1.000000	 19.071245
-73	 0.000000	 1.000000	 1.000000	 19.080339
-74	 0.000000	 1.000000	 -nan	 19.089474
-74	 0.000000	 1.000000	 -nan	 19.093241
-72	 0.000000	 1.000000	 1.000000	 19.098507
-73	 0.000000	 1.000000	 1.000000	 19.103043
-73	 0.000000	 1.000000	 -nan	 19.107780
-73	 0.000000	 1.000000	 -nan	 19.112337
-73	 0.000000	 1.000000	 1.000000	 19.117441
-71	 0.000000	 1.000000	 1.000000	 19.122316
-71	 0.000000	 1.000000	 1.000000	 19.126892
-71	 0.000000	 1.000000	 1.000000	 19.133200
-71	 0.000000	 1.000000	 1.000000	 19.137489
-72	 0.000000	 1.000000	 1.000000	 19.142258
-73	 0.000000	 1.000000	 1.000000	 19.146711
-73	 0.946903	 1.000000	 1.000000	 19.190636
-73	 0.142857	 1.000000	 1.000000	 19.195024
-74	 0.400000	 1.000000	 1.000000	 19.200912
-74	 0.666667	 1.000000	 1.000000	 19.211100
-73	 0.000000	 1.000000	 1.000000	 19.215574
-75	 0.000000	 1.000000	 1.000000	 19.221020
-75	 0.000000	 1.000000	 -nan	 19.225300
-77	 0.000000	 1.000000	 1.000000	 19.231194
-77	 0.000000	 1.000000	 1.000000	 19.237188
-76	 0.000000	 1.000000	 1.000000	 19.242905
-75	 0.000000	 1.000000	 -nan	 19.247198
-75	 0.000000	 1.000000	 -nan	 19.252583
-75	 0.000000	 1.000000	 -nan	 19.275774
-74	 0.000000	 1.000000	 -nan	 19.280523
-74	 0.000000	 1.000000	 1.000000	 19.286194
-75	 0.000000	 1.000000	 1.000000	 19.290611
-74	 0.000000	 1.000000	 1.000000	 19.313082
-74	 0.000000	 1.000000	 1.000000	 19.327904
-71	 0.000000	 1.000000	 1.000000	 19.346207
-72	 0.000000	 1.000000	 1.000000	 19.350563
-72	 0.000000	 1.000000	 1.000000	 19.356421
-73	 0.000000	 1.000000	 1.000000	 19.360912
-74	 0.000000	 1.000000	 1.000000	 19.366055
-72	 0.000000	 1.000000	 1.000000	 19.370300
-73	 0.000000	 1.000000	 -nan	 19.374636
-73	 0.000000	 1.000000	 1.000000	 19.378756
-73	 0.000000	 1.000000	 1.000000	 19.384323
-73	 0.000000	 1.000000	 1.000000	 19.388735
-73	 0.000000	 1.000000	 1.000000	 19.392925
-73	 0.000000	 1.000000	 1.000000	 19.397818
-74	 0.000000	 1.000000	 1.000000	 19.402643
-74	 0.000000	 1.000000	 1.000000	 19.406729
-74	 0.000000	 1.000000	 1.000000	 19.411303
-74	 0.000000	 1.000000	 1.000000	 19.416487
-74	 0.000000	 1.000000	 -nan	 19.420986
-74	 0.000000	 1.000000	 1.000000	 19.426950
-74	 0.000000	 1.000000	 1.000000	 19.431519
-74	 0.000000	 1.000000	 1.000000	 19.437029
-73	 0.000000	 1.000000	 1.000000	 19.444168
-73	 0.000000	 1.000000	 1.000000	 19.449820
-73	 0.000000	 1.000000	 -nan	 19.453997
-73	 0.000000	 1.000000	 1.000000	 19.458755
-73	 0.000000	 1.000000	 1.000000	 19.464024
-73	 0.000000	 1.000000	 1.000000	 19.468782
-73	 0.000000	 1.000000	 1.000000	 19.475262
-73	 0.000000	 1.000000	 1.000000	 19.479973
-72	 0.142857	 1.000000	 1.000000	 19.493519
-71	 0.785714	 1.000000	 1.000000	 19.505264
-71	 0.650000	 1.000000	 1.000000	 19.514645
-71	 0.307692	 1.000000	 1.000000	 19.522680
-71	 0.250000	 1.000000	 1.000000	 19.528128
-72	 0.000000	 1.000000	 1.000000	 19.532845
-71	 0.000000	 1.000000	 1.000000	 19.537661
-71	 0.000000	 1.000000	 1.000000	 19.541220
-72	 0.910448	 1.000000	 1.000000	 19.567320
-71	 0.142857	 1.000000	 1.000000	 19.572628
-70	 0.000000	 1.000000	 1.000000	 19.577473
-69	 0.000000	 1.000000	 1.000000	 19.582529
-69	 0.000000	 1.000000	 -nan	 19.587524
-69	 0.000000	 1.000000	 -nan	 19.592699
-70	 0.000000	 1.000000	 1.000000	 19.616049
-70	 0.142857	 1.000000	 -nan	 19.635353
-70	 0.142857	 1.000000	 -nan	 19.640383
-70	 0.222222	 1.000000	 -nan	 19.645121
-69	 0.647059	 1.000000	 1.000000	 19.653255
-70	 0.125000	 1.000000	 1.000000	 19.658541
-69	 0.142857	 1.000000	 1.000000	 19.663509
-70	 0.000000	 1.000000	 1.000000	 19.668283
-69	 0.000000	 1.000000	 1.000000	 19.672247
-70	 0.000000	 1.000000	 1.000000	 19.677055
-69	 0.000000	 1.000000	 -nan	 19.680954
-71	 0.133333	 1.000000	 1.000000	 19.691425
-71	 0.000000	 1.000000	 1.000000	 19.696260
-70	 0.000000	 1.000000	 1.000000	 19.701044
-70	 0.000000	 1.000000	 1.000000	 19.704967
-71	 0.250000	 1.000000	 1.000000	 19.709824
-70	 0.910448	 1.000000	 1.000000	 19.735962
-71	 0.965909	 1.000000	 1.000000	 19.805470
-72	 0.884615	 1.000000	 1.000000	 19.827606
-71	 0.684211	 1.000000	 1.000000	 19.836266
-70	 0.949153	 1.000000	 1.000000	 19.879436
-70	 0.875000	 1.000000	 1.000000	 19.898628
-69	 0.954545	 1.000000	 1.000000	 19.947754
-72	 0.000000	 1.000000	 1.000000	 19.952879
-72	 0.000000	 1.000000	 -nan	 19.957758
-72	 0.760000	 1.000000	 1.000000	 19.969061
-72	 0.958333	 1.000000	 1.000000	 20.023516
-65	 0.985294	 1.000000	 1.000000	 20.165661
-66	 0.955224	 1.000000	 1.000000	 20.214537
-68	 0.982906	 1.000000	 1.000000	 20.337505
-71	 0.929412	 1.000000	 1.000000	 20.382566
-67	 0.538462	 1.000000	 1.000000	 20.410421
-65	 0.958109	 1.000000	 1.000000	 21.634987
-67	 0.975510	 1.000000	 1.000000	 21.726831
-65	 0.982143	 1.000000	 1.000000	 21.842634
-66	 0.956522	 1.000000	 1.000000	 21.895044
-64	 0.969072	 1.000000	 1.000000	 21.965618
-60	 0.976378	 1.000000	 1.000000	 22.053892
-62	 0.978417	 1.000000	 1.000000	 22.154655
-63	 0.987097	 1.000000	 1.000000	 22.315525
-64	 0.968254	 1.000000	 1.000000	 22.385313
-62	 0.988372	 1.000000	 1.000000	 22.568150
-60	 0.990244	 1.000000	 1.000000	 22.917164
-61	 0.985075	 1.000000	 1.000000	 23.060036
-61	 0.984810	 1.000000	 1.000000	 23.197655
-63	 0.982955	 1.000000	 1.000000	 23.320501
-62	 0.983287	 1.000000	 1.000000	 23.447001
-60	 0.986517	 1.000000	 1.000000	 23.608149
-64	 0.975104	 1.000000	 1.000000	 23.696268
-59	 0.965318	 1.000000	 1.000000	 23.761209
-62	 0.976285	 1.000000	 1.000000	 23.851849
-60	 0.964912	 1.000000	 1.000000	 23.914272
-57	 0.986333	 1.000000	 1.000000	 24.071365
-60	 0.971292	 1.000000	 1.000000	 24.149092
-58	 0.986985	 1.000000	 1.000000	 24.313320
-54	 0.988636	 1.000000	 1.000000	 24.498695
-57	 0.988258	 1.000000	 1.000000	 24.701492
-54	 0.987041	 1.000000	 1.000000	 24.865561
-52	 0.983784	 1.000000	 1.000000	 25.000128
-53	 0.975410	 1.000000	 1.000000	 25.091154
-53	 0.986207	 1.000000	 1.000000	 25.247005
-54	 0.979310	 1.000000	 1.000000	 25.350931
-54	 0.988950	 1.000000	 1.000000	 25.543343
-55	 0.965714	 1.000000	 1.000000	 25.608946
-52	 0.960526	 1.000000	 1.000000	 25.667133
-54	 0.909091	 1.000000	 1.000000	 25.693033
-49	 0.965909	 1.000000	 1.000000	 25.759014
-52	 0.991781	 1.000000	 1.000000	 26.020359
-52	 0.985507	 1.000000	 1.000000	 26.174547
-48	 0.984772	 1.000000	 1.000000	 26.315241
-48	 0.971831	 1.000000	 1.000000	 26.392878
-51	 0.969849	 1.000000	 1.000000	 26.465702
-46	 0.952381	 1.000000	 1.000000	 26.514502
-52	 0.950820	 1.000000	 1.000000	 26.560184
-47	 0.972727	 1.000000	 1.000000	 26.644157
-54	 0.983934	 1.000000	 1.000000	 27.914583
-57	 0.985401	 1.000000	 1.000000	 28.059170
-57	 0.963636	 1.000000	 1.000000	 28.121096
-62	 0.981538	 1.000000	 1.000000	 28.237085
-70	 0.983957	 1.000000	 1.000000	 28.370487
-70	 0.739130	 1.000000	 1.000000	 28.406858
-67	 0.972477	 1.000000	 1.000000	 28.487116
-66	 0.976471	 1.000000	 1.000000	 28.581789
-67	 0.982196	 1.000000	 1.000000	 28.707127
-68	 0.571429	 1.000000	 1.000000	 28.746389
-66	 0.222222	 1.000000	 -nan	 28.771650
-67	 0.850000	 1.000000	 1.000000	 28.787537
-67	 0.625000	 1.000000	 1.000000	 28.813580
-67	 0.958904	 1.000000	 1.000000	 28.867401
-63	 0.979167	 1.000000	 1.000000	 28.974953
-63	 0.962963	 1.000000	 1.000000	 29.035769
-63	 0.966851	 1.000000	 1.000000	 29.101053
-68	 0.973799	 1.000000	 1.000000	 29.184660
-68	 0.454545	 1.000000	 1.000000	 29.195414
-68	 0.969697	 1.000000	 1.000000	 29.270626
-69	 0.980645	 1.000000	 1.000000	 29.380095
-70	 0.857143	 1.000000	 1.000000	 29.409901
-71	 0.880000	 1.000000	 1.000000	 29.430672
-72	 0.945946	 1.000000	 1.000000	 29.487230
-72	 0.400000	 1.000000	 1.000000	 29.503847
-73	 0.760000	 1.000000	 1.000000	 29.517073
-73	 0.800000	 1.000000	 1.000000	 29.553658
-72	 0.892857	 1.000000	 1.000000	 29.584610
-71	 0.727273	 1.000000	 1.000000	 29.595964
-71	 0.939655	 1.000000	 1.000000	 29.642464
-72	 0.571429	 1.000000	 1.000000	 29.650354
-71	 0.454545	 1.000000	 1.000000	 29.656267
-70	 0.863636	 1.000000	 1.000000	 29.673641
-69	 0.611111	 1.000000	 1.000000	 29.682844
-70	 0.142857	 1.000000	 1.000000	 29.687738
-69	 0.000000	 1.000000	 -nan	 29.718702
-65	 0.000000	 1.000000	 -nan	 29.730751
-72	 0.142857	 1.000000	 1.000000	 29.762327
-72	 0.818182	 1.000000	 1.000000	 29.777321
-71	 0.900000	 1.000000	 1.000000	 29.801617
-70	 0.966851	 1.000000	 1.000000	 29.869049
-69	 0.968085	 1.000000	 1.000000	 29.937721
-69	 0.562500	 1.000000	 1.000000	 29.946287
-68	 0.857143	 1.000000	 1.000000	 29.963516
-71	 0.915663	 1.000000	 1.000000	 29.995352
-72	 0.705882	 1.000000	 1.000000	 30.022982
-73	 0.720000	 1.000000	 1.000000	 30.036682
-71	 0.890909	 1.000000	 1.000000	 30.057753
-71	 0.142857	 1.000000	 1.000000	 30.063017
-68	 0.727273	 1.000000	 1.000000	 30.077906
-67	 0.924051	 1.000000	 1.000000	 30.108713
-68	 0.948276	 1.000000	 1.000000	 30.151615
-71	 0.000000	 1.000000	 1.000000	 30.158760
-72	 0.000000	 1.000000	 1.000000	 30.163822
-72	 0.000000	 1.000000	 1.000000	 30.168930
-73	 0.000000	 1.000000	 1.000000	 30.173779
-73	 0.000000	 1.000000	 1.000000	 30.179718
-72	 0.853659	 1.000000	 1.000000	 30.197765
-71	 0.910256	 1.000000	 1.000000	 30.226767
-71	 0.600000	 1.000000	 1.000000	 30.235413
-71	 0.076923	 1.000000	 1.000000	 30.244349
-71	 0.000000	 1.000000	 1.000000	 30.249363
-69	 0.000000	 1.000000	 1.000000	 30.254143
-70	 0.000000	 1.000000	 1.000000	 30.259766
-69	 0.000000	 1.000000	 1.000000	 30.263618
-70	 0.000000	 1.000000	 1.000000	 30.270920
-70	 0.000000	 1.000000	 1.000000	 30.278246
-70	 0.000000	 1.000000	 1.000000	 30.282520
-71	 0.000000	 1.000000	 1.000000	 30.287327
-71	 0.222222	 1.000000	 1.000000	 30.292976
-71	 0.454545	 1.000000	 1.000000	 30.298759
-72	 0.760000	 1.000000	 1.000000	 30.309692
-73	 0.933962	 1.000000	 1.000000	 30.350826
-72	 0.500000	 1.000000	 1.000000	 30.357494
-72	 0.571429	 1.000000	 1.000000	 30.365278
-71	 0.333333	 1.000000	 1.000000	 30.371086
-72	 0.000000	 1.000000	 -nan	 30.375135
-72	 0.000000	 1.000000	 -nan	 30.379913
-72	 0.000000	 1.000000	 -nan	 30.385183
-72	 0.000000	 1.000000	 -nan	 30.389042
-72	 0.000000	 1.000000	 -nan	 30.393782
-72	 0.000000	 1.000000	 1.000000	 30.400969
-73	 0.000000	 1.000000	 -nan	 30.405081
-72	 0.000000	 1.000000	 -nan	 30.408936
-73	 0.000000	 1.000000	 1.000000	 30.413315
-74	 0.000000	 1.000000	 1.000000	 30.418344
-75	 0.000000	 1.000000	 1.000000	 30.423117
-75	 0.000000	 1.000000	 -nan	 30.427090
-75	 0.000000	 1.000000	 1.000000	 30.431570
-75	 0.000000	 1.000000	 1.000000	 30.438032
-74	 0.000000	 1.000000	 -nan	 30.442848
-74	 0.000000	 1.000000	 -nan	 30.447563
-74	 0.142857	 1.000000	 -nan	 30.452435
-73	 0.142857	 1.000000	 1.000000	 30.457254
-73	 0.625000	 1.000000	 -nan	 30.464010
-73	 0.142857	 1.000000	 1.000000	 30.468784
-73	 0.000000	 1.000000	 1.000000	 30.473761
-73	 0.000000	 1.000000	 1.000000	 30.478680
-75	 0.000000	 1.000000	 1.000000	 30.483019
-76	 0.000000	 1.000000	 1.000000	 30.490929
-75	 0.000000	 1.000000	 1.000000	 30.495275
-75	 0.000000	 1.000000	 -nan	 30.500109
-76	 0.142857	 1.000000	 1.000000	 30.505444
-73	 0.000000	 1.000000	 1.000000	 30.542242
-72	 0.925000	 1.000000	 1.000000	 30.573034
-73	 0.000000	 1.000000	 1.000000	 30.579252
-74	 0.000000	 1.000000	 -nan	 30.583996
-72	 0.000000	 1.000000	 -nan	 30.588785
-73	 0.000000	 1.000000	 -nan	 30.593239
-73	 0.000000	 1.000000	 -nan	 30.597494
-73	 0.000000	 1.000000	 -nan	 30.601452
-73	 0.000000	 1.000000	 1.000000	 30.606833
-73	 0.000000	 1.000000	 1.000000	 30.612286
-73	 0.000000	 1.000000	 1.000000	 30.616491
-73	 0.000000	 1.000000	 -nan	 30.620958
-73	 0.000000	 1.000000	 1.000000	 30.625366
-72	 0.000000	 1.000000	 1.000000	 30.630289
-72	 0.000000	 1.000000	 1.000000	 30.635624
-71	 0.000000	 1.000000	 1.000000	 30.645548
-71	 0.000000	 1.000000	 1.000000	 30.650736
-71	 0.000000	 1.000000	 -nan	 30.654613
-72	 0.000000	 1.000000	 1.000000	 30.660149
-73	 0.000000	 1.000000	 1.000000	 30.665316
-73	 0.000000	 1.000000	 1.000000	 30.669275
-73	 0.000000	 1.000000	 1.000000	 30.674635
-73	 0.000000	 1.000000	 1.000000	 30.679480
-74	 0.000000	 1.000000	 1.000000	 30.684460
-75	 0.000000	 1.000000	 1.000000	 30.688335
-75	 0.000000	 1.000000	 1.000000	 30.693213
-75	 0.000000	 1.000000	 1.000000	 30.697685
-76	 0.000000	 1.000000	 1.000000	 30.704948
-77	 0.000000	 1.000000	 1.000000	 30.709690
-77	 0.000000	 1.000000	 1.000000	 30.715731
-73	 0.000000	 1.000000	 1.000000	 30.744015
-72	 0.000000	 1.000000	 1.000000	 30.749191
-70	 0.000000	 1.000000	 1.000000	 30.754114
-71	 0.000000	 1.000000	 1.000000	 30.758257
-69	 0.777778	 1.000000	 1.000000	 30.769695
-69	 0.812500	 1.000000	 1.000000	 30.783516
-71	 0.892857	 1.000000	 1.000000	 30.805243
-72	 0.842105	 1.000000	 1.000000	 30.822683
-71	 0.142857	 1.000000	 1.000000	 30.827881
-72	 0.000000	 1.000000	 1.000000	 30.832663
-71	 0.000000	 1.000000	 -nan	 30.837782
-71	 0.000000	 1.000000	 1.000000	 30.842846
-70	 0.000000	 1.000000	 1.000000	 30.848763
-70	 0.000000	 1.000000	 -nan	 30.854031
-71	 0.000000	 1.000000	 -nan	 30.857861
-71	 0.000000	 1.000000	 1.000000	 30.863018
-73	 0.000000	 1.000000	 1.000000	 30.867838
-72	 0.000000	 1.000000	 1.000000	 30.872107
-72	 0.000000	 1.000000	 1.000000	 30.876169
-72	 0.142857	 1.000000	 1.000000	 30.880962
-72	 0.142857	 1.000000	 1.000000	 30.886028
-72	 0.333333	 1.000000	 1.000000	 30.891239
-72	 0.333333	 1.000000	 1.000000	 30.897238
-72	 0.333333	 1.000000	 1.000000	 30.902328
-73	 0.000000	 1.000000	 1.000000	 30.908062
-72	 0.125000	 1.000000	 1.000000	 30.912901
-72	 0.000000	 1.000000	 1.000000	 30.917736
-72	 0.000000	 1.000000	 1.000000	 30.922493
-73	 0.000000	 1.000000	 1.000000	 30.927473
-73	 0.000000	 1.000000	 1.000000	 30.931967
-73	 0.000000	 1.000000	 1.000000	 30.936325
-73	 0.142857	 1.000000	 -nan	 30.940395
-71	 0.538462	 1.000000	 1.000000	 30.947758
-71	 0.684211	 1.000000	 1.000000	 30.956814
-72	 0.400000	 1.000000	 1.000000	 30.962921
-72	 0.000000	 1.000000	 1.000000	 30.967728
-72	 0.000000	 1.000000	 -nan	 30.971550
-71	 0.125000	 1.000000	 1.000000	 30.977583
-70	 0.250000	 1.000000	 1.000000	 30.982704
-70	 0.235294	 1.000000	 1.000000	 30.993439
-71	 0.700000	 1.000000	 1.000000	 31.002687
-72	 0.363636	 1.000000	 1.000000	 31.009329
-73	 0.000000	 1.000000	 1.000000	 31.018362
-73	 0.000000	 1.000000	 1.000000	 31.024405
-74	 0.000000	 1.000000	 1.000000	 31.029232
-74	 0.000000	 1.000000	 -nan	 31.033951
-76	 0.000000	 1.000000	 -nan	 31.038939
-76	 0.000000	 1.000000	 1.000000	 31.043356
-76	 0.000000	 1.000000	 1.000000	 31.048239
-75	 0.142857	 1.000000	 1.000000	 31.052317
-72	 0.931035	 1.000000	 1.000000	 31.086626
-71	 0.774194	 1.000000	 1.000000	 31.100521
-71	 0.250000	 1.000000	 1.000000	 31.107491
-71	 0.000000	 1.000000	 -nan	 31.114870
-71	 0.000000	 1.000000	 1.000000	 31.119589
-71	 0.000000	 1.000000	 1.000000	 31.124449
-70	 0.000000	 1.000000	 1.000000	 31.129232
-71	 0.000000	 1.000000	 1.000000	 31.133125
-71	 0.000000	 1.000000	 1.000000	 31.138309
-71	 0.000000	 1.000000	 1.000000	 31.142349
-71	 0.000000	 1.000000	 -nan	 31.146400
-71	 0.000000	 1.000000	 1.000000	 31.151461
-71	 0.000000	 1.000000	 1.000000	 31.156363
-72	 0.000000	 1.000000	 1.000000	 31.161224
-73	 0.000000	 1.000000	 1.000000	 31.165751
-74	 0.000000	 1.000000	 1.000000	 31.171568
-75	 0.000000	 1.000000	 1.000000	 31.198946
-75	 0.000000	 1.000000	 -nan	 31.204031
-73	 0.000000	 1.000000	 -nan	 31.208464
-74	 0.000000	 1.000000	 1.000000	 31.212753
-74	 0.000000	 1.000000	 1.000000	 31.216219
-72	 0.000000	 1.000000	 1.000000	 31.220991
-73	 0.000000	 1.000000	 1.000000	 31.224947
-73	 0.142857	 1.000000	 1.000000	 31.229879
-70	 0.538462	 1.000000	 1.000000	 31.236713
-70	 0.937500	 1.000000	 1.000000	 31.274502
-69	 0.000000	 1.000000	 1.000000	 31.279388
-70	 0.000000	 1.000000	 1.000000	 31.284512
-70	 0.000000	 1.000000	 1.000000	 31.290565
-72	 0.000000	 1.000000	 1.000000	 31.300140
-73	 0.000000	 1.000000	 1.000000	 31.305229
-74	 0.000000	 1.000000	 1.000000	 31.310043
-74	 0.000000	 1.000000	 1.000000	 31.315203
-74	 0.000000	 1.000000	 -nan	 31.319700
-75	 0.000000	 1.000000	 -nan	 31.324684
-74	 0.000000	 1.000000	 -nan	 31.329063
-75	 0.000000	 1.000000	 -nan	 31.332935
-76	 0.000000	 1.000000	 -nan	 31.337969
-76	 0.000000	 1.000000	 -nan	 31.342560
-76	 0.000000	 1.000000	 -nan	 31.346687
-76	 0.000000	 1.000000	 -nan	 31.350842
-74	 0.000000	 1.000000	 -nan	 31.355885
-74	 0.000000	 1.000000	 -nan	 31.360622
-73	 0.000000	 1.000000	 1.000000	 31.365690
-72	 0.100000	 1.000000	 -nan	 31.371731
-71	 0.793103	 1.000000	 1.000000	 31.384075
-72	 0.785714	 1.000000	 1.000000	 31.397823
-73	 0.000000	 1.000000	 1.000000	 31.402967
-73	 0.000000	 1.000000	 1.000000	 31.406967
-74	 0.000000	 1.000000	 1.000000	 31.412592
-74	 0.000000	 1.000000	 1.000000	 31.417723
-76	 0.000000	 1.000000	 1.000000	 31.441156
-74	 0.000000	 1.000000	 -nan	 31.470736
-74	 0.000000	 1.000000	 -nan	 31.475103
-74	 0.000000	 1.000000	 -nan	 31.479010
-74	 0.000000	 1.000000	 1.000000	 31.484112
-73	 0.000000	 1.000000	 1.000000	 31.488955
-72	 0.000000	 1.000000	 1.000000	 31.492874
-72	 0.000000	 1.000000	 1.000000	 31.498039
-72	 0.125000	 1.000000	 1.000000	 31.503019
-72	 0.125000	 1.000000	 1.000000	 31.508608
-72	 0.142857	 1.000000	 1.000000	 31.514807
-73	 0.000000	 1.000000	 1.000000	 31.520103
-73	 0.000000	 1.000000	 1.000000	 31.524475
-73	 0.000000	 1.000000	 1.000000	 31.529285
-74	 0.000000	 1.000000	 1.000000	 31.533754
-75	 0.000000	 1.000000	 1.000000	 31.538435
-74	 0.000000	 1.000000	 1.000000	 31.542322
-74	 0.000000	 1.000000	 1.000000	 31.547640
-74	 0.000000	 1.000000	 1.000000	 31.551517
-74	 0.000000	 1.000000	 1.000000	 31.556076
-74	 0.000000	 1.000000	 1.000000	 31.561172
-75	 0.000000	 1.000000	 -nan	 31.565289
-74	 0.000000	 1.000000	 1.000000	 31.569675
-75	 0.000000	 1.000000	 1.000000	 31.574024
-74	 0.000000	 1.000000	 1.000000	 31.577909
-73	 0.000000	 1.000000	 1.000000	 31.582561
-74	 0.000000	 1.000000	 1.000000	 31.586870
-74	 0.000000	 1.000000	 1.000000	 31.592251
-72	 0.000000	 1.000000	 1.000000	 31.596577
-72	 0.333333	 1.000000	 1.000000	 31.601431
-72	 0.888889	 1.000000	 1.000000	 31.641228
-77	 0.000000	 1.000000	 -nan	 31.667873
-77	 0.000000	 1.000000	 -nan	 31.674091
-76	 0.000000	 1.000000	 1.000000	 31.680458
-76	 0.000000	 1.000000	 1.000000	 31.688560
-76	 0.000000	 1.000000	 1.000000	 31.700169
-75	 0.000000	 1.000000	 -nan	 31.706520
-73	 0.000000	 1.000000	 -nan	 31.711390
-74	 0.000000	 1.000000	 1.000000	 31.715954
-73	 0.000000	 1.000000	 1.000000	 31.720285
-72	 0.000000	 1.000000	 1.000000	 31.726408
-73	 0.000000	 1.000000	 1.000000	 31.743135
-76	 0.000000	 1.000000	 1.000000	 31.749657
-75	 0.000000	 1.000000	 1.000000	 31.755112
-75	 0.000000	 1.000000	 1.000000	 31.759092
-73	 0.000000	 1.000000	 1.000000	 31.762978
-72	 0.000000	 1.000000	 1.000000	 31.767475
-71	 0.454545	 1.000000	 1.000000	 31.774542
-71	 0.785714	 1.000000	 1.000000	 31.787344
-71	 0.806452	 1.000000	 1.000000	 31.801558
-72	 0.588235	 1.000000	 1.000000	 31.810474
-72	 0.333333	 1.000000	 1.000000	 31.815742
-72	 0.400000	 1.000000	 1.000000	 31.821728
-74	 0.000000	 1.000000	 1.000000	 31.827328
-74	 0.000000	 1.000000	 -nan	 31.830709
-74	 0.000000	 1.000000	 1.000000	 31.836014
-74	 0.000000	 1.000000	 1.000000	 31.840618
-74	 0.000000	 1.000000	 1.000000	 31.845791
-72	 0.846154	 1.000000	 1.000000	 31.861315
-72	 0.850000	 1.000000	 1.000000	 31.877815
-72	 0.400000	 1.000000	 1.000000	 31.884117
-73	 0.647059	 1.000000	 -nan	 31.892202
-73	 0.400000	 1.000000	 1.000000	 31.898314
-73	 0.000000	 1.000000	 1.000000	 31.903982
-74	 0.000000	 1.000000	 1.000000	 31.909199
-74	 0.000000	 1.000000	 1.000000	 31.913115
-74	 0.000000	 1.000000	 1.000000	 31.918524
-75	 0.000000	 1.000000	 -nan	 31.923729
-74	 0.000000	 1.000000	 -nan	 31.927589
-74	 0.000000	 1.000000	 -nan	 31.932953
-74	 0.000000	 1.000000	 -nan	 31.937160
-74	 0.000000	 1.000000	 1.000000	 31.942905
-74	 0.000000	 1.000000	 1.000000	 31.973661
-74	 0.000000	 1.000000	 -nan	 31.977919
-74	 0.000000	 1.000000	 1.000000	 31.982870
-74	 0.000000	 1.000000	 1.000000	 31.987461
-73	 0.000000	 1.000000	 1.000000	 31.993086
-73	 0.000000	 1.000000	 1.000000	 31.998154
-74	 0.000000	 1.000000	 1.000000	 32.002876
-73	 0.000000	 1.000000	 1.000000	 32.007671
-74	 0.000000	 1.000000	 1.000000	 32.013374
-75	 0.000000	 1.000000	 1.000000	 32.019341
-75	 0.000000	 1.000000	 1.000000	 32.025105
-76	 0.000000	 1.000000	 1.000000	 32.029175
-76	 0.000000	 1.000000	 1.000000	 32.038818
-76	 0.000000	 1.000000	 1.000000	 32.043758
-75	 0.000000	 1.000000	 1.000000	 32.050694
-75	 0.142857	 1.000000	 1.000000	 32.055534
-73	 0.000000	 1.000000	 1.000000	 32.092087
-71	 0.024390	 1.000000	 1.000000	 32.145313
-71	 0.400000	 1.000000	 1.000000	 32.150593
-71	 0.837838	 1.000000	 1.000000	 32.165764
-72	 0.830986	 1.000000	 1.000000	 32.194416
-72	 0.000000	 1.000000	 -nan	 32.198544
-74	 0.000000	 1.000000	 1.000000	 32.206554
-72	 0.461538	 1.000000	 1.000000	 32.218315
-70	 0.000000	 1.000000	 1.000000	 32.252361
-70	 0.877551	 1.000000	 1.000000	 32.272305
-70	 0.444444	 1.000000	 1.000000	 32.282742
-70	 0.000000	 1.000000	 1.000000	 32.288620
-71	 0.000000	 1.000000	 -nan	 32.292732
-71	 0.000000	 1.000000	 -nan	 32.296837
-71	 0.000000	 1.000000	 -nan	 32.301712
-73	 0.000000	 1.000000	 -nan	 32.308041
-73	 0.000000	 1.000000	 1.000000	 32.312099
-74	 0.000000	 1.000000	 1.000000	 32.316849
-73	 0.000000	 1.000000	 1.000000	 32.323013
-73	 0.000000	 1.000000	 1.000000	 32.332630
-73	 0.000000	 1.000000	 1.000000	 32.336941
-72	 0.000000	 1.000000	 1.000000	 32.341824
-72	 0.000000	 1.000000	 1.000000	 32.346226
-74	 0.000000	 1.000000	 1.000000	 32.351246
-72	 0.000000	 1.000000	 1.000000	 32.355473
-73	 0.000000	 1.000000	 1.000000	 32.359829
-74	 0.000000	 1.000000	 1.000000	 32.363995
-73	 0.000000	 1.000000	 1.000000	 32.368313
-73	 0.000000	 1.000000	 -nan	 32.372662
-75	 0.000000	 1.000000	 1.000000	 32.377167
-75	 0.000000	 1.000000	 -nan	 32.393169
-74	 0.000000	 1.000000	 1.000000	 32.401611
-73	 0.000000	 1.000000	 1.000000	 32.406033
-73	 0.000000	 1.000000	 1.000000	 32.410381
-71	 0.818182	 1.000000	 1.000000	 32.424419
-71	 0.863636	 1.000000	 1.000000	 32.441669
-72	 0.948276	 1.000000	 1.000000	 32.487434
-72	 0.000000	 1.000000	 1.000000	 32.492760
-73	 0.000000	 1.000000	 1.000000	 32.496738
-74	 0.000000	 1.000000	 -nan	 32.501099
-74	 0.000000	 1.000000	 1.000000	 32.519390
-74	 0.000000	 1.000000	 -nan	 32.524540
-74	 0.000000	 1.000000	 1.000000	 32.532032
-73	 0.000000	 1.000000	 1.000000	 32.552094
-73	 0.000000	 1.000000	 1.000000	 32.556690
-73	 0.000000	 1.000000	 1.000000	 32.561874
-73	 0.000000	 1.000000	 1.000000	 32.566895
-74	 0.000000	 1.000000	 1.000000	 32.571381
-74	 0.000000	 1.000000	 1.000000	 32.576630
-75	 0.000000	 1.000000	 1.000000	 32.581451
-75	 0.000000	 1.000000	 1.000000	 32.585869
-75	 0.000000	 1.000000	 1.000000	 32.600574
-74	 0.000000	 1.000000	 1.000000	 32.605988
-74	 0.000000	 1.000000	 -nan	 32.610371
-74	 0.000000	 1.000000	 1.000000	 32.615292
-74	 0.000000	 1.000000	 1.000000	 32.619976
-75	 0.000000	 1.000000	 1.000000	 32.636219
-74	 0.000000	 1.000000	 1.000000	 32.640179
-73	 0.000000	 1.000000	 1.000000	 32.644962
-74	 0.000000	 1.000000	 -nan	 32.650223
-74	 0.000000	 1.000000	 1.000000	 32.655201
-74	 0.000000	 1.000000	 1.000000	 32.659912
-74	 0.000000	 1.000000	 1.000000	 32.675072
-74	 0.000000	 1.000000	 -nan	 32.679398
-76	 0.000000	 1.000000	 1.000000	 32.685135
-79	 0.000000	 1.000000	 1.000000	 32.742943
-73	 0.000000	 1.000000	 1.000000	 32.798599
-76	 0.000000	 1.000000	 1.000000	 32.842113
-77	 0.000000	 1.000000	 1.000000	 32.897465
-75	 0.000000	 1.000000	 1.000000	 32.942650
-75	 0.038352	 1.000000	 1.000000	 34.226986
-75	 0.000000	 1.000000	 1.000000	 34.241505
-75	 0.000000	 1.000000	 1.000000	 34.257286
-78	 0.000000	 1.000000	 1.000000	 34.286541
-73	 0.000000	 1.000000	 1.000000	 34.334057
-75	 0.000000	 1.000000	 1.000000	 34.384029
-74	 0.000000	 1.000000	 1.000000	 34.428715
-73	 0.000000	 1.000000	 1.000000	 34.442848
-73	 0.000000	 1.000000	 1.000000	 34.448063
-73	 0.000000	 1.000000	 -nan	 34.453190
-75	 0.000000	 1.000000	 1.000000	 34.457233
-76	 0.000000	 1.000000	 1.000000	 34.498398
-75	 0.000000	 1.000000	 1.000000	 34.522762
-75	 0.000000	 1.000000	 1.000000	 34.538437
-74	 0.000000	 1.000000	 1.000000	 34.554829
-74	 0.000000	 1.000000	 1.000000	 34.569386
-76	 0.000000	 1.000000	 1.000000	 34.583405
-76	 0.000000	 1.000000	 1.000000	 34.588600
-75	 0.000000	 1.000000	 1.000000	 34.593128
-75	 0.000000	 1.000000	 1.000000	 34.597195
-75	 0.000000	 1.000000	 1.000000	 34.603245
-75	 0.000000	 1.000000	 1.000000	 34.608517
-74	 0.000000	 1.000000	 1.000000	 34.614391
-73	 0.000000	 1.000000	 1.000000	 34.619175
-73	 0.000000	 1.000000	 -nan	 34.622925
-73	 0.000000	 1.000000	 1.000000	 34.627529
-73	 0.000000	 1.000000	 1.000000	 34.632004
-75	 0.000000	 1.000000	 1.000000	 34.647648
-77	 0.000000	 1.000000	 1.000000	 34.667252
-75	 0.000000	 1.000000	 1.000000	 34.721188
-76	 0.000000	 1.000000	 1.000000	 34.769054
-74	 0.000000	 1.000000	 1.000000	 34.773403
-74	 0.000000	 1.000000	 1.000000	 34.778015
-73	 0.000000	 1.000000	 1.000000	 34.782955
-72	 0.000000	 1.000000	 1.000000	 34.788067
-72	 0.000000	 1.000000	 1.000000	 34.792427
-71	 0.000000	 1.000000	 1.000000	 34.799370
-72	 0.000000	 1.000000	 1.000000	 34.804302
-73	 0.142857	 1.000000	 1.000000	 34.809475
-71	 0.027027	 1.000000	 1.000000	 34.835777
-72	 0.538462	 1.000000	 1.000000	 34.842815
-72	 0.000000	 1.000000	 1.000000	 34.848152
-76	 0.000000	 1.000000	 1.000000	 34.876240
-75	 0.000000	 1.000000	 -nan	 34.886478
-75	 0.000000	 1.000000	 -nan	 34.890656
-75	 0.000000	 1.000000	 -nan	 34.894917
-75	 0.000000	 1.000000	 1.000000	 34.900364
-77	 0.000000	 1.000000	 1.000000	 34.905289
-69	 0.000000	 1.000000	 1.000000	 34.953896
-77	 0.000000	 1.000000	 1.000000	 35.010788
-70	 0.000000	 1.000000	 1.000000	 35.063522
-74	 0.000000	 1.000000	 1.000000	 35.117016
-72	 0.000000	 1.000000	 1.000000	 35.168110
-78	 0.142857	 1.000000	 1.000000	 35.221352
-72	 0.000000	 1.000000	 1.000000	 35.242554
-77	 0.000000	 1.000000	 1.000000	 35.451294
-77	 0.000000	 1.000000	 1.000000	 35.627659
-80	 0.000000	 1.000000	 1.000000	 35.777767
-81	 0.000000	 1.000000	 1.000000	 35.859631
-80	 0.000000	 1.000000	 1.000000	 35.925629
-79	 0.000000	 1.000000	 1.000000	 35.973942
-80	 0.000000	 1.000000	 1.000000	 36.006802
-80	 0.000000	 1.000000	 1.000000	 36.060307
-79	 0.000000	 1.000000	 1.000000	 36.165623
-80	 0.027027	 0.135135	 0.682692	 38.816380
-81	 0.777778	 1.000000	 -nan	 38.847210
-81	 0.250000	 1.000000	 -nan	 38.867393
-81	 0.142857	 1.000000	 -nan	 38.886078
-84	 0.333333	 1.000000	 1.000000	 38.903728
-84	 0.142857	 1.000000	 -nan	 38.918972
-84	 0.000000	 1.000000	 -nan	 38.937328
-84	 0.000000	 1.000000	 1.000000	 38.967716
-84	 0.000000	 1.000000	 1.000000	 38.984367
-81	 0.000000	 1.000000	 1.000000	 39.008171
-81	 0.000000	 1.000000	 1.000000	 39.025314
-80	 0.000000	 1.000000	 1.000000	 39.041180
-81	 0.142857	 1.000000	 1.000000	 39.062363
-81	 0.000000	 1.000000	 -nan	 39.077995
-81	 0.000000	 1.000000	 -nan	 39.092419
-80	 0.000000	 1.000000	 1.000000	 39.107483
-81	 0.000000	 1.000000	 1.000000	 39.128124
-81	 0.000000	 1.000000	 1.000000	 39.146355
-79	 0.000000	 1.000000	 1.000000	 39.169449
-81	 0.000000	 1.000000	 1.000000	 39.186897
-79	 0.000000	 1.000000	 1.000000	 39.203037
-81	 0.000000	 1.000000	 1.000000	 39.223759
-81	 0.000000	 1.000000	 1.000000	 39.239597
-84	 0.000000	 1.000000	 1.000000	 40.510529
-81	 0.000000	 1.000000	 1.000000	 40.526428
-82	 0.000000	 1.000000	 1.000000	 40.543823
-82	 0.000000	 1.000000	 1.000000	 40.562702
-82	 0.000000	 1.000000	 1.000000	 40.579727
-82	 0.000000	 1.000000	 1.000000	 40.598026
-81	 0.000000	 1.000000	 1.000000	 40.615704
-81	 0.000000	 1.000000	 1.000000	 40.631943
-82	 0.000000	 1.000000	 1.000000	 40.649788
-83	 0.000000	 1.000000	 1.000000	 40.667580
-80	 0.000000	 1.000000	 1.000000	 40.683701
-81	 0.000000	 1.000000	 1.000000	 40.699818
-81	 0.000000	 1.000000	 1.000000	 40.715546
-82	 0.000000	 1.000000	 1.000000	 40.733185
-82	 0.000000	 1.000000	 1.000000	 40.748569
-81	 0.000000	 1.000000	 1.000000	 40.763859
-81	 0.000000	 1.000000	 -nan	 40.780930
-82	 0.000000	 1.000000	 1.000000	 40.796852
-82	 0.000000	 1.000000	 1.000000	 40.812412
-82	 0.000000	 1.000000	 1.000000	 40.830944
-82	 0.000000	 1.000000	 1.000000	 40.845947
-81	 0.000000	 1.000000	 1.000000	 40.860710
-81	 0.000000	 1.000000	 1.000000	 40.876099
-78	 0.000000	 1.000000	 1.000000	 40.891457
-82	 0.000000	 1.000000	 1.000000	 40.910679
-83	 0.000000	 1.000000	 1.000000	 40.927170
-83	 0.000000	 1.000000	 1.000000	 40.943317
-85	 0.000000	 1.000000	 1.000000	 40.963837
-82	 0.000000	 1.000000	 1.000000	 40.985035
-82	 0.000000	 1.000000	 1.000000	 41.003952
-82	 0.000000	 1.000000	 1.000000	 41.019882
-81	 0.000000	 1.000000	 1.000000	 41.035057
-80	 0.000000	 1.000000	 1.000000	 41.050385
-80	 0.000000	 1.000000	 1.000000	 41.065960
-80	 0.000000	 1.000000	 1.000000	 41.081066
-81	 0.000000	 1.000000	 1.000000	 41.097698
-80	 0.000000	 1.000000	 1.000000	 41.111698
-80	 0.000000	 1.000000	 1.000000	 41.129421
-81	 0.000000	 1.000000	 1.000000	 41.147587
-81	 0.000000	 1.000000	 1.000000	 41.163124
-84	 0.000000	 1.000000	 1.000000	 41.178699
-84	 0.000000	 1.000000	 1.000000	 41.200127
-85	 0.000000	 1.000000	 1.000000	 41.250725
-85	 0.000000	 1.000000	 -nan	 41.278362
-85	 0.000000	 1.000000	 -nan	 41.295307
-82	 0.000000	 1.000000	 -nan	 41.312763
-81	 0.000000	 1.000000	 -nan	 41.328465
-81	 0.000000	 1.000000	 -nan	 41.342812
-81	 0.000000	 1.000000	 -nan	 41.357574
-80	 0.000000	 1.000000	 1.000000	 41.372570
-80	 0.000000	 1.000000	 1.000000	 41.393948
-78	 0.000000	 1.000000	 1.000000	 41.409863
-79	 0.000000	 1.000000	 1.000000	 41.425919
-79	 0.000000	 1.000000	 1.000000	 41.442577
-79	 0.000000	 1.000000	 1.000000	 41.457607
-80	 0.000000	 1.000000	 1.000000	 41.473793
-80	 0.000000	 1.000000	 1.000000	 41.489475
-78	 0.000000	 1.000000	 1.000000	 41.504974
-79	 0.000000	 1.000000	 1.000000	 41.520149
-80	 0.000000	 1.000000	 1.000000	 41.536102
-80	 0.000000	 1.000000	 1.000000	 41.551193
-79	 0.000000	 1.000000	 1.000000	 41.566463
-79	 0.000000	 1.000000	 1.000000	 41.581055
-79	 0.000000	 1.000000	 1.000000	 41.596848
-80	 0.000000	 1.000000	 1.000000	 41.612381
-80	 0.000000	 1.000000	 1.000000	 41.627460
-80	 0.000000	 1.000000	 1.000000	 41.642563
-81	 0.000000	 1.000000	 1.000000	 41.662403
-82	 0.000000	 1.000000	 1.000000	 41.675938
-82	 0.000000	 1.000000	 1.000000	 41.690948
-82	 0.000000	 1.000000	 1.000000	 41.710484
-81	 0.000000	 1.000000	 1.000000	 41.724960
-82	 0.000000	 1.000000	 1.000000	 41.739700
-82	 0.000000	 1.000000	 1.000000	 41.754578
-81	 0.000000	 1.000000	 1.000000	 41.772099
-81	 0.000000	 1.000000	 1.000000	 41.787441
-81	 0.000000	 1.000000	 1.000000	 41.802776
-81	 0.000000	 1.000000	 1.000000	 41.818676
-80	 0.000000	 1.000000	 1.000000	 41.834221
-81	 0.000000	 1.000000	 1.000000	 41.851997
-80	 0.000000	 1.000000	 1.000000	 41.866558
-80	 0.000000	 1.000000	 1.000000	 41.882477
-82	 0.000000	 1.000000	 1.000000	 41.897816
-82	 0.000000	 1.000000	 1.000000	 41.912704
-82	 0.000000	 1.000000	 1.000000	 41.927563
-84	 0.000000	 1.000000	 1.000000	 41.943539
-84	 0.000000	 1.000000	 1.000000	 41.968132
-83	 0.000000	 1.000000	 1.000000	 41.983124
-83	 0.000000	 1.000000	 1.000000	 41.998882
-81	 0.000000	 1.000000	 1.000000	 42.016678
-82	 0.000000	 1.000000	 1.000000	 42.033314
-82	 0.000000	 1.000000	 1.000000	 42.050331
-82	 0.000000	 1.000000	 1.000000	 42.064442
