-23	 0.958333	 1.000000	 1.000000	 0.104637
-26	 0.968421	 1.000000	 1.000000	 0.242833
-26	 0.934066	 1.000000	 1.000000	 0.310998
-27	 0.904762	 1.000000	 1.000000	 0.359264
-24	 0.967568	 1.000000	 1.000000	 0.491406
-27	 0.957747	 1.000000	 1.000000	 0.594996
-25	 0.972093	 1.000000	 1.000000	 0.750351
-23	 0.949153	 1.000000	 1.000000	 0.837846
-23	 0.962500	 1.000000	 1.000000	 0.953633
-27	 0.985816	 1.000000	 1.000000	 1.252724
-28	 0.975806	 1.000000	 1.000000	 1.427346
-28	 0.974249	 1.000000	 1.000000	 1.596098
-30	 0.959459	 1.000000	 1.000000	 1.700943
-29	 0.981982	 1.000000	 1.000000	 1.935375
-29	 0.975000	 1.000000	 1.000000	 2.122714
-28	 0.975309	 1.000000	 1.000000	 2.295701
-29	 0.961290	 1.000000	 1.000000	 2.410231
-29	 0.953125	 1.000000	 1.000000	 2.504207
-31	 0.933333	 1.000000	 1.000000	 2.572169
-32	 0.951219	 1.000000	 1.000000	 2.661681
-36	 0.966667	 1.000000	 1.000000	 2.790620
-38	 0.962963	 1.000000	 1.000000	 2.907614
-39	 0.974138	 1.000000	 1.000000	 3.073309
-38	 0.966292	 1.000000	 1.000000	 3.201525
-38	 0.942857	 1.000000	 1.000000	 3.278860
-36	 0.968586	 1.000000	 1.000000	 3.417054
-38	 0.966667	 1.000000	 1.000000	 3.547615
-38	 0.954198	 1.000000	 1.000000	 3.643507
-43	 0.943925	 1.000000	 1.000000	 3.722816
-40	 0.978723	 1.000000	 1.000000	 3.921668
-37	 0.980952	 1.000000	 1.000000	 4.147262
-41	 0.972603	 1.000000	 1.000000	 4.304265
-43	 0.979798	 1.000000	 1.000000	 4.518012
-44	 0.936170	 1.000000	 1.000000	 4.588173
-44	 0.982090	 1.000000	 1.000000	 4.827561
-46	 0.965714	 1.000000	 1.000000	 4.953589
-44	 0.970588	 1.000000	 1.000000	 5.102721
-43	 0.975000	 1.000000	 1.000000	 5.275555
-42	 0.967914	 1.000000	 1.000000	 5.414718
-46	 0.977695	 1.000000	 1.000000	 5.608122
-43	 0.985437	 1.000000	 1.000000	 5.898103
-42	 0.964912	 1.000000	 1.000000	 6.021144
-44	 0.976190	 1.000000	 1.000000	 6.204425
-45	 0.951219	 1.000000	 1.000000	 6.293498
-47	 0.978873	 1.000000	 1.000000	 6.495880
-47	 0.965909	 1.000000	 1.000000	 6.623828
-48	 0.961039	 1.000000	 1.000000	 6.732354
-51	 0.953488	 1.000000	 1.000000	 6.825795
-47	 0.977099	 1.000000	 1.000000	 7.012809
-48	 0.957747	 1.000000	 1.000000	 7.115777
-51	 0.962567	 1.000000	 1.000000	 7.249434
-47	 0.958333	 1.000000	 1.000000	 7.351934
-48	 0.965714	 1.000000	 1.000000	 7.477859
-51	 0.984211	 1.000000	 1.000000	 7.750076
-53	 0.984655	 1.000000	 1.000000	 8.030801
-54	 0.944954	 1.000000	 1.000000	 8.111648
-57	 0.985915	 1.000000	 1.000000	 8.415342
-53	 0.965517	 1.000000	 1.000000	 8.542754
-59	 0.974026	 1.000000	 1.000000	 8.710682
-60	 0.957747	 1.000000	 1.000000	 8.814518
-58	 0.968586	 1.000000	 1.000000	 8.956397
-57	 0.984000	 1.000000	 1.000000	 9.230291
-61	 0.956522	 1.000000	 1.000000	 9.332491
-57	 0.966851	 1.000000	 1.000000	 9.465565
-59	 0.969388	 1.000000	 1.000000	 9.609955
-61	 0.973333	 1.000000	 1.000000	 9.770376
-63	 0.958621	 1.000000	 1.000000	 9.875841
-61	 0.979310	 1.000000	 1.000000	 10.086479
-65	 0.953125	 1.000000	 1.000000	 10.179965
-60	 0.968912	 1.000000	 1.000000	 10.321933
-64	 0.923077	 1.000000	 1.000000	 10.381498
-68	 0.980707	 1.000000	 1.000000	 10.605982
-69	 0.981073	 1.000000	 1.000000	 10.838572
-69	 0.954887	 1.000000	 1.000000	 10.937146
-72	 0.945946	 1.000000	 1.000000	 11.021302
-73	 0.928571	 1.000000	 1.000000	 11.085430
-74	 0.971014	 1.000000	 1.000000	 11.238278
-75	 0.977186	 1.000000	 1.000000	 11.427292
-74	 0.925926	 1.000000	 1.000000	 11.489355
-76	 0.904762	 1.000000	 1.000000	 11.537914
-74	 0.970732	 1.000000	 1.000000	 11.688316
-69	 0.950820	 1.000000	 1.000000	 11.780196
-75	 0.978417	 1.000000	 1.000000	 11.980123
-72	 0.963415	 1.000000	 1.000000	 12.102317
-67	 0.911765	 1.000000	 1.000000	 12.156012
-73	 0.983379	 1.000000	 1.000000	 12.417172
-73	 0.955882	 1.000000	 1.000000	 12.521827
-74	 0.863636	 1.000000	 1.000000	 12.557720
-73	 0.971014	 1.000000	 1.000000	 12.709182
-75	 0.973799	 1.000000	 1.000000	 12.880004
-74	 0.963855	 1.000000	 1.000000	 13.005270
-77	 0.979730	 0.996622	 0.996063	 14.316444
-74	 0.940000	 1.000000	 1.000000	 14.393010
-75	 0.948276	 1.000000	 1.000000	 14.481876
-71	 0.960265	 1.000000	 1.000000	 14.595136
-73	 0.959459	 1.000000	 1.000000	 14.705834
-73	 0.936170	 1.000000	 1.000000	 14.778120
-72	 0.979167	 1.000000	 1.000000	 14.987950
-72	 0.969697	 1.000000	 1.000000	 15.135993
-69	 0.978648	 1.000000	 1.000000	 15.341850
-69	 0.976190	 1.000000	 1.000000	 15.523370
-70	 0.981013	 1.000000	 1.000000	 15.752763
-68	 0.975708	 1.000000	 1.000000	 15.931806
-70	 0.964497	 1.000000	 1.000000	 16.058294
-66	 0.980392	 1.000000	 1.000000	 16.282345
-67	 0.944954	 1.000000	 1.000000	 16.364288
-68	 0.955224	 1.000000	 1.000000	 16.462982
-67	 0.958904	 1.000000	 1.000000	 16.570290
-68	 0.964912	 1.000000	 1.000000	 16.695576
-68	 0.970000	 1.000000	 1.000000	 16.842489
-70	 0.955882	 1.000000	 1.000000	 16.942108
-66	 0.857143	 1.000000	 1.000000	 16.975552
-68	 0.957447	 1.000000	 1.000000	 17.080805
-62	 0.982456	 1.000000	 1.000000	 17.322906
-62	 0.982036	 1.000000	 1.000000	 17.562382
-62	 0.990596	 1.000000	 1.000000	 18.048008
-58	 0.990854	 1.000000	 1.000000	 18.511768
-60	 0.973214	 1.000000	 1.000000	 18.675470
-69	 0.983051	 1.000000	 1.000000	 18.942223
-63	 0.944444	 1.000000	 1.000000	 19.021519
-61	 0.966102	 1.000000	 1.000000	 19.150331
-59	 0.974895	 1.000000	 1.000000	 19.322668
-60	 0.977012	 1.000000	 1.000000	 19.509623
-57	 0.969388	 1.000000	 1.000000	 19.651196
-56	 0.952381	 1.000000	 1.000000	 19.743729
-57	 0.970874	 1.000000	 1.000000	 19.893524
-55	 0.971014	 1.000000	 1.000000	 20.043356
-54	 0.968421	 1.000000	 1.000000	 20.184362
-53	 0.957747	 1.000000	 1.000000	 20.286716
-54	 0.938144	 1.000000	 1.000000	 20.358168
-57	 0.977612	 1.000000	 1.000000	 20.553534
-56	 0.976285	 1.000000	 1.000000	 20.736681
-56	 0.941176	 1.000000	 1.000000	 20.812889
-51	 0.988462	 1.000000	 1.000000	 21.184813
-52	 0.983051	 1.000000	 1.000000	 21.439093
-52	 0.977695	 1.000000	 1.000000	 21.634031
-48	 0.933333	 1.000000	 1.000000	 21.703655
-49	 0.953846	 1.000000	 1.000000	 21.801481
-47	 0.974138	 1.000000	 1.000000	 21.970140
-50	 0.975806	 1.000000	 1.000000	 22.147532
-50	 0.971429	 1.000000	 1.000000	 22.301094
-48	 0.974249	 1.000000	 1.000000	 22.471579
-46	 0.965318	 1.000000	 1.000000	 22.600197
-49	 0.965318	 1.000000	 1.000000	 22.728006
-49	 0.982558	 1.000000	 1.000000	 22.989986
-48	 0.973094	 1.000000	 1.000000	 23.154106
-48	 0.971831	 1.000000	 1.000000	 23.307835
-56	 0.986985	 1.000000	 1.000000	 23.654926
-59	 0.967391	 1.000000	 1.000000	 23.793840
-56	 0.978648	 1.000000	 1.000000	 23.997522
-70	 0.963415	 1.000000	 1.000000	 24.118185
-72	 0.977695	 1.000000	 1.000000	 24.317562
-67	 0.980707	 1.000000	 1.000000	 24.546553
-67	 0.974249	 1.000000	 1.000000	 24.713106
-67	 0.977359	 1.000000	 1.000000	 24.905960
-69	 0.992147	 1.000000	 1.000000	 25.439653
-73	 0.942308	 1.000000	 1.000000	 25.518766
-69	 0.984169	 1.000000	 1.000000	 25.793501
-68	 0.981191	 1.000000	 1.000000	 26.027733
-71	 0.949580	 1.000000	 1.000000	 26.114357
-70	 0.971698	 1.000000	 1.000000	 26.270189
-71	 0.976285	 1.000000	 1.000000	 26.457394
-73	 0.967914	 1.000000	 1.000000	 26.594347
-74	 0.974790	 1.000000	 1.000000	 26.768387
-70	 0.961538	 1.000000	 1.000000	 26.883286
-73	 0.954545	 1.000000	 1.000000	 26.982313
-76	 0.966480	 1.000000	 1.000000	 27.113297
-71	 0.982808	 1.000000	 1.000000	 27.363762
-77	 0.977444	 1.000000	 1.000000	 27.559792
-75	 0.930233	 1.000000	 1.000000	 27.628235
-77	 0.978261	 1.000000	 1.000000	 27.830231
-76	 0.931818	 1.000000	 1.000000	 27.898758
-74	 0.980583	 1.000000	 1.000000	 28.119869
-74	 0.969849	 1.000000	 1.000000	 28.268089
-72	 0.932584	 1.000000	 1.000000	 28.334929
-76	 0.975708	 1.000000	 1.000000	 28.509672
-77	 0.950000	 1.000000	 1.000000	 28.601414
-75	 0.909091	 1.000000	 1.000000	 28.653557
-71	 0.938144	 1.000000	 1.000000	 28.730316
-71	 0.970000	 1.000000	 1.000000	 28.873535
-75	 0.974684	 1.000000	 1.000000	 29.047539
-76	 0.950820	 1.000000	 1.000000	 29.137960
-74	 0.965116	 1.000000	 1.000000	 29.264460
-77	 0.963855	 1.000000	 1.000000	 29.390924
-76	 0.966292	 1.000000	 1.000000	 29.524097
-75	 0.940000	 1.000000	 1.000000	 29.615574
-80	 0.806452	 1.000000	 1.000000	 29.656218
-76	 0.963855	 1.000000	 1.000000	 29.778959
-75	 0.985437	 1.000000	 1.000000	 30.067278
-73	 0.943396	 1.000000	 1.000000	 30.146433
-78	 0.923077	 1.000000	 1.000000	 30.208693
-72	 0.921053	 1.000000	 1.000000	 30.267479
-75	 0.945946	 1.000000	 1.000000	 30.352993
-74	 0.962963	 1.000000	 1.000000	 30.475569
-74	 0.931818	 1.000000	 1.000000	 30.543079
-79	 0.933333	 1.000000	 1.000000	 30.612915
-74	 0.936842	 1.000000	 1.000000	 30.685890
-77	 0.142857	 1.000000	 1.000000	 30.710859
-77	 0.760000	 1.000000	 1.000000	 30.760201
-79	 0.714286	 1.000000	 1.000000	 30.801277
-78	 0.945455	 1.000000	 1.000000	 30.885334
-74	 0.898305	 1.000000	 1.000000	 30.934078
-78	 0.938144	 1.000000	 1.000000	 31.007692
-77	 0.900000	 1.000000	 1.000000	 31.055401
-77	 0.800000	 1.000000	 1.000000	 31.081907
-79	 0.863636	 1.000000	 1.000000	 31.118076
-76	 0.937500	 1.000000	 1.000000	 31.192085
-79	 0.727273	 1.000000	 1.000000	 31.220568
-77	 0.853659	 1.000000	 1.000000	 31.271240
-77	 0.818182	 1.000000	 1.000000	 31.299583
-75	 0.600000	 1.000000	 1.000000	 31.321432
-78	 0.454545	 1.000000	 1.000000	 31.361897
-79	 0.948276	 1.000000	 1.000000	 31.458618
-78	 0.333333	 1.000000	 1.000000	 31.478821
-80	 0.925926	 1.000000	 1.000000	 31.552492
-78	 0.850000	 1.000000	 1.000000	 31.589565
-81	 0.882353	 1.000000	 1.000000	 31.632896
-81	 0.000000	 1.000000	 -nan	 31.672693
-80	 0.000000	 1.000000	 1.000000	 31.719450
-78	 0.000000	 1.000000	 -nan	 31.767633
-79	 0.538462	 1.000000	 1.000000	 31.786278
-79	 0.500000	 1.000000	 1.000000	 31.804008
-79	 0.652174	 1.000000	 1.000000	 31.829163
-79	 0.500000	 1.000000	 1.000000	 31.847364
-78	 0.000000	 1.000000	 1.000000	 31.893192
-80	 0.000000	 1.000000	 1.000000	 31.944126
-79	 0.000000	 1.000000	 1.000000	 31.993092
-79	 0.000000	 1.000000	 1.000000	 32.039028
-82	 0.000000	 1.000000	 1.000000	 32.086578
-82	 0.000000	 1.000000	 1.000000	 32.141193
-82	 0.000000	 1.000000	 1.000000	 32.187000
-82	 0.000000	 1.000000	 1.000000	 32.253044
-82	 0.000000	 1.000000	 -nan	 32.316689
-82	 0.000000	 1.000000	 -nan	 32.348484
-82	 0.000000	 1.000000	 -nan	 32.364948
-75	 0.333333	 1.000000	 -nan	 32.383972
-75	 0.250000	 1.000000	 -nan	 32.402016
-77	 0.142857	 1.000000	 1.000000	 32.420673
-77	 0.000000	 1.000000	 1.000000	 32.440384
-77	 0.000000	 1.000000	 1.000000	 32.457668
-77	 0.142857	 1.000000	 -nan	 32.475647
-78	 0.000000	 1.000000	 -nan	 32.492424
-79	 0.000000	 1.000000	 1.000000	 32.511360
-80	 0.000000	 1.000000	 -nan	 32.528503
-80	 0.000000	 1.000000	 -nan	 32.546349
-79	 0.000000	 1.000000	 -nan	 32.562778
-78	 0.000000	 1.000000	 -nan	 32.580433
-80	 0.000000	 1.000000	 -nan	 32.599480
-79	 0.000000	 1.000000	 -nan	 32.617020
-80	 0.000000	 1.000000	 -nan	 32.634178
-82	 0.000000	 1.000000	 -nan	 32.651005
-82	 0.000000	 1.000000	 1.000000	 32.670013
-81	 0.000000	 1.000000	 1.000000	 32.687992
-81	 0.000000	 1.000000	 1.000000	 32.704433
-81	 0.000000	 1.000000	 1.000000	 32.721451
-80	 0.000000	 1.000000	 1.000000	 32.739365
-80	 0.000000	 1.000000	 1.000000	 32.756126
-80	 0.000000	 1.000000	 1.000000	 32.773403
-79	 0.142857	 1.000000	 1.000000	 32.791435
-81	 0.000000	 1.000000	 1.000000	 32.809189
-81	 0.000000	 1.000000	 1.000000	 32.826710
-81	 0.000000	 1.000000	 1.000000	 32.843155
-81	 0.000000	 1.000000	 1.000000	 32.861275
-82	 0.000000	 1.000000	 1.000000	 32.878960
-81	 0.000000	 1.000000	 1.000000	 32.896042
-82	 0.000000	 1.000000	 1.000000	 32.913235
-82	 0.000000	 1.000000	 1.000000	 32.931446
-83	 0.000000	 1.000000	 1.000000	 32.949341
-83	 0.000000	 1.000000	 -nan	 32.965961
-83	 0.000000	 1.000000	 -nan	 32.988918
-83	 0.000000	 1.000000	 -nan	 33.005196
-81	 0.000000	 1.000000	 1.000000	 33.043907
-81	 0.000000	 1.000000	 1.000000	 33.063236
-79	 0.000000	 1.000000	 1.000000	 33.080402
-78	 0.000000	 1.000000	 1.000000	 33.098156
-78	 0.000000	 1.000000	 1.000000	 33.116467
-78	 0.000000	 1.000000	 1.000000	 33.135376
-77	 0.000000	 1.000000	 1.000000	 33.153259
-76	 0.000000	 1.000000	 1.000000	 33.170116
-80	 0.000000	 1.000000	 1.000000	 33.187313
-81	 0.000000	 1.000000	 1.000000	 33.204727
-80	 0.000000	 1.000000	 1.000000	 33.222404
-80	 0.000000	 1.000000	 1.000000	 33.239765
-80	 0.000000	 1.000000	 1.000000	 33.256264
-80	 0.000000	 1.000000	 1.000000	 33.273750
-77	 0.000000	 1.000000	 1.000000	 33.290985
-81	 0.000000	 1.000000	 1.000000	 33.308369
-81	 0.000000	 1.000000	 1.000000	 33.328197
-81	 0.000000	 1.000000	 1.000000	 33.344753
-80	 0.000000	 1.000000	 1.000000	 33.365211
-81	 0.000000	 1.000000	 1.000000	 33.382008
-81	 0.000000	 1.000000	 1.000000	 33.405663
-81	 0.000000	 1.000000	 1.000000	 33.453304
-81	 0.000000	 1.000000	 -nan	 33.479736
-80	 0.000000	 1.000000	 -nan	 33.503330
-80	 0.000000	 1.000000	 -nan	 33.521961
-80	 0.000000	 1.000000	 -nan	 33.541080
-80	 0.000000	 1.000000	 -nan	 33.559959
-80	 0.000000	 1.000000	 -nan	 33.576939
-80	 0.000000	 1.000000	 1.000000	 33.595901
-80	 0.000000	 1.000000	 1.000000	 33.616074
-82	 0.000000	 1.000000	 1.000000	 33.634987
-79	 0.000000	 1.000000	 1.000000	 33.656803
-78	 0.000000	 1.000000	 1.000000	 33.675060
-79	 0.000000	 1.000000	 1.000000	 33.695217
-78	 0.000000	 1.000000	 1.000000	 33.712299
-80	 0.000000	 1.000000	 1.000000	 33.729774
-81	 0.000000	 1.000000	 1.000000	 33.782127
-81	 0.000000	 1.000000	 -nan	 33.839531
-81	 0.000000	 1.000000	 -nan	 33.860783
-81	 0.000000	 1.000000	 -nan	 33.879379
-81	 0.000000	 1.000000	 -nan	 33.896027
-81	 0.000000	 1.000000	 -nan	 33.914669
-81	 0.000000	 1.000000	 -nan	 33.929447
-81	 0.000000	 1.000000	 -nan	 33.946400
-79	 0.000000	 1.000000	 1.000000	 33.985897
-80	 0.000000	 1.000000	 1.000000	 34.003052
-79	 0.000000	 1.000000	 1.000000	 34.022984
-80	 0.000000	 1.000000	 1.000000	 34.043690
-80	 0.000000	 1.000000	 1.000000	 34.060902
-79	 0.000000	 1.000000	 1.000000	 34.077984
-83	 0.000000	 1.000000	 1.000000	 34.096016
-83	 0.000000	 1.000000	 1.000000	 34.112846
-82	 0.000000	 1.000000	 1.000000	 34.132198
-81	 0.000000	 1.000000	 1.000000	 34.152466
-81	 0.000000	 1.000000	 1.000000	 34.168999
-80	 0.000000	 1.000000	 1.000000	 34.186352
-80	 0.000000	 1.000000	 1.000000	 34.203510
-80	 0.000000	 1.000000	 1.000000	 34.223503
-80	 0.000000	 1.000000	 1.000000	 34.240814
-80	 0.000000	 1.000000	 1.000000	 34.259773
-81	 0.000000	 1.000000	 1.000000	 34.277683
-80	 0.000000	 1.000000	 1.000000	 34.295174
-80	 0.000000	 1.000000	 1.000000	 34.311947
-80	 0.000000	 1.000000	 1.000000	 34.331505
-80	 0.000000	 1.000000	 1.000000	 34.350502
-80	 0.000000	 1.000000	 1.000000	 34.368725
-80	 0.000000	 1.000000	 1.000000	 34.385136
-79	 0.000000	 1.000000	 1.000000	 34.402718
-81	 0.000000	 1.000000	 1.000000	 34.419872
-82	 0.000000	 1.000000	 1.000000	 34.438408
-81	 0.000000	 1.000000	 1.000000	 34.458046
-82	 0.000000	 1.000000	 1.000000	 34.478943
-82	 0.000000	 1.000000	 1.000000	 34.526627
-82	 0.000000	 1.000000	 -nan	 34.543194
-82	 0.000000	 1.000000	 -nan	 34.559299
-82	 0.000000	 1.000000	 -nan	 34.575809
-82	 0.000000	 1.000000	 -nan	 34.592957
-82	 0.000000	 1.000000	 -nan	 34.609501
-76	 0.000000	 1.000000	 -nan	 34.626675
-75	 0.454545	 1.000000	 1.000000	 34.655418
-76	 0.000000	 1.000000	 1.000000	 34.672840
-78	 0.000000	 1.000000	 1.000000	 34.690094
-80	 0.000000	 1.000000	 1.000000	 34.708694
-79	 0.000000	 1.000000	 1.000000	 34.725742
-80	 0.000000	 1.000000	 1.000000	 34.745808
-79	 0.000000	 1.000000	 1.000000	 34.764797
-77	 0.000000	 1.000000	 1.000000	 34.785084
-77	 0.000000	 1.000000	 1.000000	 34.804325
-77	 0.000000	 1.000000	 1.000000	 34.822029
-80	 0.000000	 1.000000	 1.000000	 34.842213
-80	 0.000000	 1.000000	 1.000000	 34.859707
-79	 0.000000	 1.000000	 1.000000	 34.876484
-80	 0.000000	 1.000000	 1.000000	 34.893738
-80	 0.000000	 1.000000	 1.000000	 34.913391
-80	 0.000000	 1.000000	 1.000000	 34.931183
-80	 0.000000	 1.000000	 1.000000	 34.948708
-81	 0.000000	 1.000000	 1.000000	 34.965145
-82	 0.000000	 1.000000	 1.000000	 34.982658
-81	 0.000000	 1.000000	 1.000000	 34.999100
-82	 0.000000	 1.000000	 1.000000	 35.021301
-82	 0.000000	 1.000000	 1.000000	 35.037205
-83	 0.000000	 1.000000	 1.000000	 35.053715
-83	 0.000000	 1.000000	 1.000000	 35.071499
-82	 0.000000	 1.000000	 1.000000	 35.088627
-81	 0.000000	 1.000000	 1.000000	 35.107105
-78	 0.000000	 1.000000	 1.000000	 35.128212
-81	 0.000000	 1.000000	 1.000000	 35.145943
-79	 0.000000	 1.000000	 1.000000	 35.163712
-80	 0.000000	 1.000000	 1.000000	 35.180065
-80	 0.000000	 1.000000	 1.000000	 35.197308
-80	 0.000000	 1.000000	 1.000000	 35.214458
-80	 0.000000	 1.000000	 1.000000	 35.233044
-80	 0.000000	 1.000000	 1.000000	 35.249802
-81	 0.000000	 1.000000	 1.000000	 35.267834
-81	 0.000000	 1.000000	 1.000000	 35.290962
-81	 0.000000	 1.000000	 1.000000	 35.312088
-81	 0.000000	 1.000000	 1.000000	 35.331650
-81	 0.000000	 1.000000	 1.000000	 35.349247
-81	 0.000000	 1.000000	 1.000000	 35.366505
-80	 0.000000	 1.000000	 1.000000	 35.382938
-80	 0.000000	 1.000000	 1.000000	 35.400791
-81	 0.000000	 1.000000	 1.000000	 35.417110
-82	 0.000000	 1.000000	 1.000000	 35.436356
-79	 0.000000	 1.000000	 -nan	 35.456429
-81	 0.000000	 1.000000	 1.000000	 35.481503
-79	 0.000000	 1.000000	 1.000000	 35.500832
-80	 0.000000	 1.000000	 1.000000	 35.518044
-80	 0.000000	 1.000000	 1.000000	 35.537312
-84	 0.000000	 1.000000	 1.000000	 35.555885
-82	 0.000000	 1.000000	 1.000000	 35.574928
-81	 0.000000	 1.000000	 1.000000	 35.591534
-81	 0.000000	 1.000000	 1.000000	 35.609356
-81	 0.000000	 1.000000	 1.000000	 35.628757
-79	 0.000000	 1.000000	 1.000000	 35.646446
-80	 0.000000	 1.000000	 1.000000	 35.663666
-80	 0.000000	 1.000000	 1.000000	 35.680466
-82	 0.000000	 1.000000	 1.000000	 35.699955
-82	 0.000000	 1.000000	 1.000000	 35.717045
-82	 0.000000	 1.000000	 -nan	 35.735664
-78	 0.000000	 1.000000	 1.000000	 35.762047
-77	 0.000000	 1.000000	 1.000000	 35.780022
-76	 0.000000	 1.000000	 1.000000	 35.799225
-76	 0.000000	 1.000000	 1.000000	 35.815853
-76	 0.000000	 1.000000	 1.000000	 35.834225
-78	 0.000000	 1.000000	 1.000000	 35.852654
-78	 0.000000	 1.000000	 1.000000	 35.869999
-81	 0.000000	 1.000000	 1.000000	 35.886765
-80	 0.000000	 1.000000	 1.000000	 35.904751
-80	 0.000000	 1.000000	 1.000000	 35.925819
-81	 0.000000	 1.000000	 1.000000	 35.944042
-80	 0.000000	 1.000000	 1.000000	 35.959278
-80	 0.000000	 1.000000	 1.000000	 35.976673
-80	 0.000000	 1.000000	 1.000000	 35.996254
-81	 0.000000	 1.000000	 1.000000	 36.017426
-80	 0.000000	 1.000000	 1.000000	 36.033684
-80	 0.000000	 1.000000	 -nan	 36.049915
-81	 0.000000	 1.000000	 1.000000	 36.068378
-81	 0.000000	 1.000000	 1.000000	 36.090069
-81	 0.000000	 1.000000	 1.000000	 36.109928
-80	 0.000000	 1.000000	 1.000000	 36.128059
-81	 0.000000	 1.000000	 1.000000	 36.145569
-81	 0.000000	 1.000000	 1.000000	 36.163445
-81	 0.000000	 1.000000	 1.000000	 36.180683
-80	 0.000000	 1.000000	 1.000000	 36.196999
-80	 0.000000	 1.000000	 1.000000	 36.214325
-80	 0.000000	 1.000000	 1.000000	 36.231277
-79	 0.000000	 1.000000	 1.000000	 36.247540
-80	 0.000000	 1.000000	 1.000000	 36.265831
-80	 0.000000	 1.000000	 1.000000	 36.283092
-81	 0.000000	 1.000000	 1.000000	 36.300182
-80	 0.000000	 1.000000	 1.000000	 36.318531
-80	 0.000000	 1.000000	 1.000000	 36.337406
-79	 0.000000	 1.000000	 1.000000	 36.357475
-80	 0.000000	 1.000000	 1.000000	 36.375038
-80	 0.000000	 1.000000	 1.000000	 36.391846
-81	 0.000000	 1.000000	 1.000000	 36.409096
-80	 0.000000	 1.000000	 1.000000	 36.425472
-82	 0.000000	 1.000000	 1.000000	 36.445263
-82	 0.000000	 1.000000	 1.000000	 36.464172
-83	 0.000000	 1.000000	 1.000000	 36.484386
-81	 0.000000	 1.000000	 1.000000	 36.502563
-82	 0.000000	 1.000000	 1.000000	 36.520386
-82	 0.000000	 1.000000	 1.000000	 36.536640
-80	 0.000000	 1.000000	 1.000000	 36.554226
-80	 0.000000	 1.000000	 1.000000	 36.574017
-80	 0.000000	 1.000000	 1.000000	 36.590874
-81	 0.000000	 1.000000	 1.000000	 36.608791
-82	 0.000000	 1.000000	 1.000000	 36.625401
-82	 0.000000	 1.000000	 1.000000	 36.642605
-81	 0.000000	 1.000000	 1.000000	 36.659496
-80	 0.000000	 1.000000	 1.000000	 36.677410
-79	 0.000000	 1.000000	 1.000000	 36.693863
-80	 0.000000	 1.000000	 1.000000	 36.713364
-80	 0.000000	 1.000000	 1.000000	 36.730633
-80	 0.000000	 1.000000	 1.000000	 36.747250
-80	 0.000000	 1.000000	 1.000000	 36.767368
-80	 0.000000	 1.000000	 1.000000	 36.784756
-80	 0.000000	 1.000000	 1.000000	 36.801842
-79	 0.000000	 1.000000	 1.000000	 36.819065
-81	 0.000000	 1.000000	 1.000000	 36.839024
-82	 0.000000	 1.000000	 1.000000	 36.855873
-80	 0.000000	 1.000000	 1.000000	 36.876968
-82	 0.000000	 1.000000	 1.000000	 36.894062
-83	 0.000000	 1.000000	 1.000000	 36.921055
-83	 0.000000	 1.000000	 1.000000	 36.948982
-83	 0.000000	 1.000000	 1.000000	 36.972507
-84	 0.000000	 1.000000	 1.000000	 36.992977
-84	 0.000000	 1.000000	 1.000000	 37.008270
-80	 0.000000	 1.000000	 1.000000	 37.026962
-80	 0.000000	 1.000000	 1.000000	 37.045536
-81	 0.000000	 1.000000	 1.000000	 37.061630
-82	 0.000000	 1.000000	 1.000000	 37.083195
-82	 0.000000	 1.000000	 1.000000	 37.102760
-81	 0.000000	 1.000000	 1.000000	 37.125652
-81	 0.000000	 1.000000	 1.000000	 37.146278
-80	 0.000000	 1.000000	 1.000000	 37.165600
-81	 0.000000	 1.000000	 1.000000	 37.188023
-80	 0.000000	 1.000000	 1.000000	 37.207806
-80	 0.000000	 1.000000	 1.000000	 37.224510
-80	 0.000000	 1.000000	 1.000000	 37.244080
-81	 0.000000	 1.000000	 1.000000	 37.264095
-80	 0.000000	 1.000000	 1.000000	 37.282101
-82	 0.000000	 1.000000	 1.000000	 37.304932
-81	 0.000000	 1.000000	 1.000000	 37.326584
-83	 0.000000	 1.000000	 1.000000	 37.354267
-84	 0.000000	 1.000000	 1.000000	 37.419788
-84	 0.000000	 1.000000	 -nan	 37.449333
-84	 0.000000	 1.000000	 -nan	 37.466579
-84	 0.000000	 1.000000	 -nan	 37.484859
-84	 0.000000	 1.000000	 -nan	 37.503708
-84	 0.000000	 1.000000	 -nan	 37.531296
-84	 0.000000	 1.000000	 -nan	 37.548367
-84	 0.000000	 1.000000	 -nan	 37.571140
-80	 0.000000	 1.000000	 1.000000	 37.603718
-80	 0.000000	 1.000000	 1.000000	 37.625694
-80	 0.000000	 1.000000	 1.000000	 37.645657
-80	 0.000000	 1.000000	 1.000000	 37.665710
-80	 0.000000	 1.000000	 1.000000	 37.683056
-79	 0.000000	 1.000000	 1.000000	 37.700642
-80	 0.000000	 1.000000	 1.000000	 37.720787
-81	 0.000000	 1.000000	 1.000000	 37.752068
-82	 0.000000	 1.000000	 1.000000	 37.794731
-81	 0.000000	 1.000000	 1.000000	 37.815430
-83	 0.000000	 1.000000	 1.000000	 37.932091
-83	 0.000000	 1.000000	 -nan	 37.953239
-83	 0.000000	 1.000000	 -nan	 37.973289
-83	 0.000000	 1.000000	 -nan	 37.988617
-82	 0.000000	 1.000000	 -nan	 38.010666
-82	 0.000000	 1.000000	 -nan	 38.159931
