-30	 0.977273	 1.000000	 1.000000	 0.102768
-28	 0.982808	 1.000000	 1.000000	 0.241251
-25	 0.959184	 1.000000	 1.000000	 0.303832
-29	 0.981191	 1.000000	 1.000000	 0.433934
-28	 0.972727	 1.000000	 1.000000	 0.519993
-26	 0.964286	 1.000000	 1.000000	 0.588325
-27	 0.983740	 1.000000	 1.000000	 0.741051
-27	 0.978571	 1.000000	 1.000000	 0.856398
-25	 0.987124	 1.000000	 1.000000	 1.038928
-26	 0.966292	 1.000000	 1.000000	 1.109091
-26	 0.986301	 1.000000	 1.000000	 1.281626
-27	 0.973214	 1.000000	 1.000000	 1.369551
-27	 0.973451	 1.000000	 1.000000	 1.459949
-28	 0.961039	 1.000000	 1.000000	 1.523020
-28	 0.987124	 1.000000	 1.000000	 1.699253
-27	 0.978723	 1.000000	 1.000000	 1.807781
-28	 0.966102	 1.000000	 1.000000	 1.878047
-28	 0.927711	 1.000000	 1.000000	 1.912490
-29	 0.961783	 1.000000	 1.000000	 1.976907
-29	 0.962963	 1.000000	 1.000000	 2.043325
-33	 0.985782	 1.000000	 1.000000	 2.208004
-32	 0.962264	 1.000000	 1.000000	 2.272230
-32	 0.985185	 1.000000	 1.000000	 2.426355
-34	 0.982143	 1.000000	 1.000000	 2.555309
-33	 0.979452	 1.000000	 1.000000	 2.669462
-32	 0.972851	 1.000000	 1.000000	 2.757115
-35	 0.987315	 1.000000	 1.000000	 2.943649
-38	 0.987654	 1.000000	 1.000000	 3.132734
-38	 0.984043	 1.000000	 1.000000	 3.281311
-37	 0.977012	 1.000000	 1.000000	 3.382331
-33	 0.980583	 1.000000	 1.000000	 3.504658
-41	 0.974895	 1.000000	 1.000000	 3.602845
-39	 0.974468	 1.000000	 1.000000	 3.695737
-39	 0.941748	 1.000000	 1.000000	 3.739918
-37	 0.971154	 1.000000	 1.000000	 3.824708
-45	 0.987069	 1.000000	 1.000000	 4.053295
-44	 0.988417	 1.000000	 1.000000	 4.258324
-43	 0.972727	 1.000000	 1.000000	 4.344961
-38	 0.964286	 1.000000	 1.000000	 4.416046
-39	 0.987097	 1.000000	 1.000000	 4.604261
-38	 0.974684	 1.000000	 1.000000	 4.710875
-39	 0.962025	 1.000000	 1.000000	 4.774570
-41	 0.966292	 1.000000	 1.000000	 4.843987
-44	 0.986425	 1.000000	 1.000000	 5.016383
-46	 0.986517	 1.000000	 1.000000	 5.187555
-50	 0.963190	 1.000000	 1.000000	 5.253152
-49	 0.983146	 1.000000	 1.000000	 5.392595
-47	 0.988506	 1.000000	 1.000000	 5.594656
-49	 0.977695	 1.000000	 1.000000	 5.703713
-46	 0.978723	 1.000000	 1.000000	 5.816139
-51	 0.989830	 1.000000	 1.000000	 6.045000
-47	 0.982507	 1.000000	 1.000000	 6.178811
-48	 0.984127	 1.000000	 1.000000	 6.328909
-48	 0.979167	 1.000000	 1.000000	 6.444692
-49	 0.964286	 1.000000	 1.000000	 6.512058
-47	 0.976471	 1.000000	 1.000000	 6.611990
-48	 0.967033	 1.000000	 1.000000	 6.686660
-48	 0.987854	 1.000000	 1.000000	 6.930233
-48	 0.983562	 1.000000	 1.000000	 7.072567
-50	 0.983333	 1.000000	 1.000000	 7.240193
-46	 0.987755	 1.000000	 1.000000	 7.434397
-50	 0.957447	 1.000000	 1.000000	 7.492998
-49	 0.959184	 1.000000	 1.000000	 7.552943
-50	 0.983607	 1.000000	 1.000000	 7.700541
-54	 0.977702	 1.000000	 1.000000	 8.993275
-55	 0.980769	 1.000000	 1.000000	 9.121537
-53	 0.981250	 1.000000	 1.000000	 9.249741
-53	 0.975309	 1.000000	 1.000000	 9.351679
-54	 0.986014	 1.000000	 1.000000	 9.523665
-55	 0.984576	 1.000000	 1.000000	 9.678667
-54	 0.978339	 1.000000	 1.000000	 9.789036
-58	 0.974249	 1.000000	 1.000000	 9.884150
-50	 0.972350	 1.000000	 1.000000	 9.973946
-52	 0.981424	 1.000000	 1.000000	 10.105879
-53	 0.983425	 1.000000	 1.000000	 10.251650
-57	 0.979592	 1.000000	 1.000000	 10.371760
-62	 0.991724	 1.000000	 1.000000	 10.661996
-60	 0.971154	 1.000000	 1.000000	 10.744848
-60	 0.965714	 1.000000	 1.000000	 10.818423
-54	 0.983471	 1.000000	 1.000000	 10.963902
-61	 0.978102	 1.000000	 1.000000	 11.074992
-58	 0.969849	 1.000000	 1.000000	 11.154208
-63	 0.977186	 1.000000	 1.000000	 11.263899
-56	 0.968254	 1.000000	 1.000000	 11.341634
-62	 0.987805	 1.000000	 1.000000	 11.543798
-54	 0.973094	 1.000000	 1.000000	 11.634969
-58	 0.979381	 1.000000	 1.000000	 11.753740
-59	 0.960784	 1.000000	 1.000000	 11.817279
-63	 0.974790	 1.000000	 1.000000	 11.915746
-65	 0.964072	 1.000000	 1.000000	 11.989043
-59	 0.970588	 1.000000	 1.000000	 12.075568
-60	 0.982659	 1.000000	 1.000000	 12.215283
-66	 0.976834	 1.000000	 1.000000	 12.320989
-70	 0.982249	 1.000000	 1.000000	 12.458692
-71	 0.971963	 1.000000	 1.000000	 12.550609
-73	 0.948276	 1.000000	 1.000000	 12.633877
-71	 0.666667	 1.000000	 -nan	 12.644482
-71	 0.828571	 1.000000	 1.000000	 12.661493
-73	 0.977941	 1.000000	 1.000000	 12.772809
-74	 0.915493	 1.000000	 1.000000	 12.809967
-73	 0.571429	 1.000000	 1.000000	 12.844970
-70	 0.921053	 1.000000	 1.000000	 12.895269
-71	 0.940000	 1.000000	 1.000000	 12.963820
-71	 0.911765	 1.000000	 1.000000	 12.996749
-73	 0.970443	 1.000000	 1.000000	 13.081168
-74	 0.958904	 1.000000	 1.000000	 13.144638
-69	 0.950413	 1.000000	 1.000000	 13.196175
-72	 0.931035	 1.000000	 1.000000	 13.234114
-72	 0.454545	 1.000000	 1.000000	 13.241991
-75	 0.940594	 1.000000	 1.000000	 13.291645
-78	 0.000000	 1.000000	 1.000000	 13.345867
-74	 0.000000	 1.000000	 -nan	 13.398478
-76	 0.700000	 1.000000	 1.000000	 13.424559
-74	 0.812500	 1.000000	 1.000000	 13.461977
-75	 0.895522	 1.000000	 1.000000	 13.503368
-74	 0.863636	 1.000000	 1.000000	 13.525872
-76	 0.863636	 1.000000	 1.000000	 13.546673
-76	 0.884615	 1.000000	 1.000000	 13.578411
-74	 0.806452	 1.000000	 1.000000	 13.595820
-74	 0.647059	 1.000000	 1.000000	 13.629742
-72	 0.600000	 1.000000	 1.000000	 13.654423
-70	 0.920455	 1.000000	 1.000000	 13.695710
-71	 0.923077	 1.000000	 1.000000	 13.730832
-72	 0.884615	 1.000000	 1.000000	 13.755625
-73	 0.571429	 1.000000	 1.000000	 13.775314
-71	 0.901639	 1.000000	 1.000000	 13.814363
-72	 0.666667	 1.000000	 -nan	 13.834638
-69	 0.000000	 1.000000	 1.000000	 13.889855
-69	 0.000000	 1.000000	 -nan	 13.941764
-71	 0.934783	 1.000000	 1.000000	 13.987531
-71	 0.000000	 1.000000	 1.000000	 14.002643
-75	 0.695391	 1.000000	 1.000000	 14.952416
-76	 0.538462	 1.000000	 1.000000	 15.005964
-75	 0.000000	 1.000000	 -nan	 15.054691
-73	 0.958042	 1.000000	 1.000000	 15.141816
-73	 0.000000	 1.000000	 1.000000	 15.164787
-75	 0.898551	 1.000000	 1.000000	 15.229044
-74	 0.930233	 1.000000	 1.000000	 15.275975
-76	 0.785714	 1.000000	 1.000000	 15.302385
-73	 0.000000	 1.000000	 1.000000	 15.359016
-78	 0.333333	 1.000000	 -nan	 15.386947
-76	 0.869565	 1.000000	 1.000000	 15.426538
-72	 0.000000	 1.000000	 1.000000	 15.465137
-77	 0.000000	 1.000000	 1.000000	 15.519011
-77	 0.000000	 1.000000	 1.000000	 15.566482
-73	 0.872340	 1.000000	 1.000000	 15.613864
-73	 0.769231	 1.000000	 1.000000	 15.645208
-68	 0.142857	 1.000000	 1.000000	 15.669359
-73	 0.000000	 1.000000	 -nan	 15.708780
-79	 0.863636	 1.000000	 1.000000	 15.763381
-79	 0.000000	 1.000000	 -nan	 15.820682
-78	 0.000000	 1.000000	 -nan	 15.874895
-77	 0.250000	 1.000000	 -nan	 15.918265
-74	 0.000000	 1.000000	 -nan	 15.971658
-78	 0.000000	 1.000000	 1.000000	 16.022762
-78	 0.000000	 1.000000	 -nan	 16.038212
-77	 0.000000	 1.000000	 -nan	 16.054493
-77	 0.000000	 1.000000	 1.000000	 16.070276
-77	 0.000000	 1.000000	 1.000000	 16.086094
-78	 0.000000	 1.000000	 1.000000	 16.102556
-78	 0.000000	 1.000000	 1.000000	 16.117723
-77	 0.000000	 1.000000	 1.000000	 16.133110
-78	 0.000000	 1.000000	 1.000000	 16.148729
-79	 0.000000	 1.000000	 1.000000	 16.164536
-77	 0.000000	 1.000000	 1.000000	 16.181396
-79	 0.000000	 1.000000	 1.000000	 16.199350
-79	 0.000000	 1.000000	 1.000000	 16.215084
-81	 0.000000	 1.000000	 1.000000	 16.232492
-79	 0.000000	 1.000000	 1.000000	 16.247236
-78	 0.000000	 1.000000	 1.000000	 16.265514
-75	 0.000000	 1.000000	 1.000000	 16.281481
-76	 0.000000	 1.000000	 1.000000	 16.296082
-78	 0.000000	 1.000000	 1.000000	 16.311991
-78	 0.000000	 1.000000	 1.000000	 16.328197
-75	 0.000000	 1.000000	 1.000000	 16.342571
-74	 0.000000	 1.000000	 1.000000	 16.358341
-74	 0.000000	 1.000000	 1.000000	 16.373932
-77	 0.000000	 1.000000	 1.000000	 16.389406
-77	 0.000000	 1.000000	 1.000000	 16.405478
-76	 0.000000	 1.000000	 1.000000	 16.421616
-75	 0.000000	 1.000000	 1.000000	 16.437063
-75	 0.000000	 1.000000	 1.000000	 16.452072
-75	 0.000000	 1.000000	 1.000000	 16.467030
-73	 0.000000	 1.000000	 1.000000	 16.483236
-76	 0.000000	 1.000000	 1.000000	 16.498018
-75	 0.625000	 1.000000	 1.000000	 16.518101
-74	 0.000000	 1.000000	 1.000000	 16.532408
-73	 0.000000	 1.000000	 1.000000	 16.549143
-75	 0.000000	 1.000000	 1.000000	 16.563320
-76	 0.000000	 1.000000	 1.000000	 16.583357
-75	 0.000000	 1.000000	 1.000000	 16.597401
-74	 0.333333	 1.000000	 1.000000	 16.614471
-74	 0.400000	 1.000000	 1.000000	 16.633402
-74	 0.000000	 1.000000	 1.000000	 16.650511
-73	 0.000000	 1.000000	 1.000000	 16.666555
-72	 0.000000	 1.000000	 1.000000	 16.681549
-72	 0.000000	 1.000000	 1.000000	 16.697327
-73	 0.000000	 1.000000	 1.000000	 16.712412
-71	 0.000000	 1.000000	 1.000000	 16.728127
-72	 0.000000	 1.000000	 1.000000	 16.745834
-71	 0.000000	 1.000000	 1.000000	 16.761391
-75	 0.000000	 1.000000	 1.000000	 16.777172
-74	 0.000000	 1.000000	 1.000000	 16.792789
-73	 0.000000	 1.000000	 1.000000	 16.808504
-75	 0.000000	 1.000000	 1.000000	 16.823610
-72	 0.000000	 1.000000	 1.000000	 16.838669
-71	 0.000000	 1.000000	 1.000000	 16.854231
-71	 0.000000	 1.000000	 1.000000	 16.869099
-72	 0.000000	 1.000000	 1.000000	 16.885208
-69	 0.000000	 1.000000	 1.000000	 16.901323
-70	 0.000000	 1.000000	 1.000000	 16.916042
-69	 0.000000	 1.000000	 1.000000	 16.931971
-71	 0.000000	 1.000000	 1.000000	 16.950642
-70	 0.000000	 1.000000	 1.000000	 16.965397
-72	 0.000000	 1.000000	 1.000000	 16.980289
-72	 0.945455	 1.000000	 1.000000	 17.051130
-71	 0.666667	 1.000000	 1.000000	 17.082861
-64	 0.500000	 1.000000	 1.000000	 17.109385
-71	 0.965318	 1.000000	 1.000000	 17.212523
-73	 0.920000	 1.000000	 1.000000	 17.245693
-74	 0.538462	 1.000000	 1.000000	 17.271524
-72	 0.963636	 1.000000	 1.000000	 17.373775
-71	 0.971963	 1.000000	 1.000000	 17.516512
-73	 0.936842	 1.000000	 1.000000	 17.556242
-73	 0.000000	 1.000000	 1.000000	 17.614187
-74	 0.924051	 1.000000	 1.000000	 17.671690
-73	 0.941176	 1.000000	 1.000000	 17.729803
-72	 0.906250	 1.000000	 1.000000	 17.756512
-70	 0.333333	 1.000000	 1.000000	 17.772823
-71	 0.363636	 1.000000	 1.000000	 17.797646
-72	 0.750000	 1.000000	 1.000000	 17.815001
-71	 0.333333	 1.000000	 -nan	 17.853809
-69	 0.921053	 1.000000	 1.000000	 17.889235
-71	 0.973451	 1.000000	 1.000000	 17.983332
-69	 0.971564	 1.000000	 1.000000	 18.072479
-67	 0.932584	 1.000000	 1.000000	 18.111736
-71	 0.920000	 1.000000	 1.000000	 18.144058
-70	 0.956204	 1.000000	 1.000000	 18.201654
-73	 0.977778	 1.000000	 1.000000	 18.316080
-72	 0.971564	 1.000000	 1.000000	 18.406057
-66	 0.973094	 1.000000	 1.000000	 18.499844
-68	 0.978495	 1.000000	 1.000000	 18.613510
-68	 0.958333	 1.000000	 1.000000	 18.675007
-66	 0.967568	 1.000000	 1.000000	 18.753534
-61	 0.949153	 1.000000	 1.000000	 18.822079
-65	 0.837838	 1.000000	 1.000000	 18.865290
-70	 0.966292	 1.000000	 1.000000	 18.938322
-73	 0.974026	 1.000000	 1.000000	 19.033567
-71	 0.961290	 1.000000	 1.000000	 19.096613
-65	 0.968254	 1.000000	 1.000000	 19.176416
-68	 0.974026	 1.000000	 1.000000	 19.269569
-70	 0.974576	 1.000000	 1.000000	 19.366430
-65	 0.972093	 1.000000	 1.000000	 19.454216
-65	 0.978339	 1.000000	 1.000000	 19.566002
-63	 0.986175	 1.000000	 1.000000	 19.743954
-61	 0.982196	 1.000000	 1.000000	 19.880747
-48	 0.978485	 1.000000	 1.000000	 21.216742
-51	 0.980645	 1.000000	 1.000000	 21.344576
-55	 0.963636	 1.000000	 1.000000	 21.411676
-56	 0.983740	 1.000000	 1.000000	 21.559483
-59	 0.970874	 1.000000	 1.000000	 21.645061
-53	 0.960265	 1.000000	 1.000000	 21.707462
-57	 0.966102	 1.000000	 1.000000	 21.779970
-52	 0.977528	 1.000000	 1.000000	 21.881889
-53	 0.970000	 1.000000	 1.000000	 21.964409
-53	 0.978417	 1.000000	 1.000000	 22.074850
-52	 0.976654	 1.000000	 1.000000	 22.178514
-50	 0.984615	 1.000000	 1.000000	 22.340874
-48	 0.976000	 1.000000	 1.000000	 22.442879
-49	 0.979661	 1.000000	 1.000000	 22.561857
-39	 0.952756	 1.000000	 1.000000	 22.629972
-54	 0.927083	 1.000000	 1.000000	 22.676207
-51	 0.979094	 1.000000	 1.000000	 22.793724
-49	 0.923077	 1.000000	 1.000000	 22.827734
-49	 0.300000	 1.000000	 1.000000	 22.848932
-53	 0.968586	 1.000000	 1.000000	 22.927244
-55	 0.958904	 1.000000	 1.000000	 22.990126
-56	 0.963636	 1.000000	 1.000000	 23.059980
-50	 0.981982	 1.000000	 1.000000	 23.196394
-49	 0.960784	 1.000000	 1.000000	 23.260143
-48	 0.454545	 1.000000	 1.000000	 23.289347
-48	 0.684211	 1.000000	 1.000000	 23.299747
-47	 0.647059	 1.000000	 1.000000	 23.309221
-48	 0.700000	 1.000000	 1.000000	 23.327255
-49	 0.957747	 1.000000	 1.000000	 23.386070
-49	 0.949153	 1.000000	 1.000000	 23.435598
-52	 0.984962	 1.000000	 1.000000	 23.600803
-59	 0.981763	 1.000000	 1.000000	 23.732618
-58	 0.956835	 1.000000	 1.000000	 23.790279
-61	 0.954198	 1.000000	 1.000000	 23.846420
-64	 0.975104	 1.000000	 1.000000	 23.944586
-66	 0.953488	 1.000000	 1.000000	 24.001076
-69	 0.982143	 1.000000	 1.000000	 24.138540
-70	 0.982249	 1.000000	 1.000000	 24.276333
-69	 0.972477	 1.000000	 1.000000	 24.367304
-66	 0.971963	 1.000000	 1.000000	 24.455683
-69	 0.970732	 1.000000	 1.000000	 24.540642
-68	 0.979866	 1.000000	 1.000000	 24.663677
-68	 0.978182	 1.000000	 1.000000	 24.775888
-65	 0.980645	 1.000000	 1.000000	 24.904568
-66	 0.985472	 1.000000	 1.000000	 25.069983
-68	 0.975000	 1.000000	 1.000000	 25.165911
-70	 0.979310	 1.000000	 1.000000	 25.283262
-70	 0.985185	 1.000000	 1.000000	 25.443499
-69	 0.863636	 1.000000	 1.000000	 25.494942
-73	 0.936842	 1.000000	 1.000000	 25.550220
-74	 0.863636	 1.000000	 1.000000	 25.574057
-73	 0.727273	 1.000000	 1.000000	 25.585562
-71	 0.714286	 1.000000	 1.000000	 25.620646
-74	 0.863636	 1.000000	 1.000000	 25.640093
-72	 0.935484	 1.000000	 1.000000	 25.710646
-72	 0.714286	 1.000000	 1.000000	 25.732719
-74	 0.000000	 1.000000	 1.000000	 25.747908
-74	 0.000000	 1.000000	 -nan	 25.763002
-74	 0.571429	 1.000000	 -nan	 25.773277
-73	 0.250000	 1.000000	 1.000000	 25.822905
-74	 0.942857	 1.000000	 1.000000	 25.869408
-72	 0.977612	 1.000000	 1.000000	 25.979820
-72	 0.977273	 1.000000	 1.000000	 26.086582
-73	 0.972093	 1.000000	 1.000000	 26.172770
-75	 0.938776	 1.000000	 1.000000	 26.215681
-72	 0.964937	 1.000000	 1.000000	 27.465477
-73	 0.920000	 1.000000	 1.000000	 27.505077
-75	 0.909091	 1.000000	 1.000000	 27.540602
-75	 0.647059	 1.000000	 1.000000	 27.552355
-75	 0.917647	 1.000000	 1.000000	 27.594376
-76	 0.454545	 1.000000	 1.000000	 27.616627
-75	 0.000000	 1.000000	 -nan	 27.645788
-76	 0.333333	 1.000000	 -nan	 27.685900
-78	 0.000000	 1.000000	 -nan	 27.740744
-78	 0.000000	 1.000000	 -nan	 27.795765
-75	 0.960265	 1.000000	 1.000000	 27.875568
-73	 0.943925	 1.000000	 1.000000	 27.932028
-74	 0.985075	 1.000000	 1.000000	 28.094324
-78	 0.777778	 1.000000	 1.000000	 28.132261
-75	 0.850000	 1.000000	 1.000000	 28.167149
-77	 0.904762	 1.000000	 1.000000	 28.202238
-77	 0.647059	 1.000000	 1.000000	 28.217064
-77	 0.400000	 1.000000	 -nan	 28.251534
-78	 0.875000	 1.000000	 1.000000	 28.294744
-75	 0.894737	 1.000000	 1.000000	 28.324499
-72	 0.272727	 1.000000	 1.000000	 28.373821
-77	 0.000000	 1.000000	 1.000000	 28.433886
-72	 0.142857	 1.000000	 1.000000	 28.481611
-78	 0.896552	 1.000000	 1.000000	 28.514111
-75	 0.000000	 1.000000	 1.000000	 28.555944
-75	 0.806452	 1.000000	 -nan	 28.586248
-78	 0.823529	 1.000000	 1.000000	 28.620018
-74	 0.400000	 1.000000	 -nan	 28.639732
-76	 0.000000	 1.000000	 1.000000	 28.689278
-77	 0.000000	 1.000000	 -nan	 28.741007
-75	 0.000000	 1.000000	 -nan	 28.793293
-74	 0.901639	 1.000000	 1.000000	 28.834642
-74	 0.906250	 1.000000	 1.000000	 28.866201
-76	 0.454545	 1.000000	 1.000000	 28.887386
-73	 0.000000	 1.000000	 -nan	 28.906441
-75	 0.000000	 1.000000	 -nan	 28.923784
-76	 0.000000	 1.000000	 -nan	 28.940825
-74	 0.000000	 1.000000	 -nan	 28.961512
-73	 0.000000	 1.000000	 1.000000	 28.983273
-74	 0.000000	 1.000000	 -nan	 29.002714
-72	 0.898305	 1.000000	 1.000000	 29.037310
-76	 0.927711	 1.000000	 1.000000	 29.092064
-76	 0.000000	 1.000000	 -nan	 29.143593
-75	 0.000000	 1.000000	 -nan	 29.200274
-74	 0.925000	 1.000000	 1.000000	 29.254459
-73	 0.962025	 1.000000	 1.000000	 29.320965
-78	 0.000000	 1.000000	 1.000000	 29.378071
-75	 0.000000	 1.000000	 1.000000	 29.424034
-73	 0.000000	 1.000000	 -nan	 29.471357
-78	 0.000000	 1.000000	 -nan	 29.529222
-78	 0.000000	 1.000000	 -nan	 29.577663
-76	 0.000000	 1.000000	 -nan	 29.629459
-76	 0.000000	 1.000000	 -nan	 29.687012
-74	 0.000000	 1.000000	 -nan	 29.743172
-75	 0.000000	 1.000000	 -nan	 29.802807
-76	 0.000000	 1.000000	 1.000000	 29.857677
-74	 0.000000	 1.000000	 1.000000	 29.912842
-79	 0.000000	 1.000000	 1.000000	 29.970833
-75	 0.000000	 1.000000	 1.000000	 30.019938
-78	 0.000000	 1.000000	 1.000000	 30.071402
-79	 0.000000	 1.000000	 1.000000	 30.123419
-78	 0.000000	 1.000000	 1.000000	 30.172562
-78	 0.000000	 1.000000	 1.000000	 30.221235
-78	 0.000000	 1.000000	 1.000000	 30.235956
-80	 0.000000	 1.000000	 1.000000	 30.254442
-79	 0.000000	 1.000000	 1.000000	 30.270172
-76	 0.000000	 1.000000	 1.000000	 30.288635
-77	 0.000000	 1.000000	 1.000000	 30.303724
-78	 0.000000	 1.000000	 1.000000	 30.319866
-80	 0.000000	 1.000000	 1.000000	 30.337479
-81	 0.000000	 1.000000	 1.000000	 30.355295
-77	 0.000000	 1.000000	 1.000000	 30.370436
-79	 0.000000	 1.000000	 1.000000	 30.385702
-80	 0.000000	 1.000000	 1.000000	 30.401508
-79	 0.000000	 1.000000	 1.000000	 30.416573
-79	 0.000000	 1.000000	 1.000000	 30.432306
-78	 0.000000	 1.000000	 1.000000	 30.449944
-77	 0.000000	 1.000000	 1.000000	 30.465652
-79	 0.000000	 1.000000	 1.000000	 30.480915
-80	 0.000000	 1.000000	 1.000000	 30.497543
-77	 0.000000	 1.000000	 1.000000	 30.514244
-77	 0.000000	 1.000000	 -nan	 30.534470
-77	 0.000000	 1.000000	 1.000000	 30.552191
-78	 0.000000	 1.000000	 1.000000	 30.567244
-81	 0.000000	 1.000000	 1.000000	 30.590652
-81	 0.000000	 1.000000	 1.000000	 30.606211
-77	 0.000000	 1.000000	 -nan	 30.621048
-80	 0.000000	 1.000000	 1.000000	 30.637608
-77	 0.000000	 1.000000	 1.000000	 30.653252
-76	 0.000000	 1.000000	 1.000000	 30.668394
-77	 0.000000	 1.000000	 1.000000	 30.683699
-78	 0.000000	 1.000000	 1.000000	 30.699509
-82	 0.049774	 0.846154	 0.859504	 34.034321
-81	 0.000000	 1.000000	 1.000000	 34.053780
-80	 0.000000	 1.000000	 1.000000	 34.070042
-81	 0.000000	 1.000000	 1.000000	 34.088482
-83	 0.000000	 1.000000	 1.000000	 34.179920
-83	 0.000000	 1.000000	 -nan	 34.201393
-83	 0.000000	 1.000000	 -nan	 34.218323
-83	 0.000000	 1.000000	 -nan	 34.235504
-83	 0.000000	 1.000000	 -nan	 34.250217
-83	 0.000000	 1.000000	 -nan	 34.265415
-83	 0.000000	 1.000000	 -nan	 34.280403
-81	 0.000000	 1.000000	 1.000000	 34.298222
-81	 0.000000	 1.000000	 1.000000	 34.326092
-84	 0.000000	 1.000000	 1.000000	 34.350410
-80	 0.000000	 1.000000	 1.000000	 34.366737
-81	 0.000000	 1.000000	 1.000000	 34.382309
-81	 0.000000	 1.000000	 -nan	 34.398266
-80	 0.000000	 1.000000	 -nan	 34.417988
-82	 0.000000	 1.000000	 -nan	 34.435207
-79	 0.000000	 1.000000	 1.000000	 34.449390
-82	 0.000000	 1.000000	 1.000000	 34.467781
-81	 0.000000	 1.000000	 1.000000	 34.483330
-80	 0.000000	 1.000000	 1.000000	 34.498055
-82	 0.000000	 1.000000	 1.000000	 34.514427
-82	 0.000000	 1.000000	 1.000000	 34.530514
-82	 0.000000	 1.000000	 1.000000	 34.545521
-84	 0.000000	 1.000000	 1.000000	 34.563831
-83	 0.000000	 1.000000	 1.000000	 34.591301
-83	 0.000000	 1.000000	 1.000000	 34.607616
-81	 0.000000	 1.000000	 1.000000	 34.623276
-79	 0.000000	 1.000000	 1.000000	 34.639210
-78	 0.000000	 1.000000	 1.000000	 34.655518
-79	 0.000000	 1.000000	 1.000000	 34.670589
-80	 0.000000	 1.000000	 1.000000	 34.686520
-80	 0.000000	 1.000000	 1.000000	 34.701965
-82	 0.000000	 1.000000	 1.000000	 34.718449
-82	 0.000000	 1.000000	 1.000000	 34.733913
-82	 0.000000	 1.000000	 1.000000	 34.751701
-82	 0.000000	 1.000000	 1.000000	 34.766544
-83	 0.000000	 1.000000	 1.000000	 34.784733
-83	 0.000000	 1.000000	 1.000000	 34.799221
-82	 0.000000	 1.000000	 1.000000	 34.817005
-83	 0.000000	 1.000000	 1.000000	 34.835880
-83	 0.000000	 1.000000	 1.000000	 34.851654
-85	 0.000000	 1.000000	 1.000000	 34.868889
-83	 0.000000	 1.000000	 1.000000	 34.889816
-84	 0.000000	 1.000000	 1.000000	 34.912220
-81	 0.000000	 1.000000	 1.000000	 34.930851
-80	 0.000000	 1.000000	 1.000000	 34.948685
-80	 0.000000	 1.000000	 1.000000	 34.964809
-83	 0.000000	 1.000000	 1.000000	 34.980137
-82	 0.000000	 1.000000	 1.000000	 34.998123
-84	 0.000000	 1.000000	 1.000000	 35.014149
-82	 0.000000	 1.000000	 1.000000	 35.029922
-82	 0.000000	 1.000000	 1.000000	 35.045803
-82	 0.000000	 1.000000	 1.000000	 35.063332
-83	 0.000000	 1.000000	 1.000000	 35.081249
-82	 0.000000	 1.000000	 1.000000	 35.100304
-82	 0.000000	 1.000000	 1.000000	 35.115345
-81	 0.000000	 1.000000	 1.000000	 35.132927
-82	 0.000000	 1.000000	 1.000000	 35.148281
-81	 0.000000	 1.000000	 1.000000	 35.164742
-82	 0.000000	 1.000000	 1.000000	 35.182842
-81	 0.000000	 1.000000	 1.000000	 35.198830
-82	 0.000000	 1.000000	 1.000000	 35.215748
-80	 0.000000	 1.000000	 1.000000	 35.230934
-81	 0.000000	 1.000000	 1.000000	 35.246021
-83	 0.000000	 1.000000	 1.000000	 35.263824
-81	 0.000000	 1.000000	 1.000000	 35.280045
-81	 0.000000	 1.000000	 1.000000	 35.295780
-82	 0.000000	 1.000000	 1.000000	 35.311447
-81	 0.000000	 1.000000	 1.000000	 35.327278
-81	 0.000000	 1.000000	 1.000000	 35.342621
-83	 0.000000	 1.000000	 1.000000	 35.357586
-83	 0.000000	 1.000000	 1.000000	 35.373024
-83	 0.000000	 1.000000	 1.000000	 35.390110
-83	 0.000000	 1.000000	 1.000000	 35.406670
-83	 0.000000	 1.000000	 1.000000	 35.425278
-83	 0.000000	 1.000000	 1.000000	 35.451252
-84	 0.000000	 1.000000	 1.000000	 35.468586
-83	 0.000000	 1.000000	 1.000000	 35.486633
-84	 0.000000	 1.000000	 1.000000	 35.506107
-83	 0.000000	 1.000000	 1.000000	 35.526680
-83	 0.000000	 1.000000	 1.000000	 35.554207
-85	 0.000000	 1.000000	 1.000000	 35.591770
-85	 0.000000	 1.000000	 -nan	 35.614174
-82	 0.000000	 1.000000	 -nan	 35.632065
-82	 0.000000	 1.000000	 -nan	 35.647198
-82	 0.000000	 1.000000	 -nan	 35.661652
-82	 0.000000	 1.000000	 -nan	 35.676491
-82	 0.000000	 1.000000	 -nan	 35.693905
-82	 0.000000	 1.000000	 -nan	 35.711620
-80	 0.000000	 1.000000	 1.000000	 35.740112
-80	 0.000000	 1.000000	 1.000000	 35.756012
-80	 0.000000	 1.000000	 1.000000	 35.771278
-82	 0.000000	 1.000000	 1.000000	 35.787388
-82	 0.000000	 1.000000	 1.000000	 35.808250
-84	 0.000000	 1.000000	 1.000000	 35.976055
-84	 0.000000	 1.000000	 -nan	 36.224422
-84	 0.000000	 1.000000	 1.000000	 36.308784
-82	 0.000000	 1.000000	 1.000000	 36.336216
-83	 0.000000	 1.000000	 1.000000	 36.366016
-85	 0.000000	 1.000000	 1.000000	 36.508244
-83	 0.000000	 1.000000	 1.000000	 36.827724
