HT40/SGI	 T	 MCS8	 22.5	96.6	 95.9	 72(	| 0.966292	 1.000000	 1.000000 |	-38	 3.201525
HT40/SGI	 T	 MCS8	 22.3	95.9	 98.6	 72(	| 0.950820	 1.000000	 1.000000 |	-69	 11.780196
HT40/SGI	 T	 MCS8	 22.4	96.3	 93.0	 67(	| 0.940000	 1.000000	 1.000000 |	-74	 14.393010
HT40/SGI	 T	 MCS8	 22.5	96.6	 95.9	 71(	| 0.965318	 1.000000	 1.000000 |	-49	 22.728006
HT40/SGI	 T	 MCS8	 22.3	95.9	 94.5	 70(	| 0.963855	 1.000000	 1.000000 |	-77	 29.390924
HT40/SGI	 T	 MCS8	 19.9	85.6	 94.3	 67(	| 0.938144	 1.000000	 1.000000 |	-78	 31.007692
HT40/SGI	 T	 MCS8	 18.2	78.1	 70.4	 50(	| 0.600000	 1.000000	 1.000000 |	-75	 31.321432
HT40/SGI	 T	 MCS8	 18.1	77.8	 84.2	 59(	| 0.882353	 1.000000	 1.000000 |	-81	 31.632896
HT40/SGI	 T	 MCS8	 10.6	45.7	 55.5	 35(	| 0.500000	 1.000000	 1.000000 |	-79	 31.847364
HT40/SGI	 MCS8	 0.0	 0.6	0.0	 0(	 10)	| 0.000000	 1.000000	 1.000000 |	-81	 33.063236
HT40/SGI	 MCS8	 0.0	 0.0	0.0	 0(	 16)	| 0.000000	 1.000000	 1.000000 |	-81	 34.168999
HT40/SGI	 MCS8	 0.0	 0.0	0.0	 0(	 18)	| 0.000000	 1.000000	 1.000000 |	-80	 34.223503
HT40/SGI	 MCS8	 0.0	 6.5	22.2	 4(	 18)	| 0.000000	 1.000000	 1.000000 |	-78	 34.690094
HT40/SGI	 MCS8	 0.0	 0.3	0.0	 0(	 18)	| 0.000000	 1.000000	 1.000000 |	-80	 35.214458
HT40/SGI	 MCS8	 0.0	 0.0	0.0	 0(	 16)	| 0.000000	 1.000000	 1.000000 |	-79	 36.357475
HT40/SGI	 MCS8	 0.0	 0.0	0.0	 0(	 14)	| 0.000000	 1.000000	 1.000000 |	-83	 37.354267
HT40/SGI	 T	 MCS8	 22.4	96.3	 91.4	 32(	| 0.833333	 1.000000	 1.000000 |	-76	 17.931126
HT40/SGI	 T	 MCS8	 23.0	98.9	 100.0	 35(	| 0.250000	 1.000000	 1.000000 |	-78	 32.246300
HT40/SGI	 T	 MCS8	 16.5	70.9	 0.0	 0(	| 0.000000	 1.000000	 1.000000 |	-82	 32.460674
HT40/SGI	 MCS8	 3.0	 13.1	0.0	 0(	 0)	| 0.000000	 1.000000	 1.000000 |	-77	 32.582344
