HT40/SGI	 T	 MCS9	 36.4	98.4	 100.0	 109(109)	| 0.977852	 1.000000	 1.000000 |	-52	 8.798052
HT40/SGI	 T	 MCS9	 36.3	98.0	 96.3	 107(111)	| 0.975806	 1.000000	 1.000000 |	-50	 8.934003
HT40/SGI	 T	 MCS9	 36.0	97.4	 97.3	 109(112)	| 0.974895	 1.000000	 1.000000 |	-50	 9.558811
HT40/SGI	 T	 MCS9	 36.0	97.2	 98.1	 105(107)	| 0.969754	 1.000000	 1.000000 |	-70	 15.083109
HT40/SGI	 MCS9	 19.5	 52.7	49.2	 31(	 63)	| 0.833333	 1.000000	 1.000000 |	-76	 17.931126
HT40/SGI	 T	 MCS9	 36.0	97.4	 94.4	 103(109)	| 0.980352	 1.000000	 1.000000 |	-63	 21.247156
HT40/SGI	 T	 MCS9	 36.2	97.8	 96.2	 102(106)	| 0.972973	 1.000000	 1.000000 |	-64	 22.144264
HT40/SGI	 T	 MCS9	 36.1	97.7	 96.3	 107(111)	| 0.985981	 1.000000	 1.000000 |	-54	 23.451029
HT40/SGI	 T	 MCS9	 36.1	97.5	 98.2	 111(113)	| 0.969849	 1.000000	 1.000000 |	-60	 25.576021
HT40/SGI	 T	 MCS9	 36.0	97.4	 98.1	 109(111)	| 0.980519	 1.000000	 1.000000 |	-70	 26.271393
HT40/SGI	 T	 MCS9	 34.8	94.2	 96.2	 104(108)	| 0.972350	 1.000000	 1.000000 |	-72	 29.783447
HT40/SGI	 MCS9	 21.8	 58.9	28.7	 21(	 73)	| 0.142857	 1.000000	 1.000000 |	-78	 30.104725
HT40/SGI	 MCS9	 19.1	 51.7	16.6	 10(	 60)	| 0.250000	 1.000000	 1.000000 |	-79	 30.468861
HT40/SGI	 MCS9	 18.6	 50.4	0.0	 0(	 48)	| 0.000000	 1.000000	 -nan |	-77	 32.037464
HT40/SGI	 MCS9	 12.9	 34.9	39.3	 24(	 61)	| 0.250000	 1.000000	 1.000000 |	-78	 32.246300
HT40/SGI	 MCS9	 5.2	 14.0	0.0	 0(	 7)	| 0.000000	 1.000000	 1.000000 |	-82	 32.460674
HT40/SGI	 MCS9	 0.0	 0.0	0.0	 0(	 17)	| 0.000000	 1.000000	 1.000000 |	-77	 32.582344
HT40/SGI	 MCS9	 0.0	 0.0	0.0	 0(	 20)	| 0.000000	 1.000000	 1.000000 |	-81	 34.111336
HT40/SGI	 MCS9	 0.0	 0.0	0.0	 0(	 19)	| 0.000000	 1.000000	 1.000000 |	-81	 34.631893
HT40/SGI	 MCS9	 0.0	 0.0	0.0	 0(	 19)	| 0.000000	 1.000000	 1.000000 |	-81	 35.619190
HT40/SGI	 MCS9	 0.0	 0.0	0.0	 0(	 9)	| 0.000000	 1.000000	 1.000000 |	-82	 35.776863
HT40/SGI	 MCS9	 0.0	 0.0	0.0	 0(	 18)	| 0.000000	 1.000000	 1.000000 |	-82	 35.827473
HT40/SGI	 MCS9	 0.0	 0.0	0.0	 0(	 12)	| 0.000000	 1.000000	 1.000000 |	-82	 38.218437
