HT40/SGI	 T	 MCS14	 68.9	99.3	 100.0	 195(195)	| 0.991421	 1.000000	 1.000000 |	-32	 2.700122
HT40/SGI	 T	 MCS14	 67.4	97.1	 93.6	 178(190)	| 0.925532	 1.000000	 1.000000 |	-36	 3.513159
HT40/SGI	 T	 MCS14	 60.3	86.9	 83.5	 137(164)	| 0.562500	 1.000000	 -nan |	-32	 3.667101
HT40/SGI	 T	 MCS14	 63.5	91.4	 94.5	 174(184)	| 0.953846	 1.000000	 1.000000 |	-45	 4.931809
HT40/SGI	 T	 MCS14	 63.2	91.0	 92.4	 172(186)	| 0.833333	 1.000000	 1.000000 |	-40	 5.088073
HT40/SGI	 T	 MCS14	 64.2	92.5	 87.9	 102(116)	| 0.901639	 1.000000	 1.000000 |	-45	 5.923916
HT40/SGI	 T	 MCS14	 65.6	94.5	 88.5	 154(174)	| 0.913043	 1.000000	 1.000000 |	-53	 6.536729
HT40/SGI	 T	 MCS14	 60.3	86.8	 94.9	 168(177)	| 0.928571	 1.000000	 1.000000 |	-49	 7.267744
HT40/SGI	 T	 MCS14	 47.5	68.4	 61.4	 91(148)	| 0.695652	 1.000000	 1.000000 |	-47	 7.375672
HT40/SGI	 T	 MCS14	 56.3	81.2	 96.1	 176(183)	| 0.000000	 1.000000	 -nan |	-47	 7.717777
HT40/SGI	 T	 MCS14	 14.1	20.4	 48.2	 41(	| 0.000000	 1.000000	 1.000000 |	-58	 9.744462
HT40/SGI	 T	 MCS14	 10.6	15.3	 0.0	 0(	| 0.000000	 1.000000	 1.000000 |	-58	 9.799241
HT40/SGI	 MCS14	 0.0	 1.5	0.0	 0(	 21)	| 0.142857	 1.000000	 1.000000 |	-55	 10.272478
HT40/SGI	 T	 MCS14	 29.3	42.2	 72.7	 120(165)	| 0.100160	 1.000000	 1.000000 |	-55	 21.647238
HT40/SGI	 T	 MCS14	 37.3	53.7	 67.9	 106(156)	| 0.833333	 1.000000	 1.000000 |	-58	 21.773478
HT40/SGI	 T	 MCS14	 26.5	38.1	 54.2	 51(	| 0.333333	 1.000000	 1.000000 |	-54	 22.724394
HT40/SGI	 MCS14	 0.0	 9.0	0.0	 0(	 49)	| 0.000000	 1.000000	 1.000000 |	-66	 23.809694
HT40/SGI	 MCS14	 0.0	 0.5	0.0	 0(	 49)	| 0.000000	 1.000000	 -nan |	-66	 24.360720
HT40/SGI	 MCS14	 0.0	 0.0	0.0	 0(	 20)	| 0.000000	 1.000000	 1.000000 |	-72	 24.799925
HT40/SGI	 MCS14	 0.0	 0.0	0.0	 0(	 20)	| 0.000000	 1.000000	 1.000000 |	-68	 24.904692
HT40/SGI	 MCS14	 0.0	 0.0	0.0	 0(	 20)	| 0.000000	 1.000000	 1.000000 |	-67	 25.268164
HT40/SGI	 MCS14	 0.0	 0.0	0.0	 0(	 20)	| 0.000000	 1.000000	 1.000000 |	-75	 25.527210
HT40/SGI	 MCS14	 0.0	 0.0	0.0	 0(	 21)	| 0.000000	 1.000000	 1.000000 |	-72	 25.631355
HT40/SGI	 MCS14	 0.0	 0.0	0.0	 0(	 21)	| 0.000000	 1.000000	 1.000000 |	-71	 25.788397
HT40/SGI	 MCS14	 0.0	 0.0	0.0	 0(	 21)	| 0.000000	 1.000000	 1.000000 |	-73	 26.100471
HT40/SGI	 MCS14	 0.0	 0.0	0.0	 0(	 21)	| 0.000000	 1.000000	 1.000000 |	-72	 26.653616
HT40/SGI	 MCS14	 0.0	 0.0	0.0	 0(	 21)	| 0.000000	 1.000000	 1.000000 |	-77	 28.025818
HT40/SGI	 MCS14	 0.0	 0.0	0.0	 0(	 21)	| 0.000000	 1.000000	 1.000000 |	-79	 28.341475
HT40/SGI	 MCS14	 0.0	 0.0	0.0	 0(	 20)	| 0.000000	 1.000000	 1.000000 |	-78	 28.497009
HT40/SGI	 MCS14	 0.0	 0.0	0.0	 0(	 21)	| 0.000000	 1.000000	 1.000000 |	-77	 28.756630
HT40/SGI	 MCS14	 0.0	 0.0	0.0	 0(	 21)	| 0.000000	 1.000000	 1.000000 |	-76	 29.225821
HT40/SGI	 MCS14	 0.0	 0.0	0.0	 0(	 22)	| 0.000000	 1.000000	 1.000000 |	-75	 29.330093
HT40/SGI	 MCS14	 0.0	 0.0	0.0	 0(	 21)	| 0.000000	 1.000000	 1.000000 |	-78	 30.005745
HT40/SGI	 MCS14	 0.0	 0.0	0.0	 0(	 20)	| 0.000000	 1.000000	 1.000000 |	-77	 30.159929
HT40/SGI	 MCS14	 0.0	 0.0	0.0	 0(	 19)	| 0.000000	 1.000000	 1.000000 |	-79	 30.210680
HT40/SGI	 MCS14	 0.0	 0.0	0.0	 0(	 20)	| 0.000000	 1.000000	 1.000000 |	-84	 30.368307
HT40/SGI	 MCS14	 0.0	 0.0	0.0	 0(	 20)	| 0.000000	 1.000000	 1.000000 |	-82	 30.526230
HT40/SGI	 MCS14	 0.0	 0.0	0.0	 0(	 20)	| 0.000000	 1.000000	 1.000000 |	-83	 30.888950
HT40/SGI	 MCS14	 0.0	 0.0	0.0	 0(	 21)	| 0.000000	 1.000000	 1.000000 |	-80	 31.097944
HT40/SGI	 MCS14	 0.0	 0.0	0.0	 0(	 15)	| 0.000000	 1.000000	 1.000000 |	-83	 32.244839
HT40/SGI	 MCS14	 0.0	 0.0	0.0	 0(	 19)	| 0.000000	 1.000000	 1.000000 |	-78	 33.020458
HT40/SGI	 MCS14	 0.0	 0.0	0.0	 0(	 18)	| 0.000000	 1.000000	 1.000000 |	-83	 33.388046
HT40/SGI	 MCS14	 0.0	 0.0	0.0	 0(	 16)	| 0.000000	 1.000000	 1.000000 |	-80	 33.649586
HT40/SGI	 MCS14	 0.0	 0.0	0.0	 0(	 18)	| 0.000000	 1.000000	 1.000000 |	-82	 33.702480
HT40/SGI	 MCS14	 0.0	 0.0	0.0	 0(	 19)	| 0.000000	 1.000000	 1.000000 |	-79	 34.593636
HT40/SGI	 MCS14	 0.0	 0.0	0.0	 0(	 21)	| 0.000000	 1.000000	 1.000000 |	-84	 34.962219
HT40/SGI	 MCS14	 0.0	 0.0	0.0	 0(	 10)	| 0.000000	 1.000000	 1.000000 |	-82	 35.208248
