-23	 0.988395	 1.000000	 1.000000	 0.227130
-23	 0.989865	 1.000000	 1.000000	 0.477661
-21	 0.971698	 1.000000	 1.000000	 0.605216
-27	 0.986637	 1.000000	 1.000000	 0.821383
-26	 0.983379	 1.000000	 1.000000	 0.924160
-32	 0.991421	 1.000000	 1.000000	 2.700122
-34	 0.994652	 1.000000	 1.000000	 3.098543
-34	 0.901639	 1.000000	 1.000000	 3.116702
-34	 0.850000	 1.000000	 1.000000	 3.128443
-33	 0.725000	 1.000000	 1.000000	 3.144798
-36	 0.984694	 1.000000	 1.000000	 3.255440
-37	 0.991678	 1.000000	 1.000000	 3.450649
-37	 0.950413	 1.000000	 1.000000	 3.484098
-36	 0.925532	 1.000000	 1.000000	 3.513159
-35	 0.918919	 1.000000	 1.000000	 3.533713
-32	 0.700000	 1.000000	 -nan	 3.542704
-30	 0.700000	 1.000000	 1.000000	 3.556419
-31	 0.727273	 1.000000	 1.000000	 3.565524
-31	 0.823529	 1.000000	 1.000000	 3.575201
-31	 0.884615	 1.000000	 1.000000	 3.590968
-31	 0.647059	 1.000000	 1.000000	 3.598117
-31	 0.647059	 1.000000	 -nan	 3.605414
-32	 0.500000	 1.000000	 -nan	 3.611535
-32	 0.666667	 1.000000	 1.000000	 3.621822
-35	 0.941748	 1.000000	 1.000000	 3.652568
-32	 0.562500	 1.000000	 -nan	 3.667101
-37	 0.981424	 1.000000	 1.000000	 3.801541
-38	 0.985507	 1.000000	 1.000000	 3.916405
-33	 0.981928	 1.000000	 1.000000	 4.016875
-34	 0.978182	 1.000000	 1.000000	 4.093832
-42	 0.988889	 1.000000	 1.000000	 4.251131
-42	 0.714286	 1.000000	 1.000000	 4.266614
-35	 0.979167	 1.000000	 1.000000	 4.349197
-39	 0.969697	 1.000000	 1.000000	 4.418177
-41	 0.917808	 1.000000	 1.000000	 4.440738
-41	 0.454545	 1.000000	 -nan	 4.445771
-41	 0.250000	 1.000000	 -nan	 4.450640
-39	 0.740741	 1.000000	 1.000000	 4.472669
-42	 0.863636	 1.000000	 1.000000	 4.487604
-41	 0.850000	 1.000000	 1.000000	 4.500665
-41	 0.787879	 1.000000	 1.000000	 4.514683
-42	 0.300000	 1.000000	 1.000000	 4.533866
-41	 0.500000	 1.000000	 1.000000	 4.546123
-42	 0.538462	 1.000000	 -nan	 4.552563
-41	 0.853659	 1.000000	 1.000000	 4.565347
-48	 0.981982	 1.000000	 1.000000	 4.660757
-48	 0.968912	 1.000000	 1.000000	 4.716414
-44	 0.972477	 1.000000	 1.000000	 4.778915
-44	 0.869565	 1.000000	 1.000000	 4.794597
-47	 0.910448	 1.000000	 1.000000	 4.815195
-47	 0.880000	 1.000000	 1.000000	 4.831482
-45	 0.925532	 1.000000	 1.000000	 4.858753
-45	 0.777778	 1.000000	 1.000000	 4.868798
-48	 0.925000	 1.000000	 1.000000	 4.892497
-45	 0.953846	 1.000000	 1.000000	 4.931809
-45	 0.917808	 1.000000	 1.000000	 4.953753
-40	 0.943396	 1.000000	 1.000000	 4.986968
-41	 0.828571	 1.000000	 1.000000	 5.000012
-40	 0.720000	 1.000000	 1.000000	 5.010186
-41	 0.903226	 1.000000	 1.000000	 5.029392
-41	 0.962500	 1.000000	 1.000000	 5.075759
-40	 0.833333	 1.000000	 1.000000	 5.088073
-40	 0.800000	 1.000000	 1.000000	 5.099831
-39	 0.924051	 1.000000	 1.000000	 5.123311
-40	 0.945946	 1.000000	 1.000000	 5.155541
-38	 0.975510	 1.000000	 1.000000	 5.223967
-38	 0.833333	 1.000000	 1.000000	 5.352799
-39	 0.538462	 1.000000	 1.000000	 5.358625
-39	 0.926829	 1.000000	 1.000000	 5.393403
-41	 0.300000	 1.000000	 1.000000	 5.420331
-43	 0.823529	 1.000000	 1.000000	 5.431956
-40	 0.562500	 1.000000	 1.000000	 5.440973
-41	 0.884615	 1.000000	 1.000000	 5.462225
-42	 0.967568	 1.000000	 1.000000	 5.538229
-43	 0.910448	 1.000000	 1.000000	 5.557837
-42	 0.929412	 1.000000	 1.000000	 5.584859
-35	 0.870370	 1.000000	 1.000000	 5.602930
-42	 0.777778	 1.000000	 1.000000	 5.612175
-42	 0.872340	 1.000000	 -nan	 5.625453
-46	 0.812500	 1.000000	 1.000000	 5.636760
-46	 0.571429	 1.000000	 1.000000	 5.642721
-49	 0.984962	 1.000000	 1.000000	 5.752146
-50	 0.966292	 1.000000	 1.000000	 5.817329
-47	 0.965174	 1.000000	 1.000000	 5.902258
-45	 0.901639	 1.000000	 1.000000	 5.923916
-42	 0.924051	 1.000000	 1.000000	 5.956205
-51	 0.947826	 1.000000	 1.000000	 5.991623
-48	 0.960526	 1.000000	 1.000000	 6.037135
-48	 0.600000	 1.000000	 1.000000	 6.043781
-48	 0.142857	 1.000000	 1.000000	 6.050041
-48	 0.333333	 1.000000	 1.000000	 6.055321
-48	 0.647059	 1.000000	 1.000000	 6.065207
-47	 0.750000	 1.000000	 -nan	 6.074419
-44	 0.954545	 1.000000	 1.000000	 6.113356
-51	 0.926829	 1.000000	 1.000000	 6.137644
-50	 0.750000	 1.000000	 1.000000	 6.146769
-49	 0.695652	 1.000000	 1.000000	 6.156017
-47	 0.911765	 1.000000	 1.000000	 6.176005
-44	 0.985330	 1.000000	 1.000000	 6.296787
-45	 0.812500	 1.000000	 1.000000	 6.308569
-45	 0.987952	 1.000000	 1.000000	 6.448566
-51	 0.965318	 1.000000	 1.000000	 6.500439
-51	 0.823529	 1.000000	 1.000000	 6.514053
-53	 0.913043	 1.000000	 1.000000	 6.536729
-52	 0.913043	 1.000000	 1.000000	 6.558192
-51	 0.941176	 1.000000	 1.000000	 6.589111
-51	 0.914286	 1.000000	 1.000000	 6.610217
-48	 0.968421	 1.000000	 1.000000	 6.664820
-47	 0.898305	 1.000000	 1.000000	 6.687293
-47	 0.904762	 1.000000	 1.000000	 6.707902
-46	 0.953488	 1.000000	 1.000000	 6.748483
-48	 0.588235	 1.000000	 1.000000	 6.756587
-46	 0.700000	 1.000000	 -nan	 6.764433
-50	 0.981250	 1.000000	 1.000000	 6.856442
-51	 0.833333	 1.000000	 1.000000	 6.870322
-53	 0.948276	 1.000000	 1.000000	 6.904915
-54	 0.884615	 1.000000	 1.000000	 6.922654
-54	 0.500000	 1.000000	 1.000000	 6.928032
-50	 0.571429	 1.000000	 1.000000	 6.938274
-44	 0.938144	 1.000000	 1.000000	 6.968596
-43	 0.333333	 1.000000	 1.000000	 6.984323
-44	 0.461538	 1.000000	 1.000000	 6.998876
-43	 0.625000	 1.000000	 1.000000	 7.010538
-43	 0.533333	 1.000000	 1.000000	 7.018796
-42	 0.828571	 1.000000	 1.000000	 7.031443
-43	 0.538462	 1.000000	 1.000000	 7.052870
-43	 0.454545	 1.000000	 1.000000	 7.062474
-48	 0.940678	 1.000000	 1.000000	 7.098722
-48	 0.777778	 1.000000	 1.000000	 7.116617
-44	 0.860465	 1.000000	 1.000000	 7.131028
-45	 0.942857	 1.000000	 1.000000	 7.165143
-47	 0.884615	 1.000000	 1.000000	 7.182208
-47	 0.898305	 1.000000	 1.000000	 7.201413
-47	 0.945946	 1.000000	 1.000000	 7.235866
-49	 0.928571	 1.000000	 1.000000	 7.267744
-49	 0.500000	 1.000000	 1.000000	 7.273170
-47	 0.142857	 1.000000	 1.000000	 7.289657
-49	 0.250000	 1.000000	 -nan	 7.336472
-50	 0.250000	 1.000000	 -nan	 7.341551
-49	 0.647059	 1.000000	 1.000000	 7.349554
-47	 0.714286	 1.000000	 1.000000	 7.358654
-49	 0.666667	 1.000000	 1.000000	 7.366245
-47	 0.695652	 1.000000	 1.000000	 7.375672
-46	 0.684211	 1.000000	 1.000000	 7.383493
-48	 0.222222	 1.000000	 1.000000	 7.398341
-45	 0.142857	 1.000000	 1.000000	 7.415401
-49	 0.571429	 1.000000	 -nan	 7.433298
-47	 0.860000	 1.000000	 1.000000	 7.450238
-49	 0.820513	 1.000000	 1.000000	 7.463535
-49	 0.793103	 1.000000	 -nan	 7.473021
-46	 0.910448	 1.000000	 1.000000	 7.495143
-46	 0.700000	 1.000000	 1.000000	 7.501986
-46	 0.884615	 1.000000	 1.000000	 7.518702
-46	 0.894737	 1.000000	 1.000000	 7.537363
-43	 0.571429	 1.000000	 1.000000	 7.544354
-46	 0.454545	 1.000000	 1.000000	 7.553591
-46	 0.333333	 1.000000	 1.000000	 7.568414
-46	 0.125000	 1.000000	 1.000000	 7.574644
-48	 0.000000	 1.000000	 1.000000	 7.626257
-46	 0.684211	 1.000000	 1.000000	 7.635268
-46	 0.760000	 1.000000	 -nan	 7.644634
-47	 0.625000	 1.000000	 1.000000	 7.658725
-48	 0.684211	 1.000000	 1.000000	 7.668471
-46	 0.500000	 1.000000	 1.000000	 7.676126
-47	 0.600000	 1.000000	 1.000000	 7.684892
-45	 0.454545	 1.000000	 1.000000	 7.690563
-45	 0.333333	 1.000000	 1.000000	 7.702403
-47	 0.000000	 1.000000	 -nan	 7.717777
-55	 0.884975	 1.000000	 1.000000	 9.096087
-56	 0.571429	 1.000000	 1.000000	 9.112524
-57	 0.250000	 1.000000	 -nan	 9.135188
-56	 0.727273	 1.000000	 1.000000	 9.144626
-57	 0.625000	 1.000000	 1.000000	 9.151119
-52	 0.000000	 1.000000	 1.000000	 9.186435
-59	 0.333333	 1.000000	 -nan	 9.192484
-59	 0.454545	 1.000000	 -nan	 9.197055
-58	 0.625000	 1.000000	 1.000000	 9.203100
-57	 0.785714	 1.000000	 1.000000	 9.213367
-57	 0.400000	 1.000000	 1.000000	 9.219965
-57	 0.666667	 1.000000	 1.000000	 9.234218
-55	 0.250000	 1.000000	 1.000000	 9.251858
-56	 0.333333	 1.000000	 -nan	 9.257953
-54	 0.333333	 1.000000	 1.000000	 9.265975
-56	 0.250000	 1.000000	 1.000000	 9.271613
-54	 0.739130	 1.000000	 1.000000	 9.291760
-57	 0.666667	 1.000000	 1.000000	 9.301756
-57	 0.400000	 1.000000	 1.000000	 9.322226
-57	 0.250000	 1.000000	 1.000000	 9.359317
-59	 0.000000	 1.000000	 1.000000	 9.410053
-61	 0.000000	 1.000000	 1.000000	 9.457422
-59	 0.000000	 1.000000	 1.000000	 9.509340
-61	 0.000000	 1.000000	 1.000000	 9.555152
-54	 0.000000	 1.000000	 1.000000	 9.603461
-64	 0.000000	 1.000000	 1.000000	 9.654836
-60	 0.000000	 1.000000	 1.000000	 9.687597
-58	 0.400000	 1.000000	 1.000000	 9.695547
-57	 0.571429	 1.000000	 1.000000	 9.704633
-57	 0.363636	 1.000000	 1.000000	 9.711416
-57	 0.571429	 1.000000	 1.000000	 9.730705
-58	 0.000000	 1.000000	 1.000000	 9.744462
-59	 0.000000	 1.000000	 1.000000	 9.762372
-60	 0.000000	 1.000000	 1.000000	 9.780918
-58	 0.000000	 1.000000	 1.000000	 9.799241
-58	 0.000000	 1.000000	 1.000000	 9.817297
-58	 0.000000	 1.000000	 1.000000	 9.836583
-59	 0.000000	 1.000000	 1.000000	 9.854354
-60	 0.000000	 1.000000	 1.000000	 9.873895
-61	 0.000000	 1.000000	 1.000000	 9.896033
-60	 0.000000	 1.000000	 1.000000	 9.928585
-59	 0.125000	 1.000000	 1.000000	 9.948995
-63	 0.142857	 1.000000	 1.000000	 9.964353
-59	 0.000000	 1.000000	 1.000000	 9.989768
-55	 0.000000	 1.000000	 1.000000	 10.008650
-58	 0.000000	 1.000000	 1.000000	 10.025712
-58	 0.000000	 1.000000	 1.000000	 10.040597
-60	 0.000000	 1.000000	 1.000000	 10.055799
-56	 0.000000	 1.000000	 1.000000	 10.070828
-56	 0.000000	 1.000000	 1.000000	 10.086205
-56	 0.000000	 1.000000	 1.000000	 10.101128
-58	 0.000000	 1.000000	 1.000000	 10.116267
-57	 0.000000	 1.000000	 1.000000	 10.131271
-56	 0.000000	 1.000000	 1.000000	 10.151365
-56	 0.000000	 1.000000	 1.000000	 10.165900
-58	 0.000000	 1.000000	 1.000000	 10.180639
-59	 0.000000	 1.000000	 1.000000	 10.195172
-57	 0.000000	 1.000000	 1.000000	 10.210281
-61	 0.000000	 1.000000	 1.000000	 10.225480
-60	 0.000000	 1.000000	 1.000000	 10.239982
-60	 0.000000	 1.000000	 1.000000	 10.255476
-55	 0.142857	 1.000000	 1.000000	 10.272478
-61	 0.000000	 1.000000	 1.000000	 10.339901
-60	 0.040000	 1.000000	 1.000000	 10.403413
-55	 0.100160	 1.000000	 1.000000	 21.647238
-55	 0.300000	 1.000000	 -nan	 21.654303
-54	 0.600000	 1.000000	 1.000000	 21.662172
-54	 0.812500	 1.000000	 1.000000	 21.674477
-55	 0.740741	 1.000000	 1.000000	 21.684671
-55	 0.812500	 1.000000	 1.000000	 21.696695
-54	 0.600000	 1.000000	 1.000000	 21.704824
-54	 0.625000	 1.000000	 1.000000	 21.711142
-53	 0.500000	 1.000000	 1.000000	 21.723566
-54	 0.454545	 1.000000	 1.000000	 21.736607
-55	 0.800000	 1.000000	 1.000000	 21.746859
-56	 0.769231	 1.000000	 1.000000	 21.757160
-58	 0.833333	 1.000000	 1.000000	 21.773478
-59	 0.250000	 1.000000	 1.000000	 21.777891
-58	 0.125000	 1.000000	 1.000000	 21.799339
-55	 0.769231	 1.000000	 -nan	 21.809618
-55	 0.974138	 1.000000	 1.000000	 21.879663
-56	 0.850000	 1.000000	 1.000000	 21.894878
-56	 0.841270	 1.000000	 1.000000	 21.917309
-55	 0.500000	 1.000000	 1.000000	 21.923222
-55	 0.333333	 1.000000	 1.000000	 21.938560
-57	 0.875000	 1.000000	 1.000000	 21.958139
-56	 0.881356	 1.000000	 1.000000	 21.976870
-56	 0.870370	 1.000000	 1.000000	 21.994587
-56	 0.538462	 1.000000	 -nan	 22.004593
-56	 0.666667	 1.000000	 -nan	 22.011395
-53	 0.938144	 1.000000	 1.000000	 22.039402
-53	 0.931818	 1.000000	 1.000000	 22.064674
-48	 0.875000	 1.000000	 1.000000	 22.092484
-55	 0.333333	 1.000000	 1.000000	 22.098467
-55	 0.300000	 1.000000	 1.000000	 22.110201
-53	 0.875000	 1.000000	 1.000000	 22.129124
-52	 0.957447	 1.000000	 1.000000	 22.170334
-53	 0.588235	 1.000000	 1.000000	 22.177847
-52	 0.250000	 1.000000	 1.000000	 22.195492
-52	 0.142857	 1.000000	 1.000000	 22.201015
-52	 0.250000	 1.000000	 1.000000	 22.209253
-54	 0.647059	 1.000000	 1.000000	 22.216215
-55	 0.666667	 1.000000	 1.000000	 22.224585
-58	 0.400000	 1.000000	 1.000000	 22.257139
-56	 0.727273	 1.000000	 1.000000	 22.266001
-53	 0.454545	 1.000000	 1.000000	 22.278419
-50	 0.000000	 1.000000	 1.000000	 22.329399
-58	 0.142857	 1.000000	 -nan	 22.363079
-50	 0.000000	 1.000000	 -nan	 22.416090
-53	 0.125000	 1.000000	 -nan	 22.459318
-53	 0.571429	 1.000000	 -nan	 22.465038
-53	 0.714286	 1.000000	 1.000000	 22.473129
-54	 0.769231	 1.000000	 1.000000	 22.482384
-54	 0.684211	 1.000000	 1.000000	 22.496239
-55	 0.363636	 1.000000	 -nan	 22.504194
-50	 0.000000	 1.000000	 -nan	 22.541935
-50	 0.125000	 1.000000	 -nan	 22.549845
-49	 0.250000	 1.000000	 1.000000	 22.555958
-52	 0.300000	 1.000000	 1.000000	 22.562851
-54	 0.142857	 1.000000	 1.000000	 22.569210
-53	 0.454545	 1.000000	 -nan	 22.578188
-54	 0.666667	 1.000000	 1.000000	 22.587048
-53	 0.500000	 1.000000	 1.000000	 22.593237
-49	 0.500000	 1.000000	 1.000000	 22.627323
-55	 0.333333	 1.000000	 1.000000	 22.662804
-54	 0.142857	 1.000000	 1.000000	 22.669771
-52	 0.806452	 1.000000	 1.000000	 22.683168
-53	 0.611111	 1.000000	 1.000000	 22.691521
-54	 0.333333	 1.000000	 1.000000	 22.724394
-54	 0.333333	 1.000000	 -nan	 22.744385
-53	 0.538462	 1.000000	 1.000000	 22.750204
-51	 0.647059	 1.000000	 1.000000	 22.756723
-53	 0.454545	 1.000000	 1.000000	 22.764353
-53	 0.454545	 1.000000	 1.000000	 22.769964
-53	 0.000000	 1.000000	 1.000000	 22.799349
-55	 0.400000	 1.000000	 -nan	 22.820791
-53	 0.400000	 1.000000	 -nan	 22.827333
-54	 0.400000	 1.000000	 -nan	 22.838770
-53	 0.684211	 1.000000	 1.000000	 22.846409
-53	 0.727273	 1.000000	 1.000000	 22.854046
-53	 0.806452	 1.000000	 1.000000	 22.864485
-52	 0.863636	 1.000000	 1.000000	 22.878000
-45	 0.954887	 1.000000	 1.000000	 22.917379
-53	 0.892857	 1.000000	 1.000000	 22.935106
-53	 0.720000	 1.000000	 1.000000	 22.944269
-52	 0.708333	 1.000000	 1.000000	 22.954144
-53	 0.828571	 1.000000	 1.000000	 22.965092
-52	 0.766667	 1.000000	 1.000000	 22.976467
-52	 0.684211	 1.000000	 1.000000	 22.983170
-51	 0.500000	 1.000000	 1.000000	 22.989164
-52	 0.695652	 1.000000	 1.000000	 22.998175
-53	 0.538462	 1.000000	 1.000000	 23.004004
-52	 0.714286	 1.000000	 1.000000	 23.013853
-51	 0.684211	 1.000000	 1.000000	 23.022463
-51	 0.500000	 1.000000	 -nan	 23.029858
-51	 0.588235	 1.000000	 1.000000	 23.040113
-51	 0.400000	 1.000000	 1.000000	 23.048126
-51	 0.600000	 1.000000	 1.000000	 23.063908
-52	 0.333333	 1.000000	 -nan	 23.073961
-53	 0.461538	 1.000000	 1.000000	 23.090704
-52	 0.250000	 1.000000	 -nan	 23.106724
-54	 0.250000	 1.000000	 1.000000	 23.114267
-53	 0.454545	 1.000000	 -nan	 23.131376
-53	 0.400000	 1.000000	 -nan	 23.142855
-52	 0.142857	 1.000000	 -nan	 23.150927
-53	 0.400000	 1.000000	 -nan	 23.166079
-52	 0.000000	 1.000000	 1.000000	 23.197954
-50	 0.000000	 1.000000	 1.000000	 23.249186
-49	 0.000000	 1.000000	 1.000000	 23.297594
-48	 0.000000	 1.000000	 1.000000	 23.344212
-53	 0.000000	 1.000000	 1.000000	 23.376474
-53	 0.000000	 1.000000	 1.000000	 23.390894
-54	 0.125000	 1.000000	 1.000000	 23.402555
-54	 0.588235	 1.000000	 1.000000	 23.412291
-53	 0.815789	 1.000000	 1.000000	 23.427958
-55	 0.785714	 1.000000	 1.000000	 23.441702
-55	 0.750000	 1.000000	 1.000000	 23.451267
-56	 0.739130	 1.000000	 1.000000	 23.459446
-55	 0.571429	 1.000000	 1.000000	 23.466043
-56	 0.588235	 1.000000	 1.000000	 23.474155
-56	 0.647059	 1.000000	 1.000000	 23.481117
-56	 0.666667	 1.000000	 1.000000	 23.489475
-57	 0.142857	 1.000000	 1.000000	 23.497765
-58	 0.250000	 1.000000	 1.000000	 23.509010
-59	 0.000000	 1.000000	 1.000000	 23.561016
-59	 0.000000	 1.000000	 1.000000	 23.604080
-58	 0.000000	 1.000000	 1.000000	 23.659117
-63	 0.000000	 1.000000	 1.000000	 23.712914
-59	 0.000000	 1.000000	 1.000000	 23.762419
-66	 0.000000	 1.000000	 1.000000	 23.809694
-63	 0.000000	 1.000000	 1.000000	 23.865736
-65	 0.000000	 1.000000	 -nan	 23.913368
-69	 0.000000	 1.000000	 -nan	 23.964842
-69	 0.000000	 1.000000	 -nan	 24.020071
-71	 0.000000	 1.000000	 -nan	 24.065327
-68	 0.000000	 1.000000	 -nan	 24.109228
-71	 0.000000	 1.000000	 -nan	 24.159683
-70	 0.000000	 1.000000	 -nan	 24.207958
-68	 0.000000	 1.000000	 -nan	 24.260256
-69	 0.000000	 1.000000	 -nan	 24.318136
-66	 0.000000	 1.000000	 -nan	 24.360720
-65	 0.000000	 1.000000	 -nan	 24.411125
-65	 0.000000	 1.000000	 -nan	 24.459808
-69	 0.000000	 1.000000	 1.000000	 24.511929
-71	 0.000000	 1.000000	 1.000000	 24.560240
-70	 0.000000	 1.000000	 1.000000	 24.606081
-66	 0.000000	 1.000000	 1.000000	 24.653282
-68	 0.000000	 1.000000	 1.000000	 24.688290
-67	 0.000000	 1.000000	 1.000000	 24.705208
-68	 0.000000	 1.000000	 1.000000	 24.723970
-68	 0.000000	 1.000000	 1.000000	 24.739521
-72	 0.000000	 1.000000	 1.000000	 24.755766
-72	 0.000000	 1.000000	 1.000000	 24.770634
-72	 0.000000	 1.000000	 1.000000	 24.785797
-72	 0.000000	 1.000000	 1.000000	 24.799925
-69	 0.000000	 1.000000	 1.000000	 24.814678
-68	 0.000000	 1.000000	 1.000000	 24.829706
-68	 0.000000	 1.000000	 1.000000	 24.844620
-68	 0.000000	 1.000000	 1.000000	 24.860146
-68	 0.000000	 1.000000	 1.000000	 24.874870
-70	 0.000000	 1.000000	 1.000000	 24.889368
-68	 0.000000	 1.000000	 1.000000	 24.904692
-70	 0.000000	 1.000000	 1.000000	 24.919676
-71	 0.000000	 1.000000	 1.000000	 24.934380
-74	 0.000000	 1.000000	 1.000000	 24.952454
-73	 0.000000	 1.000000	 1.000000	 24.967201
-72	 0.000000	 1.000000	 1.000000	 24.981806
-71	 0.000000	 1.000000	 1.000000	 24.996435
-71	 0.000000	 1.000000	 1.000000	 25.011393
-69	 0.000000	 1.000000	 1.000000	 25.025820
-67	 0.000000	 1.000000	 1.000000	 25.041218
-67	 0.000000	 1.000000	 1.000000	 25.058777
-66	 0.000000	 1.000000	 1.000000	 25.073336
-68	 0.000000	 1.000000	 1.000000	 25.089180
-68	 0.000000	 1.000000	 1.000000	 25.103470
-68	 0.000000	 1.000000	 1.000000	 25.118916
-69	 0.000000	 1.000000	 1.000000	 25.133774
-68	 0.000000	 1.000000	 1.000000	 25.148102
-65	 0.000000	 1.000000	 1.000000	 25.163301
-68	 0.000000	 1.000000	 1.000000	 25.178383
-67	 0.000000	 1.000000	 1.000000	 25.193699
-67	 0.000000	 1.000000	 1.000000	 25.207911
-67	 0.000000	 1.000000	 1.000000	 25.223328
-67	 0.000000	 1.000000	 1.000000	 25.238670
-67	 0.000000	 1.000000	 1.000000	 25.252794
-67	 0.000000	 1.000000	 1.000000	 25.268164
-69	 0.000000	 1.000000	 1.000000	 25.282864
-71	 0.000000	 1.000000	 1.000000	 25.298100
-71	 0.000000	 1.000000	 1.000000	 25.313307
-70	 0.000000	 1.000000	 1.000000	 25.327608
-70	 0.000000	 1.000000	 1.000000	 25.342579
-72	 0.000000	 1.000000	 1.000000	 25.357658
-69	 0.000000	 1.000000	 1.000000	 25.374058
-69	 0.000000	 1.000000	 1.000000	 25.387293
-71	 0.000000	 1.000000	 1.000000	 25.402798
-70	 0.000000	 1.000000	 1.000000	 25.416750
-70	 0.000000	 1.000000	 1.000000	 25.431204
-70	 0.000000	 1.000000	 1.000000	 25.446894
-70	 0.000000	 1.000000	 1.000000	 25.464193
-71	 0.000000	 1.000000	 1.000000	 25.479877
-72	 0.000000	 1.000000	 1.000000	 25.494902
-74	 0.000000	 1.000000	 1.000000	 25.512669
-75	 0.000000	 1.000000	 1.000000	 25.527210
-75	 0.000000	 1.000000	 1.000000	 25.543373
-75	 0.000000	 1.000000	 1.000000	 25.556904
-73	 0.000000	 1.000000	 1.000000	 25.574291
-71	 0.000000	 1.000000	 1.000000	 25.587305
-71	 0.000000	 1.000000	 1.000000	 25.601896
-70	 0.000000	 1.000000	 1.000000	 25.616562
-72	 0.000000	 1.000000	 1.000000	 25.631355
-73	 0.000000	 1.000000	 1.000000	 25.647280
-72	 0.000000	 1.000000	 1.000000	 25.662008
-70	 0.000000	 1.000000	 1.000000	 25.679771
-76	 0.000000	 1.000000	 1.000000	 25.694204
-77	 0.000000	 1.000000	 1.000000	 25.709303
-76	 0.000000	 1.000000	 1.000000	 25.723944
-75	 0.000000	 1.000000	 1.000000	 25.738401
-73	 0.000000	 1.000000	 1.000000	 25.753483
-71	 0.000000	 1.000000	 1.000000	 25.774014
-71	 0.000000	 1.000000	 1.000000	 25.788397
-70	 0.000000	 1.000000	 1.000000	 25.802996
-70	 0.000000	 1.000000	 1.000000	 25.818211
-71	 0.000000	 1.000000	 1.000000	 25.832737
-71	 0.000000	 1.000000	 1.000000	 25.847334
-72	 0.000000	 1.000000	 1.000000	 25.862637
-70	 0.000000	 1.000000	 1.000000	 25.877623
-74	 0.000000	 1.000000	 1.000000	 25.893597
-72	 0.000000	 1.000000	 1.000000	 25.907667
-72	 0.000000	 1.000000	 1.000000	 25.922688
-73	 0.000000	 1.000000	 1.000000	 25.937456
-74	 0.000000	 1.000000	 1.000000	 25.951246
-73	 0.000000	 1.000000	 1.000000	 25.966883
-74	 0.000000	 1.000000	 1.000000	 25.982437
-74	 0.000000	 1.000000	 1.000000	 25.997629
-74	 0.000000	 1.000000	 1.000000	 26.012131
-74	 0.000000	 1.000000	 1.000000	 26.026960
-72	 0.000000	 1.000000	 1.000000	 26.040752
-72	 0.000000	 1.000000	 1.000000	 26.055828
-71	 0.000000	 1.000000	 1.000000	 26.071194
-71	 0.000000	 1.000000	 1.000000	 26.086016
-73	 0.000000	 1.000000	 1.000000	 26.100471
-72	 0.000000	 1.000000	 1.000000	 26.115299
-73	 0.000000	 1.000000	 1.000000	 26.130424
-74	 0.000000	 1.000000	 1.000000	 26.145458
-74	 0.000000	 1.000000	 1.000000	 26.159834
-75	 0.000000	 1.000000	 1.000000	 26.174561
-74	 0.000000	 1.000000	 1.000000	 26.190434
-73	 0.000000	 1.000000	 1.000000	 26.206429
-72	 0.000000	 1.000000	 1.000000	 26.219969
-70	 0.000000	 1.000000	 1.000000	 26.234632
-71	 0.000000	 1.000000	 1.000000	 26.249672
-71	 0.000000	 1.000000	 1.000000	 26.264450
-71	 0.000000	 1.000000	 1.000000	 26.279345
-69	 0.000000	 1.000000	 1.000000	 26.294523
-71	 0.000000	 1.000000	 1.000000	 26.310383
-72	 0.000000	 1.000000	 1.000000	 26.324221
-73	 0.000000	 1.000000	 1.000000	 26.339447
-75	 0.000000	 1.000000	 1.000000	 26.353586
-77	 0.000000	 1.000000	 1.000000	 26.369110
-78	 0.000000	 1.000000	 1.000000	 26.383997
-76	 0.000000	 1.000000	 1.000000	 26.399109
-74	 0.000000	 1.000000	 1.000000	 26.415974
-72	 0.000000	 1.000000	 1.000000	 26.429663
-73	 0.000000	 1.000000	 1.000000	 26.444523
-73	 0.000000	 1.000000	 1.000000	 26.459606
-73	 0.000000	 1.000000	 1.000000	 26.474058
-74	 0.000000	 1.000000	 1.000000	 26.489008
-76	 0.000000	 1.000000	 1.000000	 26.504025
-76	 0.000000	 1.000000	 1.000000	 26.519644
-77	 0.000000	 1.000000	 1.000000	 26.534197
-77	 0.000000	 1.000000	 1.000000	 26.548021
-72	 0.000000	 1.000000	 1.000000	 26.563547
-75	 0.000000	 1.000000	 1.000000	 26.578917
-74	 0.000000	 1.000000	 1.000000	 26.593824
-75	 0.000000	 1.000000	 1.000000	 26.609100
-75	 0.000000	 1.000000	 1.000000	 26.624239
-73	 0.000000	 1.000000	 1.000000	 26.638676
-72	 0.000000	 1.000000	 1.000000	 26.653616
-78	 0.000000	 1.000000	 1.000000	 28.009954
-77	 0.000000	 1.000000	 1.000000	 28.025818
-76	 0.000000	 1.000000	 1.000000	 28.040377
-77	 0.000000	 1.000000	 1.000000	 28.054766
-76	 0.000000	 1.000000	 1.000000	 28.069933
-75	 0.000000	 1.000000	 1.000000	 28.084372
-76	 0.000000	 1.000000	 1.000000	 28.099016
-76	 0.000000	 1.000000	 1.000000	 28.114376
-75	 0.000000	 1.000000	 1.000000	 28.130165
-77	 0.000000	 1.000000	 1.000000	 28.144209
-78	 0.000000	 1.000000	 1.000000	 28.159021
-80	 0.000000	 1.000000	 1.000000	 28.174347
-77	 0.000000	 1.000000	 1.000000	 28.191057
-78	 0.000000	 1.000000	 1.000000	 28.207912
-77	 0.000000	 1.000000	 1.000000	 28.221786
-76	 0.000000	 1.000000	 1.000000	 28.238459
-76	 0.000000	 1.000000	 1.000000	 28.252167
-77	 0.000000	 1.000000	 1.000000	 28.267576
-77	 0.000000	 1.000000	 1.000000	 28.282282
-78	 0.000000	 1.000000	 1.000000	 28.297590
-79	 0.000000	 1.000000	 1.000000	 28.312004
-78	 0.000000	 1.000000	 1.000000	 28.326666
-79	 0.000000	 1.000000	 1.000000	 28.341475
-80	 0.000000	 1.000000	 1.000000	 28.356602
-80	 0.000000	 1.000000	 1.000000	 28.372660
-80	 0.000000	 1.000000	 1.000000	 28.388126
-79	 0.000000	 1.000000	 1.000000	 28.402975
-78	 0.000000	 1.000000	 1.000000	 28.419621
-79	 0.000000	 1.000000	 1.000000	 28.435381
-80	 0.000000	 1.000000	 1.000000	 28.449833
-80	 0.000000	 1.000000	 1.000000	 28.465178
-78	 0.000000	 1.000000	 1.000000	 28.479834
-78	 0.000000	 1.000000	 1.000000	 28.497009
-79	 0.000000	 1.000000	 1.000000	 28.513109
-81	 0.000000	 1.000000	 1.000000	 28.528507
-77	 0.000000	 1.000000	 1.000000	 28.543451
-80	 0.000000	 1.000000	 1.000000	 28.558544
-80	 0.000000	 1.000000	 1.000000	 28.574247
-80	 0.000000	 1.000000	 1.000000	 28.587973
-80	 0.000000	 1.000000	 1.000000	 28.606350
-78	 0.000000	 1.000000	 1.000000	 28.622549
-78	 0.000000	 1.000000	 1.000000	 28.638178
-76	 0.000000	 1.000000	 1.000000	 28.654716
-75	 0.000000	 1.000000	 1.000000	 28.668415
-75	 0.000000	 1.000000	 1.000000	 28.683483
-78	 0.000000	 1.000000	 1.000000	 28.698442
-78	 0.000000	 1.000000	 1.000000	 28.712296
-76	 0.000000	 1.000000	 1.000000	 28.726835
-77	 0.000000	 1.000000	 1.000000	 28.741833
-77	 0.000000	 1.000000	 1.000000	 28.756630
-77	 0.000000	 1.000000	 1.000000	 28.771139
-77	 0.000000	 1.000000	 1.000000	 28.787079
-78	 0.000000	 1.000000	 1.000000	 28.801100
-80	 0.000000	 1.000000	 1.000000	 28.817816
-78	 0.000000	 1.000000	 1.000000	 28.832724
-77	 0.000000	 1.000000	 1.000000	 28.847061
-79	 0.000000	 1.000000	 1.000000	 28.863066
-81	 0.000000	 1.000000	 1.000000	 28.876968
-80	 0.000000	 1.000000	 1.000000	 28.892609
-79	 0.000000	 1.000000	 1.000000	 28.907207
-79	 0.000000	 1.000000	 1.000000	 28.921688
-78	 0.000000	 1.000000	 1.000000	 28.937675
-77	 0.000000	 1.000000	 1.000000	 28.953024
-76	 0.000000	 1.000000	 1.000000	 28.966806
-76	 0.000000	 1.000000	 1.000000	 28.982218
-77	 0.000000	 1.000000	 1.000000	 28.997461
-78	 0.000000	 1.000000	 1.000000	 29.012978
-79	 0.000000	 1.000000	 1.000000	 29.027384
-79	 0.000000	 1.000000	 1.000000	 29.042423
-79	 0.000000	 1.000000	 1.000000	 29.058653
-80	 0.000000	 1.000000	 1.000000	 29.072689
-79	 0.000000	 1.000000	 1.000000	 29.089092
-78	 0.000000	 1.000000	 1.000000	 29.103220
-78	 0.000000	 1.000000	 1.000000	 29.118517
-78	 0.000000	 1.000000	 1.000000	 29.133947
-78	 0.000000	 1.000000	 1.000000	 29.148928
-79	 0.000000	 1.000000	 1.000000	 29.164583
-78	 0.000000	 1.000000	 1.000000	 29.180288
-78	 0.000000	 1.000000	 1.000000	 29.196566
-77	 0.000000	 1.000000	 1.000000	 29.211405
-76	 0.000000	 1.000000	 1.000000	 29.225821
-77	 0.000000	 1.000000	 1.000000	 29.241499
-78	 0.000000	 1.000000	 1.000000	 29.255768
-78	 0.000000	 1.000000	 1.000000	 29.271664
-78	 0.000000	 1.000000	 1.000000	 29.285851
-76	 0.000000	 1.000000	 1.000000	 29.300385
-75	 0.000000	 1.000000	 1.000000	 29.315037
-75	 0.000000	 1.000000	 1.000000	 29.330093
-77	 0.000000	 1.000000	 1.000000	 29.344931
-78	 0.000000	 1.000000	 1.000000	 29.359903
-78	 0.000000	 1.000000	 1.000000	 29.375147
-78	 0.000000	 1.000000	 1.000000	 29.389591
-77	 0.000000	 1.000000	 1.000000	 29.404812
-78	 0.000000	 1.000000	 1.000000	 29.420013
-78	 0.000000	 1.000000	 1.000000	 29.434734
-79	 0.000000	 1.000000	 1.000000	 29.449106
-77	 0.000000	 1.000000	 1.000000	 29.464928
-78	 0.000000	 1.000000	 1.000000	 29.479628
-80	 0.000000	 1.000000	 1.000000	 29.494165
-79	 0.000000	 1.000000	 1.000000	 29.509077
-80	 0.000000	 1.000000	 1.000000	 29.524590
-77	 0.000000	 1.000000	 1.000000	 29.539463
-77	 0.000000	 1.000000	 1.000000	 29.554350
-78	 0.000000	 1.000000	 1.000000	 29.569279
-80	 0.000000	 1.000000	 1.000000	 29.584585
-78	 0.000000	 1.000000	 1.000000	 29.599884
-77	 0.000000	 1.000000	 1.000000	 29.614801
-77	 0.000000	 1.000000	 1.000000	 29.628935
-79	 0.000000	 1.000000	 1.000000	 29.644926
-78	 0.000000	 1.000000	 1.000000	 29.659378
-77	 0.000000	 1.000000	 1.000000	 29.674274
-79	 0.000000	 1.000000	 1.000000	 29.689329
-78	 0.000000	 1.000000	 1.000000	 29.706535
-75	 0.000000	 1.000000	 1.000000	 29.721428
-77	 0.000000	 1.000000	 1.000000	 29.736813
-78	 0.000000	 1.000000	 1.000000	 29.752045
-77	 0.000000	 1.000000	 1.000000	 29.766844
-78	 0.000000	 1.000000	 1.000000	 29.783915
-81	 0.000000	 1.000000	 1.000000	 29.802776
-78	 0.000000	 1.000000	 1.000000	 29.817377
-77	 0.000000	 1.000000	 1.000000	 29.832508
-81	 0.000000	 1.000000	 1.000000	 29.847965
-80	 0.000000	 1.000000	 1.000000	 29.862204
-74	 0.000000	 1.000000	 1.000000	 29.878843
-79	 0.000000	 1.000000	 1.000000	 29.894106
-83	 0.000000	 1.000000	 1.000000	 29.913479
-79	 0.000000	 1.000000	 1.000000	 29.931667
-78	 0.000000	 1.000000	 1.000000	 29.946438
-78	 0.000000	 1.000000	 1.000000	 29.961161
-78	 0.000000	 1.000000	 1.000000	 29.976179
-78	 0.000000	 1.000000	 1.000000	 29.991114
-78	 0.000000	 1.000000	 1.000000	 30.005745
-78	 0.000000	 1.000000	 1.000000	 30.020594
-79	 0.000000	 1.000000	 1.000000	 30.039383
-79	 0.000000	 1.000000	 1.000000	 30.052160
-79	 0.000000	 1.000000	 1.000000	 30.068317
-78	 0.000000	 1.000000	 1.000000	 30.083393
-78	 0.000000	 1.000000	 1.000000	 30.101027
-78	 0.000000	 1.000000	 1.000000	 30.115612
-78	 0.000000	 1.000000	 1.000000	 30.131138
-78	 0.000000	 1.000000	 1.000000	 30.145365
-77	 0.000000	 1.000000	 1.000000	 30.159929
-77	 0.000000	 1.000000	 1.000000	 30.175587
-79	 0.000000	 1.000000	 1.000000	 30.190598
-79	 0.000000	 1.000000	 1.000000	 30.210680
-79	 0.000000	 1.000000	 1.000000	 30.226885
-79	 0.000000	 1.000000	 1.000000	 30.243629
-81	 0.000000	 1.000000	 1.000000	 30.259155
-81	 0.000000	 1.000000	 1.000000	 30.274702
-81	 0.000000	 1.000000	 1.000000	 30.291319
-82	 0.000000	 1.000000	 1.000000	 30.306072
-81	 0.000000	 1.000000	 1.000000	 30.321192
-82	 0.000000	 1.000000	 1.000000	 30.336670
-82	 0.000000	 1.000000	 1.000000	 30.350967
-84	 0.000000	 1.000000	 1.000000	 30.368307
-82	 0.000000	 1.000000	 1.000000	 30.383677
-82	 0.000000	 1.000000	 1.000000	 30.404083
-82	 0.000000	 1.000000	 1.000000	 30.417751
-83	 0.000000	 1.000000	 1.000000	 30.433197
-81	 0.000000	 1.000000	 1.000000	 30.449179
-82	 0.000000	 1.000000	 1.000000	 30.463566
-82	 0.000000	 1.000000	 -nan	 30.477541
-81	 0.000000	 1.000000	 1.000000	 30.494255
-82	 0.000000	 1.000000	 1.000000	 30.511345
-82	 0.000000	 1.000000	 1.000000	 30.526230
-81	 0.000000	 1.000000	 1.000000	 30.541557
-81	 0.000000	 1.000000	 1.000000	 30.559099
-82	 0.000000	 1.000000	 1.000000	 30.574320
-83	 0.000000	 1.000000	 1.000000	 30.593374
-83	 0.000000	 1.000000	 1.000000	 30.608473
-83	 0.000000	 1.000000	 -nan	 30.625486
-85	 0.000000	 1.000000	 1.000000	 30.643476
-83	 0.000000	 1.000000	 1.000000	 30.660751
-82	 0.000000	 1.000000	 1.000000	 30.676033
-82	 0.000000	 1.000000	 1.000000	 30.691174
-83	 0.000000	 1.000000	 1.000000	 30.706728
-82	 0.000000	 1.000000	 1.000000	 30.720963
-82	 0.000000	 1.000000	 1.000000	 30.736361
-82	 0.000000	 1.000000	 1.000000	 30.750689
-82	 0.000000	 1.000000	 1.000000	 30.765879
-83	 0.000000	 1.000000	 1.000000	 30.781006
-81	 0.000000	 1.000000	 1.000000	 30.796335
-83	 0.000000	 1.000000	 1.000000	 30.813265
-83	 0.000000	 1.000000	 1.000000	 30.828539
-83	 0.000000	 1.000000	 1.000000	 30.843443
-83	 0.000000	 1.000000	 1.000000	 30.859173
-83	 0.000000	 1.000000	 1.000000	 30.874149
-83	 0.000000	 1.000000	 1.000000	 30.888950
-83	 0.000000	 1.000000	 1.000000	 30.904598
-84	 0.000000	 1.000000	 1.000000	 30.921535
-84	 0.000000	 1.000000	 1.000000	 30.939554
-85	 0.000000	 1.000000	 1.000000	 30.954958
-83	 0.000000	 1.000000	 1.000000	 30.970810
-84	 0.000000	 1.000000	 1.000000	 30.986061
-84	 0.000000	 1.000000	 1.000000	 31.002134
-84	 0.000000	 1.000000	 1.000000	 31.019884
-83	 0.000000	 1.000000	 1.000000	 31.038441
-81	 0.000000	 1.000000	 1.000000	 31.053497
-81	 0.000000	 1.000000	 1.000000	 31.067945
-80	 0.000000	 1.000000	 1.000000	 31.083345
-80	 0.000000	 1.000000	 1.000000	 31.097944
-78	 0.000000	 1.000000	 1.000000	 31.113646
-79	 0.000000	 1.000000	 1.000000	 31.128510
-82	 0.000000	 1.000000	 1.000000	 31.143654
-82	 0.000000	 1.000000	 1.000000	 31.158377
-80	 0.000000	 1.000000	 1.000000	 31.173565
-80	 0.000000	 1.000000	 1.000000	 31.192562
-82	 0.000000	 1.000000	 1.000000	 31.209866
-82	 0.000000	 1.000000	 1.000000	 31.224714
-81	 0.000000	 1.000000	 1.000000	 31.241041
-82	 0.000000	 1.000000	 1.000000	 31.258377
-82	 0.000000	 1.000000	 -nan	 31.272865
-81	 0.000000	 1.000000	 1.000000	 31.291428
-81	 0.000000	 1.000000	 1.000000	 31.306738
-82	 0.000000	 1.000000	 1.000000	 31.321537
-82	 0.000000	 1.000000	 1.000000	 31.336468
-82	 0.000000	 1.000000	 1.000000	 31.352715
-82	 0.000000	 1.000000	 1.000000	 31.367987
-81	 0.000000	 1.000000	 1.000000	 31.383598
-78	 0.000000	 1.000000	 1.000000	 31.398888
-79	 0.000000	 1.000000	 1.000000	 31.415583
-80	 0.000000	 1.000000	 1.000000	 31.432697
-80	 0.000000	 1.000000	 1.000000	 31.447678
-80	 0.000000	 1.000000	 1.000000	 31.462494
-81	 0.000000	 1.000000	 1.000000	 31.477951
-82	 0.000000	 1.000000	 1.000000	 31.493687
-81	 0.000000	 1.000000	 1.000000	 31.508831
-82	 0.000000	 1.000000	 1.000000	 31.525328
-83	 0.000000	 1.000000	 1.000000	 31.541761
-83	 0.000000	 1.000000	 1.000000	 31.557766
-83	 0.000000	 1.000000	 1.000000	 31.572979
-83	 0.000000	 1.000000	 1.000000	 31.590483
-83	 0.000000	 1.000000	 1.000000	 31.605301
-83	 0.000000	 1.000000	 1.000000	 31.627874
-80	 0.000000	 1.000000	 1.000000	 31.643286
-84	 0.000000	 1.000000	 1.000000	 31.661612
-80	 0.000000	 1.000000	 1.000000	 31.679054
-81	 0.000000	 1.000000	 1.000000	 31.697054
-80	 0.000000	 1.000000	 1.000000	 31.718456
-81	 0.000000	 1.000000	 1.000000	 31.738840
-84	 0.000000	 1.000000	 1.000000	 31.755638
-84	 0.000000	 1.000000	 1.000000	 31.771509
-82	 0.000000	 1.000000	 1.000000	 31.793613
-82	 0.000000	 1.000000	 1.000000	 31.813560
-81	 0.000000	 1.000000	 1.000000	 31.836674
-80	 0.000000	 1.000000	 1.000000	 31.854458
-82	 0.000000	 1.000000	 1.000000	 31.871544
-83	 0.000000	 1.000000	 1.000000	 31.886757
-82	 0.000000	 1.000000	 1.000000	 31.914637
-82	 0.000000	 1.000000	 1.000000	 31.935272
-80	 0.000000	 1.000000	 1.000000	 31.954952
-81	 0.000000	 1.000000	 1.000000	 31.969778
-82	 0.000000	 1.000000	 1.000000	 31.986818
-83	 0.000000	 1.000000	 1.000000	 32.005020
-82	 0.000000	 1.000000	 1.000000	 32.022705
-82	 0.000000	 1.000000	 1.000000	 32.040195
-80	 0.000000	 1.000000	 1.000000	 32.055569
-80	 0.000000	 1.000000	 1.000000	 32.070122
-77	 0.000000	 1.000000	 1.000000	 32.087440
-77	 0.000000	 1.000000	 1.000000	 32.104290
-79	 0.000000	 1.000000	 1.000000	 32.120613
-80	 0.000000	 1.000000	 1.000000	 32.135036
-81	 0.000000	 1.000000	 1.000000	 32.150097
-83	 0.000000	 1.000000	 1.000000	 32.167969
-84	 0.000000	 1.000000	 1.000000	 32.185055
-83	 0.000000	 1.000000	 1.000000	 32.203602
-81	 0.000000	 1.000000	 1.000000	 32.224838
-83	 0.000000	 1.000000	 1.000000	 32.244839
-84	 0.000000	 1.000000	 1.000000	 32.262535
-83	 0.000000	 1.000000	 1.000000	 32.294678
-81	 0.000000	 1.000000	 1.000000	 32.310974
-81	 0.000000	 1.000000	 1.000000	 32.329060
-79	 0.000000	 1.000000	 1.000000	 32.344421
-80	 0.000000	 1.000000	 1.000000	 32.360577
-80	 0.000000	 1.000000	 1.000000	 32.378201
-79	 0.000000	 1.000000	 1.000000	 32.395184
-79	 0.000000	 1.000000	 1.000000	 32.412300
-79	 0.000000	 1.000000	 1.000000	 32.430492
-79	 0.000000	 1.000000	 1.000000	 32.448074
-80	 0.000000	 1.000000	 1.000000	 32.463280
-83	 0.000000	 1.000000	 1.000000	 32.488003
-84	 0.000000	 1.000000	 1.000000	 32.567661
-84	 0.000000	 1.000000	 -nan	 32.582584
-84	 0.000000	 1.000000	 -nan	 32.596626
-84	 0.000000	 1.000000	 -nan	 32.612778
-84	 0.000000	 1.000000	 -nan	 32.627174
-81	 0.000000	 1.000000	 -nan	 32.642227
-81	 0.000000	 1.000000	 -nan	 32.657009
-81	 0.000000	 1.000000	 1.000000	 32.675838
-83	 0.000000	 1.000000	 1.000000	 32.698879
-82	 0.000000	 1.000000	 1.000000	 32.721466
-84	 0.000000	 1.000000	 1.000000	 32.744019
-83	 0.000000	 1.000000	 1.000000	 32.761578
-82	 0.000000	 1.000000	 1.000000	 32.781414
-82	 0.000000	 1.000000	 1.000000	 32.799294
-82	 0.000000	 1.000000	 1.000000	 32.816673
-82	 0.000000	 1.000000	 1.000000	 32.831367
-83	 0.000000	 1.000000	 1.000000	 32.847431
-81	 0.000000	 1.000000	 1.000000	 32.871635
-79	 0.000000	 1.000000	 1.000000	 32.889599
-80	 0.000000	 1.000000	 1.000000	 32.906693
-80	 0.000000	 1.000000	 1.000000	 32.922832
-81	 0.000000	 1.000000	 1.000000	 32.938408
-80	 0.000000	 1.000000	 1.000000	 32.953430
-80	 0.000000	 1.000000	 1.000000	 32.971279
-79	 0.000000	 1.000000	 1.000000	 32.988583
-78	 0.000000	 1.000000	 1.000000	 33.003380
-78	 0.000000	 1.000000	 1.000000	 33.020458
-78	 0.000000	 1.000000	 -nan	 33.034958
-80	 0.000000	 1.000000	 1.000000	 33.050716
-79	 0.000000	 1.000000	 1.000000	 33.065460
-81	 0.000000	 1.000000	 1.000000	 33.089180
-80	 0.000000	 1.000000	 1.000000	 33.106361
-81	 0.000000	 1.000000	 1.000000	 33.121555
-81	 0.000000	 1.000000	 1.000000	 33.136734
-80	 0.000000	 1.000000	 1.000000	 33.154144
-80	 0.000000	 1.000000	 1.000000	 33.169155
-81	 0.000000	 1.000000	 1.000000	 33.184921
-82	 0.000000	 1.000000	 1.000000	 33.200356
-82	 0.000000	 1.000000	 1.000000	 33.218712
-80	 0.000000	 1.000000	 1.000000	 33.236240
-83	 0.000000	 1.000000	 1.000000	 33.256493
-85	 0.000000	 1.000000	 1.000000	 33.273441
-83	 0.000000	 1.000000	 1.000000	 33.293564
-85	 0.000000	 1.000000	 1.000000	 33.313683
-82	 0.000000	 1.000000	 1.000000	 33.335175
-82	 0.000000	 1.000000	 1.000000	 33.352757
-83	 0.000000	 1.000000	 1.000000	 33.372025
-83	 0.000000	 1.000000	 1.000000	 33.388046
-84	 0.000000	 1.000000	 1.000000	 33.408249
-84	 0.000000	 1.000000	 1.000000	 33.422806
-84	 0.000000	 1.000000	 1.000000	 33.443211
-84	 0.000000	 1.000000	 1.000000	 33.461468
-84	 0.000000	 1.000000	 1.000000	 33.478004
-81	 0.000000	 1.000000	 1.000000	 33.498581
-80	 0.000000	 1.000000	 1.000000	 33.518375
-80	 0.000000	 1.000000	 1.000000	 33.538212
-81	 0.000000	 1.000000	 1.000000	 33.557301
-82	 0.000000	 1.000000	 1.000000	 33.573235
-82	 0.000000	 1.000000	 1.000000	 33.592812
-82	 0.000000	 1.000000	 1.000000	 33.610935
-81	 0.000000	 1.000000	 1.000000	 33.634315
-80	 0.000000	 1.000000	 1.000000	 33.649586
-82	 0.000000	 1.000000	 1.000000	 33.667847
-82	 0.000000	 1.000000	 1.000000	 33.685631
-82	 0.000000	 1.000000	 1.000000	 33.702480
-82	 0.000000	 1.000000	 1.000000	 33.719933
-83	 0.000000	 1.000000	 1.000000	 33.738541
-86	 0.000000	 1.000000	 1.000000	 33.776257
-83	 0.000000	 1.000000	 1.000000	 33.794598
-82	 0.000000	 1.000000	 1.000000	 33.809788
-82	 0.000000	 1.000000	 1.000000	 33.827957
-82	 0.000000	 1.000000	 1.000000	 33.847595
-81	 0.000000	 1.000000	 1.000000	 33.865242
-83	 0.000000	 1.000000	 1.000000	 33.884884
-82	 0.000000	 1.000000	 1.000000	 33.906761
-80	 0.000000	 1.000000	 1.000000	 33.923183
-80	 0.000000	 1.000000	 1.000000	 33.937538
-81	 0.000000	 1.000000	 1.000000	 33.956017
-81	 0.000000	 1.000000	 1.000000	 33.972824
-79	 0.000000	 1.000000	 1.000000	 33.990200
-79	 0.000000	 1.000000	 1.000000	 34.007900
-81	 0.000000	 1.000000	 1.000000	 34.025681
-81	 0.000000	 1.000000	 1.000000	 34.047344
-82	 0.000000	 1.000000	 1.000000	 34.065258
-79	 0.000000	 1.000000	 1.000000	 34.087418
-80	 0.000000	 1.000000	 1.000000	 34.102844
-79	 0.000000	 1.000000	 1.000000	 34.118553
-78	 0.000000	 1.000000	 1.000000	 34.133846
-79	 0.000000	 1.000000	 1.000000	 34.149326
-80	 0.000000	 1.000000	 1.000000	 34.166122
-82	 0.000000	 1.000000	 1.000000	 34.188366
-84	 0.000000	 1.000000	 1.000000	 34.219242
-82	 0.000000	 1.000000	 1.000000	 34.238796
-81	 0.000000	 1.000000	 1.000000	 34.255871
-79	 0.000000	 1.000000	 1.000000	 34.271248
-78	 0.000000	 1.000000	 1.000000	 34.286743
-78	 0.000000	 1.000000	 1.000000	 34.304604
-78	 0.000000	 1.000000	 1.000000	 34.320114
-78	 0.000000	 1.000000	 1.000000	 34.334988
-78	 0.000000	 1.000000	 1.000000	 34.352203
-77	 0.000000	 1.000000	 1.000000	 34.372162
-77	 0.000000	 1.000000	 1.000000	 34.387856
-77	 0.000000	 1.000000	 1.000000	 34.409027
-77	 0.000000	 1.000000	 1.000000	 34.425972
-78	 0.000000	 1.000000	 1.000000	 34.442696
-79	 0.000000	 1.000000	 1.000000	 34.460835
-79	 0.000000	 1.000000	 1.000000	 34.475998
-79	 0.000000	 1.000000	 1.000000	 34.492756
-79	 0.000000	 1.000000	 1.000000	 34.508163
-78	 0.000000	 1.000000	 1.000000	 34.527607
-78	 0.000000	 1.000000	 1.000000	 34.545231
-78	 0.000000	 1.000000	 1.000000	 34.563286
-79	 0.000000	 1.000000	 1.000000	 34.578461
-79	 0.000000	 1.000000	 1.000000	 34.593636
-77	 0.000000	 1.000000	 1.000000	 34.610928
-76	 0.000000	 1.000000	 1.000000	 34.629269
-78	 0.000000	 1.000000	 1.000000	 34.645058
-78	 0.000000	 1.000000	 1.000000	 34.664524
-80	 0.000000	 1.000000	 1.000000	 34.684261
-79	 0.000000	 1.000000	 1.000000	 34.700069
-82	 0.000000	 1.000000	 1.000000	 34.715530
-83	 0.000000	 1.000000	 1.000000	 34.730343
-83	 0.000000	 1.000000	 1.000000	 34.748264
-85	 0.000000	 1.000000	 1.000000	 34.765369
-83	 0.000000	 1.000000	 1.000000	 34.785740
-82	 0.000000	 1.000000	 1.000000	 34.814743
-82	 0.000000	 1.000000	 1.000000	 34.831791
-81	 0.000000	 1.000000	 1.000000	 34.853283
-79	 0.000000	 1.000000	 1.000000	 34.871353
-82	 0.000000	 1.000000	 1.000000	 34.886196
-78	 0.000000	 1.000000	 1.000000	 34.901520
-82	 0.000000	 1.000000	 1.000000	 34.916687
-84	 0.000000	 1.000000	 1.000000	 34.932751
-82	 0.000000	 1.000000	 1.000000	 34.947952
-84	 0.000000	 1.000000	 1.000000	 34.962219
-84	 0.000000	 1.000000	 1.000000	 34.978943
-82	 0.000000	 1.000000	 1.000000	 34.995438
-86	 0.000000	 1.000000	 1.000000	 35.015949
-85	 0.000000	 1.000000	 1.000000	 35.038410
-83	 0.000000	 1.000000	 1.000000	 35.054379
-81	 0.000000	 1.000000	 1.000000	 35.069519
-84	 0.000000	 1.000000	 1.000000	 35.088257
-84	 0.000000	 1.000000	 1.000000	 35.108200
-81	 0.000000	 1.000000	 1.000000	 35.123192
-83	 0.000000	 1.000000	 1.000000	 35.140919
-85	 0.000000	 1.000000	 1.000000	 35.157982
-82	 0.000000	 1.000000	 1.000000	 35.208248
-83	 0.000000	 1.000000	 1.000000	 36.397530
