HT40/SGI	 T	 MCS12	 60.2	97.5	 98.8	 166(168)	| 0.978629	 1.000000	 1.000000 |	-24	 1.466563
HT40/SGI	 T	 MCS12	 61.0	98.9	 98.8	 172(174)	| 0.992248	 1.000000	 1.000000 |	-26	 1.874745
HT40/SGI	 T	 MCS12	 60.4	98.0	 97.6	 169(173)	| 0.981788	 1.000000	 1.000000 |	-46	 7.265041
HT40/SGI	 T	 MCS12	 60.3	97.8	 96.9	 157(162)	| 0.987234	 1.000000	 1.000000 |	-53	 9.006848
HT40/SGI	 T	 MCS12	 60.4	97.9	 97.5	 157(161)	| 0.982558	 1.000000	 1.000000 |	-60	 11.401475
HT40/SGI	 T	 MCS12	 59.8	96.9	 96.2	 152(158)	| 0.985294	 1.000000	 1.000000 |	-56	 12.282445
HT40/SGI	 T	 MCS12	 49.6	80.3	 68.2	 103(151)	| 0.500000	 1.000000	 1.000000 |	-66	 12.806209
HT40/SGI	 T	 MCS12	 6.7	10.9	 0.0	 0(	| 0.000000	 1.000000	 1.000000 |	-69	 13.200498
HT40/SGI	 MCS12	 0.0	 0.3	0.0	 0(	 20)	| 0.000000	 1.000000	 1.000000 |	-78	 13.859055
HT40/SGI	 MCS12	 0.0	 0.2	0.0	 0(	 20)	| 0.000000	 1.000000	 1.000000 |	-78	 13.904067
HT40/SGI	 MCS12	 0.0	 0.0	0.0	 0(	 21)	| 0.000000	 1.000000	 1.000000 |	-75	 14.164558
HT40/SGI	 MCS12	 0.0	 0.0	0.0	 0(	 21)	| 0.000000	 1.000000	 1.000000 |	-73	 14.535102
HT40/SGI	 MCS12	 0.0	 0.0	0.0	 0(	 19)	| 0.000000	 1.000000	 1.000000 |	-79	 15.050052
HT40/SGI	 MCS12	 0.0	 0.0	0.0	 0(	 21)	| 0.000000	 1.000000	 1.000000 |	-77	 15.309502
HT40/SGI	 MCS12	 0.0	 0.0	0.0	 0(	 21)	| 0.000000	 1.000000	 1.000000 |	-75	 15.361382
HT40/SGI	 T	 MCS12	 49.8	80.7	 93.7	 15(	| 0.925000	 1.000000	 1.000000 |	-64	 19.891960
HT40/SGI	 T	 MCS12	 52.2	84.6	 61.5	 64(104)	| 0.000000	 1.000000	 1.000000 |	-65	 20.411806
HT40/SGI	 T	 MCS12	 48.0	77.8	 66.6	 18(	| 0.833333	 1.000000	 1.000000 |	-67	 20.608671
HT40/SGI	 T	 MCS12	 36.0	58.4	 0.0	 0(	| 0.000000	 1.000000	 -nan |	-67	 20.663597
HT40/SGI	 T	 MCS12	 14.3	23.2	 54.4	 43(	| 0.863636	 1.000000	 1.000000 |	-64	 21.339130
HT40/SGI	 T	 MCS12	 26.9	43.6	 0.0	 0(	| 0.958298	 1.000000	 1.000000 |	-67	 25.542883
HT40/SGI	 T	 MCS12	 8.5	13.8	 0.0	 0(	| 0.000000	 1.000000	 -nan |	-72	 25.845661
HT40/SGI	 T	 MCS12	 47.3	76.7	 56.5	 52(	| 0.142857	 1.000000	 1.000000 |	-68	 26.642551
HT40/SGI	 T	 MCS12	 35.9	58.1	 2.4	 1(	| 0.000000	 1.000000	 -nan |	-69	 26.694016
HT40/SGI	 MCS12	 0.0	 3.7	0.0	 0(	 26)	| 0.000000	 1.000000	 -nan |	-71	 27.271807
HT40/SGI	 MCS12	 0.0	 0.2	0.0	 0(	 20)	| 0.000000	 1.000000	 1.000000 |	-77	 27.746824
HT40/SGI	 MCS12	 0.0	 0.0	0.0	 0(	 21)	| 0.000000	 1.000000	 1.000000 |	-73	 28.575184
HT40/SGI	 MCS12	 0.0	 0.0	0.0	 0(	 20)	| 0.000000	 1.000000	 1.000000 |	-72	 29.664236
HT40/SGI	 MCS12	 0.0	 0.0	0.0	 0(	 20)	| 0.000000	 1.000000	 1.000000 |	-76	 30.235962
HT40/SGI	 MCS12	 0.0	 0.0	0.0	 0(	 20)	| 0.000000	 1.000000	 1.000000 |	-75	 30.391752
HT40/SGI	 MCS12	 0.0	 0.0	0.0	 0(	 21)	| 0.000000	 1.000000	 1.000000 |	-75	 30.497190
HT40/SGI	 MCS12	 0.0	 0.0	0.0	 0(	 21)	| 0.000000	 1.000000	 1.000000 |	-78	 31.845079
HT40/SGI	 MCS12	 0.0	 0.0	0.0	 0(	 21)	| 0.000000	 1.000000	 1.000000 |	-79	 32.265823
HT40/SGI	 MCS12	 0.0	 0.0	0.0	 0(	 21)	| 0.000000	 1.000000	 1.000000 |	-81	 32.837273
HT40/SGI	 MCS12	 0.0	 0.0	0.0	 0(	 21)	| 0.000000	 1.000000	 1.000000 |	-74	 33.673748
HT40/SGI	 MCS12	 0.0	 0.0	0.0	 0(	 20)	| 0.000000	 1.000000	 1.000000 |	-80	 33.827255
HT40/SGI	 MCS12	 0.0	 0.0	0.0	 0(	 21)	| 0.000000	 1.000000	 1.000000 |	-82	 33.939159
HT40/SGI	 MCS12	 0.0	 0.0	0.0	 0(	 20)	| 0.000000	 1.000000	 1.000000 |	-81	 33.986317
HT40/SGI	 MCS12	 0.0	 0.0	0.0	 0(	 21)	| 0.000000	 1.000000	 1.000000 |	-80	 35.832577
HT40/SGI	 MCS12	 0.0	 0.0	0.0	 0(	 17)	| 0.000000	 1.000000	 1.000000 |	-83	 35.991962
HT40/SGI	 MCS12	 0.0	 0.0	0.0	 0(	 19)	| 0.000000	 1.000000	 1.000000 |	-83	 36.044800
HT40/SGI	 T	 MCS12	 61.0	98.8	 97.6	 83(	| 0.000000	 1.000000	 1.000000 |	-60	 9.711691
HT40/SGI	 T	 MCS12	 60.7	98.4	 100.0	 39(	| 0.000000	 1.000000	 1.000000 |	-58	 10.020997
HT40/SGI	 T	 MCS12	 61.2	99.1	 100.0	 46(	| 0.125000	 1.000000	 -nan |	-62	 10.178424
HT40/SGI	 T	 MCS12	 60.7	98.5	 96.4	 54(	| 0.000000	 1.000000	 1.000000 |	-64	 10.231427
HT40/SGI	 T	 MCS12	 61.0	98.8	 100.0	 67(	| 0.000000	 1.000000	 1.000000 |	-61	 10.281314
HT40/SGI	 T	 MCS12	 59.3	96.1	 90.3	 75(	| 0.000000	 1.000000	 -nan |	-61	 10.647035
HT40/SGI	 T	 MCS12	 61.4	99.5	 100.0	 89(	| 0.000000	 1.000000	 1.000000 |	-61	 11.375061
HT40/SGI	 T	 MCS12	 61.0	98.8	 96.5	 83(	| 0.142857	 1.000000	 1.000000 |	-60	 11.477879
HT40/SGI	 T	 MCS12	 61.1	99.0	 98.5	 70(	| 0.000000	 1.000000	 1.000000 |	-61	 11.582997
