-26	 0.990291	 1.000000	 1.000000	 0.176688
-24	 0.991228	 1.000000	 1.000000	 0.371945
-25	 0.898305	 1.000000	 1.000000	 0.391441
-23	 0.888889	 1.000000	 1.000000	 0.409074
-16	 0.954198	 1.000000	 1.000000	 0.451599
-22	 0.969388	 1.000000	 1.000000	 0.509963
-29	 0.992647	 1.000000	 1.000000	 0.774617
-28	 0.991713	 1.000000	 1.000000	 0.980694
-29	 0.989811	 1.000000	 1.000000	 1.324314
-32	 0.994480	 1.000000	 1.000000	 1.651371
-33	 0.989673	 1.000000	 1.000000	 1.820806
-31	 0.976285	 1.000000	 1.000000	 1.990068
-30	 0.987830	 1.000000	 1.000000	 2.173151
-31	 0.988000	 1.000000	 1.000000	 2.316273
-33	 0.994695	 1.000000	 1.000000	 2.631344
-41	 0.994220	 1.000000	 1.000000	 3.041463
-38	 0.988395	 1.000000	 1.000000	 3.221997
-35	 0.986547	 1.000000	 1.000000	 3.375933
-36	 0.981538	 1.000000	 1.000000	 3.482397
-40	 0.977012	 1.000000	 1.000000	 3.570475
-41	 0.989779	 1.000000	 1.000000	 3.735846
-45	 0.990506	 1.000000	 1.000000	 4.018849
-42	 0.991573	 1.000000	 1.000000	 4.285129
-39	 0.994286	 1.000000	 1.000000	 4.629625
-40	 0.980892	 1.000000	 1.000000	 4.736214
-38	 0.886792	 1.000000	 1.000000	 4.752926
-41	 0.982507	 1.000000	 1.000000	 4.850995
-42	 0.987805	 1.000000	 1.000000	 5.013838
-43	 0.989899	 1.000000	 1.000000	 5.187517
-40	 0.994334	 1.000000	 1.000000	 5.537895
-39	 0.850000	 1.000000	 1.000000	 5.566327
-40	 0.956522	 1.000000	 1.000000	 5.618257
-40	 0.989091	 1.000000	 1.000000	 5.776157
-41	 0.988658	 1.000000	 1.000000	 5.929039
-42	 0.946429	 1.000000	 1.000000	 5.964241
-44	 0.968254	 1.000000	 1.000000	 6.020062
-46	 0.989228	 1.000000	 1.000000	 6.178419
-42	 0.988636	 1.000000	 1.000000	 6.333268
-43	 0.979730	 1.000000	 1.000000	 6.420879
-42	 0.988258	 1.000000	 1.000000	 6.571425
-43	 0.981818	 1.000000	 1.000000	 6.667658
-42	 0.986871	 1.000000	 1.000000	 6.802521
-42	 0.974576	 1.000000	 1.000000	 6.871192
-44	 0.979381	 1.000000	 1.000000	 6.958694
-43	 0.972727	 1.000000	 1.000000	 7.023044
-44	 0.989189	 1.000000	 1.000000	 7.184991
-46	 0.980645	 1.000000	 1.000000	 7.276217
-45	 0.972093	 1.000000	 1.000000	 7.342095
-48	 0.964072	 1.000000	 1.000000	 7.394332
-49	 0.982249	 1.000000	 1.000000	 7.496951
-48	 0.954545	 1.000000	 1.000000	 7.536568
-49	 0.979452	 1.000000	 1.000000	 7.625102
-48	 0.976654	 1.000000	 1.000000	 7.704374
-50	 0.965116	 1.000000	 1.000000	 7.754981
-49	 0.904762	 1.000000	 1.000000	 7.781416
-48	 0.538462	 1.000000	 1.000000	 7.788381
-49	 0.600000	 1.000000	 -nan	 7.794790
-46	 0.953125	 1.000000	 1.000000	 7.834344
-45	 0.973094	 1.000000	 1.000000	 7.911622
-46	 0.985882	 1.000000	 1.000000	 8.040975
-46	 0.942857	 1.000000	 1.000000	 8.074059
-47	 0.966102	 1.000000	 1.000000	 8.126946
-46	 0.988991	 1.000000	 1.000000	 8.294404
-48	 0.990148	 1.000000	 1.000000	 8.473792
-52	 0.989547	 1.000000	 1.000000	 8.645224
-52	 0.964497	 1.000000	 1.000000	 8.697295
-52	 0.960265	 1.000000	 1.000000	 8.743462
-55	 0.992453	 1.000000	 1.000000	 8.965448
-55	 0.886792	 1.000000	 1.000000	 8.981404
-56	 0.760000	 1.000000	 1.000000	 8.991188
-56	 0.727273	 1.000000	 1.000000	 9.000602
-56	 0.911765	 1.000000	 1.000000	 9.022684
-55	 0.940000	 1.000000	 1.000000	 9.054484
-56	 0.941176	 1.000000	 1.000000	 9.086395
-54	 0.944954	 1.000000	 1.000000	 9.121419
-57	 0.988417	 1.000000	 1.000000	 9.355600
-57	 0.943396	 1.000000	 1.000000	 9.387199
-59	 0.985075	 1.000000	 1.000000	 9.506290
-60	 0.250000	 1.000000	 1.000000	 9.519200
-60	 0.739130	 1.000000	 1.000000	 9.529229
-61	 0.901639	 1.000000	 1.000000	 9.568314
-59	 0.946154	 1.000000	 1.000000	 9.608791
-59	 0.730769	 1.000000	 1.000000	 9.618194
-60	 0.562500	 1.000000	 1.000000	 9.624751
-60	 0.125000	 1.000000	 1.000000	 9.629316
-60	 0.400000	 1.000000	 -nan	 9.633851
-60	 0.142857	 1.000000	 1.000000	 9.638036
-59	 0.000000	 1.000000	 -nan	 9.641980
-58	 0.000000	 1.000000	 1.000000	 9.646174
-60	 0.000000	 1.000000	 1.000000	 9.650632
-58	 0.000000	 1.000000	 1.000000	 9.653709
-59	 0.000000	 1.000000	 1.000000	 9.657383
-58	 0.000000	 1.000000	 1.000000	 9.662093
-59	 0.000000	 1.000000	 1.000000	 9.665748
-59	 0.000000	 1.000000	 1.000000	 9.670376
-59	 0.000000	 1.000000	 1.000000	 9.675368
-59	 0.000000	 1.000000	 1.000000	 9.679001
-58	 0.000000	 1.000000	 1.000000	 9.683915
-58	 0.000000	 1.000000	 1.000000	 9.687816
-59	 0.000000	 1.000000	 1.000000	 9.692256
-59	 0.000000	 1.000000	 -nan	 9.695654
-59	 0.000000	 1.000000	 1.000000	 9.700044
-60	 0.000000	 1.000000	 1.000000	 9.703100
-61	 0.000000	 1.000000	 1.000000	 9.707117
-60	 0.000000	 1.000000	 1.000000	 9.711691
-59	 0.000000	 1.000000	 1.000000	 9.715418
-61	 0.000000	 1.000000	 1.000000	 9.718982
-58	 0.000000	 1.000000	 1.000000	 9.722397
-60	 0.000000	 1.000000	 1.000000	 9.726365
-58	 0.000000	 1.000000	 1.000000	 9.730868
-56	 0.000000	 1.000000	 1.000000	 9.734856
-56	 0.000000	 1.000000	 1.000000	 9.739093
-55	 0.000000	 1.000000	 1.000000	 9.743679
-54	 0.000000	 1.000000	 1.000000	 9.748123
-54	 0.000000	 1.000000	 1.000000	 9.752067
-55	 0.000000	 1.000000	 1.000000	 9.755621
-55	 0.000000	 1.000000	 1.000000	 9.760077
-54	 0.000000	 1.000000	 1.000000	 9.764881
-55	 0.000000	 1.000000	 1.000000	 9.768349
-54	 0.000000	 1.000000	 1.000000	 9.773440
-55	 0.000000	 1.000000	 1.000000	 9.777343
-53	 0.000000	 1.000000	 1.000000	 9.781636
-53	 0.000000	 1.000000	 1.000000	 9.785580
-54	 0.000000	 1.000000	 1.000000	 9.789481
-53	 0.000000	 1.000000	 1.000000	 9.794145
-53	 0.142857	 1.000000	 1.000000	 9.798206
-54	 0.000000	 1.000000	 1.000000	 9.802004
-54	 0.142857	 1.000000	 -nan	 9.805878
-55	 0.461538	 1.000000	 1.000000	 9.812113
-53	 0.533333	 1.000000	 1.000000	 9.818418
-54	 0.500000	 1.000000	 1.000000	 9.823652
-56	 0.727273	 1.000000	 1.000000	 9.831175
-56	 0.828571	 1.000000	 1.000000	 9.843868
-57	 0.884615	 1.000000	 1.000000	 9.860717
-56	 0.823529	 1.000000	 1.000000	 9.873942
-58	 0.904762	 1.000000	 1.000000	 9.894025
-56	 0.820513	 1.000000	 1.000000	 9.907803
-59	 0.684211	 1.000000	 1.000000	 9.914493
-57	 0.529412	 1.000000	 1.000000	 9.922170
-60	 0.454545	 1.000000	 1.000000	 9.927452
-53	 0.000000	 1.000000	 1.000000	 9.933812
-56	 0.000000	 1.000000	 1.000000	 9.938439
-57	 0.000000	 1.000000	 -nan	 9.943811
-57	 0.000000	 1.000000	 -nan	 9.947754
-55	 0.000000	 1.000000	 -nan	 9.952449
-55	 0.000000	 1.000000	 -nan	 9.956585
-55	 0.000000	 1.000000	 -nan	 9.959500
-56	 0.333333	 1.000000	 1.000000	 9.964223
-56	 0.946429	 1.000000	 1.000000	 9.998694
-57	 0.454545	 1.000000	 1.000000	 10.004243
-57	 0.000000	 1.000000	 1.000000	 10.008903
-58	 0.000000	 1.000000	 1.000000	 10.012450
-58	 0.000000	 1.000000	 1.000000	 10.016348
-58	 0.000000	 1.000000	 1.000000	 10.020997
-58	 0.000000	 1.000000	 1.000000	 10.025370
-56	 0.000000	 1.000000	 1.000000	 10.029085
-58	 0.000000	 1.000000	 1.000000	 10.033806
-57	 0.142857	 1.000000	 1.000000	 10.038056
-58	 0.000000	 1.000000	 1.000000	 10.046948
-59	 0.000000	 1.000000	 1.000000	 10.084200
-62	 0.942857	 1.000000	 1.000000	 10.116799
-61	 0.945946	 1.000000	 1.000000	 10.154419
-61	 0.000000	 1.000000	 1.000000	 10.158507
-63	 0.000000	 1.000000	 1.000000	 10.163025
-64	 0.000000	 1.000000	 -nan	 10.166248
-64	 0.125000	 1.000000	 1.000000	 10.170513
-63	 0.000000	 1.000000	 -nan	 10.174071
-62	 0.125000	 1.000000	 -nan	 10.178424
-62	 0.000000	 1.000000	 -nan	 10.183302
-60	 0.000000	 1.000000	 1.000000	 10.187144
-60	 0.000000	 1.000000	 1.000000	 10.191409
-60	 0.000000	 1.000000	 1.000000	 10.194928
-59	 0.650000	 1.000000	 1.000000	 10.203652
-62	 0.879310	 1.000000	 1.000000	 10.223298
-63	 0.000000	 1.000000	 1.000000	 10.226379
-64	 0.000000	 1.000000	 1.000000	 10.231427
-59	 0.000000	 1.000000	 1.000000	 10.238988
-57	 0.000000	 1.000000	 -nan	 10.242094
-58	 0.250000	 1.000000	 -nan	 10.246712
-59	 0.739130	 1.000000	 1.000000	 10.263414
-61	 0.000000	 1.000000	 1.000000	 10.273737
-61	 0.000000	 1.000000	 1.000000	 10.277372
-61	 0.000000	 1.000000	 1.000000	 10.281314
-58	 0.000000	 1.000000	 1.000000	 10.290189
-56	 0.650000	 1.000000	 -nan	 10.298272
-56	 0.823529	 1.000000	 1.000000	 10.310407
-61	 0.962025	 1.000000	 1.000000	 10.360039
-61	 0.454545	 1.000000	 1.000000	 10.365161
-62	 0.153846	 1.000000	 -nan	 10.371981
-63	 0.000000	 1.000000	 -nan	 10.375765
-62	 0.000000	 1.000000	 -nan	 10.379189
-62	 0.125000	 1.000000	 1.000000	 10.384258
-56	 0.000000	 1.000000	 1.000000	 10.420632
-57	 0.611111	 1.000000	 1.000000	 10.429014
-58	 0.076923	 1.000000	 1.000000	 10.436620
-59	 0.000000	 1.000000	 1.000000	 10.440616
-61	 0.000000	 1.000000	 1.000000	 10.446131
-62	 0.000000	 1.000000	 1.000000	 10.449970
-65	 0.000000	 1.000000	 1.000000	 10.453476
-65	 0.000000	 1.000000	 1.000000	 10.458126
-65	 0.000000	 1.000000	 -nan	 10.461451
-62	 0.000000	 1.000000	 1.000000	 10.465305
-61	 0.125000	 1.000000	 1.000000	 10.469281
-58	 0.000000	 1.000000	 1.000000	 10.503945
-60	 0.000000	 1.000000	 1.000000	 10.548471
-61	 0.000000	 1.000000	 1.000000	 10.556148
-61	 0.090909	 1.000000	 1.000000	 10.562632
-63	 0.000000	 1.000000	 1.000000	 10.567128
-62	 0.000000	 1.000000	 1.000000	 10.570872
-61	 0.000000	 1.000000	 1.000000	 10.574881
-59	 0.000000	 1.000000	 1.000000	 10.579666
-60	 0.000000	 1.000000	 -nan	 10.583699
-59	 0.000000	 1.000000	 1.000000	 10.587054
-58	 0.000000	 1.000000	 1.000000	 10.592680
-58	 0.000000	 1.000000	 1.000000	 10.598625
-58	 0.000000	 1.000000	 1.000000	 10.602084
-59	 0.000000	 1.000000	 1.000000	 10.606444
-57	 0.000000	 1.000000	 1.000000	 10.610653
-58	 0.000000	 1.000000	 -nan	 10.614141
-61	 0.000000	 1.000000	 1.000000	 10.620728
-59	 0.000000	 1.000000	 1.000000	 10.631199
-59	 0.000000	 1.000000	 1.000000	 10.636400
-60	 0.000000	 1.000000	 1.000000	 10.640443
-61	 0.000000	 1.000000	 1.000000	 10.643611
-61	 0.000000	 1.000000	 -nan	 10.647035
-59	 0.062500	 1.000000	 1.000000	 10.656550
-61	 0.000000	 1.000000	 1.000000	 10.717785
-61	 0.000000	 1.000000	 1.000000	 10.753360
-61	 0.000000	 1.000000	 1.000000	 10.763424
-64	 0.000000	 1.000000	 1.000000	 10.804951
-61	 0.000000	 1.000000	 1.000000	 10.811423
-61	 0.000000	 1.000000	 1.000000	 10.837910
-62	 0.000000	 1.000000	 1.000000	 10.847342
-64	 0.000000	 1.000000	 1.000000	 10.867900
-62	 0.000000	 1.000000	 1.000000	 10.886288
-64	 0.000000	 1.000000	 1.000000	 10.898869
-60	 0.000000	 1.000000	 1.000000	 10.945386
-63	 0.041667	 1.000000	 1.000000	 10.957578
-63	 0.125000	 1.000000	 -nan	 10.961659
-63	 0.125000	 1.000000	 -nan	 10.965851
-63	 0.000000	 1.000000	 -nan	 10.969765
-64	 0.000000	 1.000000	 -nan	 10.973173
-63	 0.000000	 1.000000	 1.000000	 10.976964
-64	 0.142857	 1.000000	 1.000000	 10.981676
-63	 0.000000	 1.000000	 1.000000	 11.007636
-63	 0.000000	 1.000000	 -nan	 11.027789
-66	 0.000000	 1.000000	 1.000000	 11.060454
-66	 0.000000	 1.000000	 -nan	 11.067518
-66	 0.000000	 1.000000	 -nan	 11.073205
-65	 0.000000	 1.000000	 1.000000	 11.078742
-60	 0.000000	 1.000000	 1.000000	 11.139832
-61	 0.000000	 1.000000	 1.000000	 11.144017
-63	 0.000000	 1.000000	 1.000000	 11.162449
-63	 0.000000	 1.000000	 1.000000	 11.170183
-60	 0.000000	 1.000000	 1.000000	 11.204440
-64	 0.000000	 1.000000	 1.000000	 11.232973
-63	 0.000000	 1.000000	 -nan	 11.237797
-54	 0.000000	 1.000000	 1.000000	 11.305363
-62	 0.000000	 1.000000	 1.000000	 11.324168
-61	 0.000000	 1.000000	 1.000000	 11.375061
-64	 0.000000	 1.000000	 1.000000	 11.382391
-62	 0.000000	 1.000000	 1.000000	 11.387438
-62	 0.000000	 1.000000	 1.000000	 11.393154
-57	 0.000000	 1.000000	 1.000000	 11.407697
-62	 0.000000	 1.000000	 1.000000	 11.434994
-61	 0.035714	 1.000000	 1.000000	 11.451668
-61	 0.090909	 1.000000	 1.000000	 11.457858
-61	 0.142857	 1.000000	 1.000000	 11.462002
-62	 0.142857	 1.000000	 -nan	 11.465501
-61	 0.000000	 1.000000	 1.000000	 11.469822
-61	 0.125000	 1.000000	 1.000000	 11.473903
-60	 0.142857	 1.000000	 1.000000	 11.477879
-60	 0.125000	 1.000000	 1.000000	 11.482164
-60	 0.000000	 1.000000	 1.000000	 11.485617
-59	 0.333333	 1.000000	 1.000000	 11.490329
-60	 0.400000	 1.000000	 1.000000	 11.495234
-58	 0.222222	 1.000000	 1.000000	 11.499480
-60	 0.538462	 1.000000	 1.000000	 11.504823
-60	 0.400000	 1.000000	 1.000000	 11.509722
-59	 0.684211	 1.000000	 1.000000	 11.516996
-58	 0.607143	 1.000000	 1.000000	 11.527774
-59	 0.533333	 1.000000	 1.000000	 11.534349
-57	 0.333333	 1.000000	 1.000000	 11.539334
-58	 0.500000	 1.000000	 1.000000	 11.544367
-58	 0.250000	 1.000000	 1.000000	 11.548338
-60	 0.454545	 1.000000	 1.000000	 11.553620
-60	 0.600000	 1.000000	 1.000000	 11.560516
-60	 0.142857	 1.000000	 1.000000	 11.564681
-58	 0.000000	 1.000000	 1.000000	 11.568052
-60	 0.000000	 1.000000	 1.000000	 11.571917
-59	 0.333333	 1.000000	 1.000000	 11.576182
-61	 0.000000	 1.000000	 1.000000	 11.582997
-63	 0.000000	 1.000000	 1.000000	 11.643954
-63	 0.000000	 1.000000	 1.000000	 11.649210
-64	 0.000000	 1.000000	 1.000000	 11.653070
-65	 0.000000	 1.000000	 1.000000	 11.698681
-65	 0.000000	 1.000000	 1.000000	 11.709829
-65	 0.000000	 1.000000	 1.000000	 11.724054
-64	 0.000000	 1.000000	 1.000000	 11.780003
-65	 0.000000	 1.000000	 1.000000	 11.799602
-65	 0.000000	 1.000000	 1.000000	 11.810807
-69	 0.000000	 1.000000	 1.000000	 12.433558
-74	 0.000000	 1.000000	 1.000000	 12.524733
-72	 0.000000	 1.000000	 1.000000	 12.697250
-71	 0.000000	 1.000000	 1.000000	 12.741997
-76	 0.000000	 1.000000	 1.000000	 12.845921
-76	 0.000000	 1.000000	 1.000000	 13.024051
-75	 0.000000	 1.000000	 1.000000	 13.291757
-71	 0.000000	 1.000000	 1.000000	 13.513347
-73	 0.000000	 1.000000	 1.000000	 13.548781
-73	 0.000000	 1.000000	 1.000000	 13.586801
-70	 0.000000	 1.000000	 1.000000	 13.626407
-73	 0.000000	 1.000000	 1.000000	 13.653994
-72	 0.000000	 1.000000	 1.000000	 13.676831
-71	 0.000000	 1.000000	 1.000000	 13.716393
-69	 0.000000	 1.000000	 1.000000	 13.802837
-74	 0.000000	 1.000000	 1.000000	 13.996429
-75	 0.000000	 1.000000	 1.000000	 14.102024
-77	 0.000000	 1.000000	 1.000000	 14.294860
-78	 0.000000	 1.000000	 1.000000	 14.314804
-77	 0.000000	 1.000000	 1.000000	 14.466682
-78	 0.000000	 1.000000	 1.000000	 14.535060
-75	 0.000000	 1.000000	 1.000000	 14.609945
-80	 0.000000	 1.000000	 1.000000	 14.721082
-75	 0.000000	 1.000000	 1.000000	 14.780967
-74	 0.000000	 1.000000	 1.000000	 14.844140
-77	 0.000000	 1.000000	 1.000000	 14.956989
-74	 0.000000	 1.000000	 1.000000	 15.017377
-76	 0.000000	 1.000000	 1.000000	 15.058107
-78	 0.000000	 1.000000	 1.000000	 15.080086
-76	 0.000000	 1.000000	 1.000000	 15.167886
-75	 0.000000	 1.000000	 1.000000	 15.192663
-73	 0.000000	 1.000000	 1.000000	 15.294636
-75	 0.000000	 1.000000	 1.000000	 15.374356
-77	 0.000000	 1.000000	 1.000000	 15.529078
-77	 0.000000	 1.000000	 1.000000	 15.600233
-77	 0.000000	 1.000000	 1.000000	 15.694203
-77	 0.000000	 1.000000	 1.000000	 15.709167
-78	 0.000000	 1.000000	 1.000000	 15.819342
-79	 0.000000	 1.000000	 1.000000	 16.008757
-75	 0.000000	 1.000000	 1.000000	 16.068188
-80	 0.000000	 1.000000	 1.000000	 16.362394
-75	 0.000000	 1.000000	 1.000000	 16.451267
-77	 0.000000	 1.000000	 1.000000	 16.711277
-78	 0.000000	 1.000000	 1.000000	 16.855391
-78	 0.000000	 1.000000	 1.000000	 16.887514
-75	 0.000000	 1.000000	 1.000000	 16.939838
-70	 0.000000	 1.000000	 1.000000	 17.051640
-70	 0.000000	 1.000000	 1.000000	 17.128609
-72	 0.000000	 1.000000	 1.000000	 17.215788
-74	 0.000000	 1.000000	 1.000000	 17.382320
-70	 0.000000	 1.000000	 1.000000	 17.886272
-72	 0.000000	 1.000000	 1.000000	 17.989777
-71	 0.000000	 1.000000	 1.000000	 18.090906
-71	 0.000000	 1.000000	 1.000000	 18.162411
-67	 0.000000	 1.000000	 1.000000	 18.180105
-67	 0.000000	 1.000000	 1.000000	 18.301268
-70	 0.000000	 1.000000	 1.000000	 18.328550
-65	 0.000000	 1.000000	 1.000000	 18.345924
-67	 0.000000	 1.000000	 1.000000	 18.403645
-70	 0.000000	 1.000000	 1.000000	 18.559229
-69	 0.000000	 1.000000	 1.000000	 18.661610
-68	 0.000000	 1.000000	 1.000000	 18.689487
-68	 0.000000	 1.000000	 1.000000	 18.803688
-63	 0.000000	 1.000000	 1.000000	 18.885479
-66	 0.000000	 1.000000	 1.000000	 18.912663
-69	 0.000000	 1.000000	 1.000000	 19.069189
-69	 0.000000	 1.000000	 1.000000	 19.103764
-70	 0.000000	 1.000000	 1.000000	 19.128868
-69	 0.000000	 1.000000	 1.000000	 19.143763
-69	 0.000000	 1.000000	 1.000000	 19.183647
-66	 0.000000	 1.000000	 1.000000	 19.326382
-69	 0.000000	 1.000000	 1.000000	 19.438677
-70	 0.000000	 1.000000	 1.000000	 19.478979
-65	 0.000000	 1.000000	 1.000000	 19.499973
-69	 0.000000	 1.000000	 1.000000	 19.566795
-66	 0.000000	 1.000000	 1.000000	 19.837772
-65	 0.000000	 1.000000	 1.000000	 19.917286
-65	 0.000000	 1.000000	 1.000000	 19.944099
-65	 0.000000	 1.000000	 1.000000	 19.984442
-65	 0.000000	 1.000000	 1.000000	 20.042101
-66	 0.000000	 1.000000	 1.000000	 20.061617
-65	 0.000000	 1.000000	 1.000000	 20.078844
-63	 0.000000	 1.000000	 1.000000	 20.131689
-61	 0.000000	 1.000000	 1.000000	 20.213720
-62	 0.000000	 1.000000	 1.000000	 20.241280
-61	 0.000000	 1.000000	 1.000000	 20.370094
-63	 0.000000	 1.000000	 1.000000	 20.584875
-60	 0.000000	 1.000000	 1.000000	 20.762669
-63	 0.000000	 1.000000	 1.000000	 20.861866
-65	 0.000000	 1.000000	 1.000000	 20.956078
-57	 0.000000	 1.000000	 1.000000	 21.180422
-56	 0.000000	 1.000000	 1.000000	 21.235695
-55	 0.500000	 1.000000	 1.000000	 21.252375
-56	 0.500000	 1.000000	 1.000000	 21.271658
-58	 0.000000	 1.000000	 1.000000	 21.287041
-58	 0.000000	 1.000000	 1.000000	 21.301519
-55	 0.142857	 1.000000	 1.000000	 21.319098
-56	 0.142857	 1.000000	 1.000000	 21.333374
-57	 0.825000	 1.000000	 1.000000	 21.355806
-58	 0.965714	 1.000000	 1.000000	 21.412382
-56	 0.600000	 1.000000	 1.000000	 21.436832
-57	 0.650000	 1.000000	 1.000000	 21.452902
-57	 0.806452	 1.000000	 1.000000	 21.464216
-58	 0.925000	 1.000000	 1.000000	 21.490417
-58	 0.903226	 1.000000	 1.000000	 21.511049
-58	 0.882353	 1.000000	 1.000000	 21.528666
-54	 0.714286	 1.000000	 1.000000	 21.563080
-56	 0.142857	 1.000000	 -nan	 21.597471
-56	 0.600000	 1.000000	 -nan	 21.607374
-57	 0.877551	 1.000000	 1.000000	 21.623260
-58	 0.896552	 1.000000	 1.000000	 21.653854
-56	 0.500000	 1.000000	 -nan	 21.666691
-57	 0.684211	 1.000000	 -nan	 21.676567
-57	 0.793103	 1.000000	 1.000000	 21.688387
-57	 0.886792	 1.000000	 1.000000	 21.706749
-56	 0.965909	 1.000000	 1.000000	 21.760674
-57	 0.941176	 1.000000	 1.000000	 21.797848
-59	 0.739130	 1.000000	 1.000000	 21.808193
-57	 0.769231	 1.000000	 1.000000	 21.817482
-55	 0.916667	 1.000000	 1.000000	 21.840672
-55	 0.953846	 1.000000	 1.000000	 21.881514
-55	 0.914286	 1.000000	 1.000000	 21.908049
-56	 0.900000	 1.000000	 1.000000	 21.928726
-56	 0.942308	 1.000000	 1.000000	 21.960979
-55	 0.730769	 1.000000	 1.000000	 21.971436
-54	 0.500000	 1.000000	 1.000000	 22.005613
-56	 0.000000	 1.000000	 -nan	 22.015373
-56	 0.760000	 1.000000	 1.000000	 22.026636
-57	 0.769231	 1.000000	 1.000000	 22.039042
-56	 0.853659	 1.000000	 1.000000	 22.052967
-56	 0.913043	 1.000000	 1.000000	 22.076023
-57	 0.918919	 1.000000	 1.000000	 22.100761
-53	 0.842105	 1.000000	 1.000000	 22.113768
-55	 0.625000	 1.000000	 1.000000	 22.120852
-55	 0.600000	 1.000000	 1.000000	 22.133038
-57	 0.428571	 1.000000	 1.000000	 22.143841
-55	 0.600000	 1.000000	 1.000000	 22.150501
-52	 0.930693	 1.000000	 1.000000	 22.182751
-54	 0.882353	 1.000000	 1.000000	 22.200325
-56	 0.571429	 1.000000	 1.000000	 22.208126
-52	 0.944954	 1.000000	 1.000000	 22.244522
-52	 0.454545	 1.000000	 1.000000	 22.267706
-53	 0.950820	 1.000000	 1.000000	 22.305090
-55	 0.611111	 1.000000	 1.000000	 22.327234
-52	 0.953642	 1.000000	 1.000000	 22.375135
-52	 0.913043	 1.000000	 1.000000	 22.397697
-53	 0.793103	 1.000000	 1.000000	 22.407959
-53	 0.666667	 1.000000	 1.000000	 22.417789
-53	 0.500000	 1.000000	 1.000000	 22.431129
-54	 0.363636	 1.000000	 -nan	 22.440310
-54	 0.625000	 1.000000	 -nan	 22.452826
-50	 0.714286	 1.000000	 1.000000	 22.462919
-50	 0.898305	 1.000000	 1.000000	 22.482063
-48	 0.922078	 1.000000	 1.000000	 22.506002
-49	 0.800000	 1.000000	 1.000000	 22.519562
-50	 0.416667	 1.000000	 1.000000	 22.526171
-51	 0.785714	 1.000000	 1.000000	 22.538271
-52	 0.825000	 1.000000	 1.000000	 22.553303
-52	 0.625000	 1.000000	 1.000000	 22.559204
-52	 0.142857	 1.000000	 -nan	 22.576649
-49	 0.000000	 1.000000	 1.000000	 22.633757
-50	 0.307692	 1.000000	 -nan	 22.663652
-51	 0.684211	 1.000000	 -nan	 22.674704
-53	 0.700000	 1.000000	 1.000000	 22.683529
-54	 0.647059	 1.000000	 1.000000	 22.691444
-55	 0.793103	 1.000000	 1.000000	 22.703016
-57	 0.400000	 1.000000	 1.000000	 22.708683
-55	 0.666667	 1.000000	 1.000000	 22.717020
-54	 0.700000	 1.000000	 1.000000	 22.727905
-52	 0.400000	 1.000000	 1.000000	 22.734619
-49	 0.000000	 1.000000	 1.000000	 22.766249
-51	 0.375000	 1.000000	 -nan	 22.809031
-52	 0.727273	 1.000000	 1.000000	 22.817064
-50	 0.800000	 1.000000	 1.000000	 22.828253
-50	 0.850000	 1.000000	 1.000000	 22.841768
-50	 0.812500	 1.000000	 1.000000	 22.853485
-51	 0.974026	 1.000000	 1.000000	 22.924023
-49	 0.957747	 1.000000	 1.000000	 22.966120
-44	 0.454545	 1.000000	 1.000000	 22.985466
-53	 0.708333	 1.000000	 1.000000	 22.996649
-54	 0.842105	 1.000000	 1.000000	 23.018084
-48	 0.967914	 1.000000	 1.000000	 23.080893
-48	 0.454545	 1.000000	 1.000000	 23.088427
-47	 0.222222	 1.000000	 1.000000	 23.094080
-47	 0.611111	 1.000000	 1.000000	 23.102089
-50	 0.960526	 1.000000	 1.000000	 23.148598
-48	 0.842105	 1.000000	 1.000000	 23.162806
-45	 0.142857	 1.000000	 1.000000	 23.195127
-56	 0.959732	 1.000000	 1.000000	 23.245674
-47	 0.953125	 1.000000	 1.000000	 23.285809
-47	 0.714286	 1.000000	 1.000000	 23.294773
-48	 0.000000	 1.000000	 1.000000	 23.310204
-56	 0.142857	 1.000000	 1.000000	 23.355814
-49	 0.500000	 1.000000	 1.000000	 23.376444
-49	 0.884615	 1.000000	 1.000000	 23.393286
-50	 0.769231	 1.000000	 1.000000	 23.403261
-57	 0.943925	 1.000000	 1.000000	 23.439665
-57	 0.538462	 1.000000	 1.000000	 23.446096
-49	 0.250000	 1.000000	 1.000000	 23.480684
-50	 0.666667	 1.000000	 -nan	 23.492899
-50	 0.500000	 1.000000	 1.000000	 23.499294
-52	 0.857143	 1.000000	 1.000000	 23.518484
-52	 0.727273	 1.000000	 1.000000	 23.538303
-49	 0.714286	 1.000000	 1.000000	 23.553469
-48	 0.600000	 1.000000	 1.000000	 23.560154
-48	 0.250000	 1.000000	 1.000000	 23.569342
-49	 0.571429	 1.000000	 1.000000	 23.578217
-53	 0.571429	 1.000000	 1.000000	 23.585152
-55	 0.714286	 1.000000	 1.000000	 23.593515
-53	 0.647059	 1.000000	 1.000000	 23.600605
-54	 0.625000	 1.000000	 1.000000	 23.606972
-49	 0.976471	 1.000000	 1.000000	 23.681795
-49	 0.915493	 1.000000	 1.000000	 23.703268
-49	 0.882353	 1.000000	 1.000000	 23.719791
-47	 0.333333	 1.000000	 1.000000	 23.739113
-47	 0.000000	 1.000000	 1.000000	 23.776682
-45	 0.000000	 1.000000	 1.000000	 23.812889
-44	 0.000000	 1.000000	 1.000000	 23.854733
-48	 0.538462	 1.000000	 1.000000	 23.889565
-47	 0.250000	 1.000000	 -nan	 23.894005
-48	 0.793103	 1.000000	 -nan	 23.904364
-47	 0.647059	 1.000000	 -nan	 23.915213
-47	 0.538462	 1.000000	 -nan	 23.922823
-48	 0.538462	 1.000000	 1.000000	 23.929159
-47	 0.571429	 1.000000	 1.000000	 23.947117
-50	 0.333333	 1.000000	 -nan	 23.968031
-49	 0.000000	 1.000000	 -nan	 23.996967
-51	 0.142857	 1.000000	 -nan	 24.015163
-50	 0.142857	 1.000000	 -nan	 24.022036
-50	 0.333333	 1.000000	 -nan	 24.031994
-51	 0.400000	 1.000000	 -nan	 24.062586
-52	 0.000000	 1.000000	 -nan	 24.111156
-53	 0.142857	 1.000000	 -nan	 24.145515
-54	 0.000000	 1.000000	 1.000000	 24.199741
-55	 0.000000	 1.000000	 1.000000	 24.246304
-56	 0.000000	 1.000000	 1.000000	 24.257439
-54	 0.000000	 1.000000	 1.000000	 24.307756
-58	 0.000000	 1.000000	 1.000000	 24.354586
-60	 0.000000	 1.000000	 1.000000	 24.403870
-59	 0.000000	 1.000000	 1.000000	 24.456188
-58	 0.000000	 1.000000	 1.000000	 24.504719
-59	 0.000000	 1.000000	 1.000000	 24.553753
-58	 0.000000	 1.000000	 1.000000	 24.569283
-59	 0.000000	 1.000000	 1.000000	 24.586855
-58	 0.000000	 1.000000	 1.000000	 24.604294
-56	 0.000000	 1.000000	 1.000000	 24.621111
-58	 0.000000	 1.000000	 1.000000	 24.636166
-57	 0.000000	 1.000000	 1.000000	 24.651703
-58	 0.000000	 1.000000	 1.000000	 24.666445
-60	 0.000000	 1.000000	 1.000000	 24.681536
-60	 0.000000	 1.000000	 1.000000	 24.696856
-61	 0.000000	 1.000000	 1.000000	 24.713001
-61	 0.000000	 1.000000	 1.000000	 24.727514
-61	 0.000000	 1.000000	 1.000000	 24.743315
-61	 0.000000	 1.000000	 -nan	 24.757996
-61	 0.000000	 1.000000	 1.000000	 24.773197
-63	 0.000000	 1.000000	 -nan	 24.788359
-65	 0.000000	 1.000000	 1.000000	 24.802706
-63	 0.000000	 1.000000	 1.000000	 24.817825
-62	 0.000000	 1.000000	 1.000000	 24.832947
-61	 0.000000	 1.000000	 1.000000	 24.848053
-60	 0.000000	 1.000000	 1.000000	 24.862705
-62	 0.000000	 1.000000	 1.000000	 24.879831
-61	 0.000000	 1.000000	 1.000000	 24.897989
-62	 0.000000	 1.000000	 1.000000	 24.912050
-62	 0.000000	 1.000000	 1.000000	 24.927689
-62	 0.000000	 1.000000	 1.000000	 24.942230
-62	 0.000000	 1.000000	 1.000000	 24.957293
-62	 0.000000	 1.000000	 -nan	 24.971781
-63	 0.000000	 1.000000	 1.000000	 24.986914
-64	 0.000000	 1.000000	 1.000000	 25.001429
-64	 0.000000	 1.000000	 -nan	 25.015947
-66	 0.000000	 1.000000	 -nan	 25.031433
-70	 0.000000	 1.000000	 1.000000	 25.049194
-71	 0.000000	 1.000000	 1.000000	 25.063910
-71	 0.000000	 1.000000	 1.000000	 25.078226
-72	 0.000000	 1.000000	 1.000000	 25.093788
-72	 0.000000	 1.000000	 1.000000	 25.111326
-70	 0.000000	 1.000000	 -nan	 25.125029
-65	 0.000000	 1.000000	 -nan	 25.140285
-65	 0.000000	 1.000000	 -nan	 25.154926
-65	 0.000000	 1.000000	 -nan	 25.169640
-67	 0.000000	 1.000000	 -nan	 25.183720
-67	 0.000000	 1.000000	 -nan	 25.198195
-69	 0.000000	 1.000000	 1.000000	 25.213482
-71	 0.000000	 1.000000	 1.000000	 25.228004
-71	 0.000000	 1.000000	 1.000000	 25.243629
-63	 0.000000	 1.000000	 -nan	 25.258766
-66	 0.000000	 1.000000	 -nan	 25.273668
-66	 0.000000	 1.000000	 1.000000	 25.288263
-64	 0.000000	 1.000000	 -nan	 25.304216
-62	 0.000000	 1.000000	 1.000000	 25.318581
-62	 0.000000	 1.000000	 1.000000	 25.333101
-63	 0.000000	 1.000000	 1.000000	 25.348736
-63	 0.000000	 1.000000	 1.000000	 25.363071
-63	 0.000000	 1.000000	 1.000000	 25.378073
-62	 0.000000	 1.000000	 1.000000	 25.393011
-60	 0.000000	 1.000000	 1.000000	 25.408213
-61	 0.000000	 1.000000	 1.000000	 25.422443
-60	 0.000000	 1.000000	 1.000000	 25.437195
-57	 0.000000	 1.000000	 1.000000	 25.452639
-60	 0.000000	 1.000000	 1.000000	 25.467155
-61	 0.000000	 1.000000	 1.000000	 25.482908
-60	 0.000000	 1.000000	 1.000000	 25.496794
-61	 0.000000	 1.000000	 1.000000	 25.511370
-61	 0.000000	 1.000000	 1.000000	 25.526909
-59	 0.000000	 1.000000	 1.000000	 25.542768
-60	 0.000000	 1.000000	 1.000000	 25.557068
-60	 0.000000	 1.000000	 -nan	 25.571562
-63	 0.000000	 1.000000	 1.000000	 25.586472
-59	 0.000000	 1.000000	 1.000000	 25.602341
-60	 0.000000	 1.000000	 -nan	 25.616413
-60	 0.000000	 1.000000	 -nan	 25.630960
-56	 0.000000	 1.000000	 -nan	 25.645294
-62	 0.000000	 1.000000	 1.000000	 25.661591
-62	 0.000000	 1.000000	 -nan	 25.674843
-61	 0.000000	 1.000000	 -nan	 25.690605
-60	 0.000000	 1.000000	 -nan	 25.705683
-62	 0.000000	 1.000000	 -nan	 25.721695
-63	 0.000000	 1.000000	 -nan	 25.737085
-62	 0.000000	 1.000000	 -nan	 25.751894
-62	 0.000000	 1.000000	 -nan	 25.767189
-63	 0.000000	 1.000000	 -nan	 25.781803
-64	 0.000000	 1.000000	 1.000000	 25.796427
-64	 0.000000	 1.000000	 1.000000	 25.811644
-64	 0.000000	 1.000000	 -nan	 25.825991
-64	 0.000000	 1.000000	 1.000000	 25.843580
-65	 0.000000	 1.000000	 1.000000	 25.858995
-66	 0.000000	 1.000000	 1.000000	 25.873306
-66	 0.000000	 1.000000	 1.000000	 25.891384
-65	 0.000000	 1.000000	 1.000000	 25.906895
-64	 0.000000	 1.000000	 1.000000	 25.921776
-66	 0.000000	 1.000000	 1.000000	 25.936720
-60	 0.000000	 1.000000	 1.000000	 25.952518
-65	 0.000000	 1.000000	 1.000000	 25.966835
-65	 0.000000	 1.000000	 1.000000	 25.981956
-65	 0.000000	 1.000000	 1.000000	 25.996897
-66	 0.000000	 1.000000	 1.000000	 26.012745
-68	 0.000000	 1.000000	 1.000000	 26.026812
-69	 0.000000	 1.000000	 1.000000	 26.042067
-69	 0.000000	 1.000000	 1.000000	 26.057987
-71	 0.000000	 1.000000	 1.000000	 26.072886
-72	 0.000000	 1.000000	 1.000000	 26.086929
-72	 0.000000	 1.000000	 1.000000	 26.102369
-73	 0.000000	 1.000000	 1.000000	 26.120134
-72	 0.000000	 1.000000	 1.000000	 26.135353
-73	 0.000000	 1.000000	 1.000000	 26.150457
-72	 0.000000	 1.000000	 1.000000	 26.165951
-72	 0.000000	 1.000000	 1.000000	 26.180832
-71	 0.000000	 1.000000	 1.000000	 26.197664
-72	 0.000000	 1.000000	 1.000000	 26.212406
-74	 0.000000	 1.000000	 1.000000	 26.227198
-74	 0.000000	 1.000000	 1.000000	 26.242477
-74	 0.000000	 1.000000	 1.000000	 26.256868
-73	 0.000000	 1.000000	 1.000000	 26.272169
-72	 0.000000	 1.000000	 1.000000	 26.286963
-72	 0.000000	 1.000000	 1.000000	 26.301685
-73	 0.000000	 1.000000	 1.000000	 26.316534
-73	 0.000000	 1.000000	 1.000000	 26.331242
-74	 0.000000	 1.000000	 1.000000	 26.346718
-74	 0.000000	 1.000000	 1.000000	 26.361895
-75	 0.000000	 1.000000	 1.000000	 26.376858
-75	 0.000000	 1.000000	 1.000000	 26.391100
-73	 0.000000	 1.000000	 1.000000	 26.406816
-72	 0.000000	 1.000000	 1.000000	 26.421356
-72	 0.000000	 1.000000	 1.000000	 26.436111
-74	 0.000000	 1.000000	 1.000000	 26.450922
-76	 0.000000	 1.000000	 1.000000	 26.466072
-76	 0.000000	 1.000000	 1.000000	 26.481243
-73	 0.000000	 1.000000	 1.000000	 26.496473
-72	 0.000000	 1.000000	 1.000000	 26.510916
-72	 0.000000	 1.000000	 1.000000	 26.526274
-71	 0.000000	 1.000000	 1.000000	 26.539928
-71	 0.000000	 1.000000	 1.000000	 26.555380
-71	 0.000000	 1.000000	 1.000000	 26.570698
-70	 0.000000	 1.000000	 1.000000	 26.585018
-72	 0.000000	 1.000000	 1.000000	 26.599688
-72	 0.000000	 1.000000	 1.000000	 26.614405
-72	 0.000000	 1.000000	 1.000000	 26.629215
-73	 0.000000	 1.000000	 1.000000	 26.645235
-72	 0.000000	 1.000000	 1.000000	 26.660204
-75	 0.000000	 1.000000	 1.000000	 26.675594
-76	 0.000000	 1.000000	 1.000000	 26.690292
-73	 0.000000	 1.000000	 1.000000	 26.704632
-74	 0.000000	 1.000000	 1.000000	 26.719465
-73	 0.000000	 1.000000	 1.000000	 26.734562
-71	 0.000000	 1.000000	 1.000000	 26.750153
-72	 0.000000	 1.000000	 1.000000	 26.764622
-73	 0.000000	 1.000000	 1.000000	 26.779840
-73	 0.000000	 1.000000	 1.000000	 26.795044
-75	 0.000000	 1.000000	 1.000000	 26.810366
-75	 0.000000	 1.000000	 1.000000	 26.824366
-76	 0.000000	 1.000000	 1.000000	 26.839378
-74	 0.000000	 1.000000	 1.000000	 26.854729
-75	 0.000000	 1.000000	 1.000000	 26.869852
-75	 0.000000	 1.000000	 1.000000	 26.884462
-74	 0.000000	 1.000000	 1.000000	 26.899412
-73	 0.000000	 1.000000	 1.000000	 26.914385
-73	 0.000000	 1.000000	 1.000000	 26.930208
-74	 0.000000	 1.000000	 1.000000	 26.944975
-74	 0.000000	 1.000000	 1.000000	 26.959713
-70	 0.000000	 1.000000	 1.000000	 26.976847
-74	 0.000000	 1.000000	 1.000000	 26.991486
-74	 0.000000	 1.000000	 1.000000	 27.006201
-73	 0.000000	 1.000000	 1.000000	 27.020950
-75	 0.000000	 1.000000	 1.000000	 27.036886
-74	 0.000000	 1.000000	 1.000000	 27.052509
-75	 0.000000	 1.000000	 1.000000	 27.067413
-73	 0.000000	 1.000000	 1.000000	 27.084135
-73	 0.000000	 1.000000	 1.000000	 27.098730
-73	 0.000000	 1.000000	 1.000000	 27.113220
-69	 0.000000	 1.000000	 1.000000	 27.128529
-68	 0.000000	 1.000000	 1.000000	 27.143759
-68	 0.000000	 1.000000	 1.000000	 27.157747
-70	 0.000000	 1.000000	 1.000000	 27.172709
-74	 0.000000	 1.000000	 1.000000	 27.188454
-74	 0.000000	 1.000000	 1.000000	 27.203005
-74	 0.000000	 1.000000	 1.000000	 27.218687
-72	 0.000000	 1.000000	 1.000000	 27.233679
-69	 0.000000	 1.000000	 1.000000	 27.248728
-71	 0.000000	 1.000000	 1.000000	 27.263874
-71	 0.000000	 1.000000	 1.000000	 27.279312
-72	 0.000000	 1.000000	 1.000000	 27.294228
-72	 0.000000	 1.000000	 1.000000	 27.311357
-72	 0.000000	 1.000000	 1.000000	 27.326042
-68	 0.000000	 1.000000	 1.000000	 27.341564
-69	 0.000000	 1.000000	 1.000000	 27.356321
-72	 0.000000	 1.000000	 1.000000	 27.371227
-76	 0.000000	 1.000000	 1.000000	 27.387239
-75	 0.000000	 1.000000	 1.000000	 27.402454
-73	 0.000000	 1.000000	 1.000000	 27.417389
-72	 0.000000	 1.000000	 1.000000	 27.432142
-72	 0.000000	 1.000000	 1.000000	 27.447229
-74	 0.000000	 1.000000	 1.000000	 27.461737
-73	 0.000000	 1.000000	 1.000000	 27.476717
-71	 0.000000	 1.000000	 1.000000	 27.491753
-74	 0.000000	 1.000000	 1.000000	 27.506918
-77	 0.000000	 1.000000	 1.000000	 27.521597
-74	 0.000000	 1.000000	 1.000000	 27.536755
-73	 0.000000	 1.000000	 1.000000	 27.551403
-72	 0.000000	 1.000000	 1.000000	 27.566294
-72	 0.000000	 1.000000	 1.000000	 27.580435
-72	 0.000000	 1.000000	 1.000000	 27.598106
-76	 0.000000	 1.000000	 1.000000	 27.613403
-76	 0.000000	 1.000000	 1.000000	 27.627996
-75	 0.000000	 1.000000	 1.000000	 27.642822
-72	 0.000000	 1.000000	 1.000000	 27.658472
-72	 0.000000	 1.000000	 1.000000	 27.673128
-74	 0.000000	 1.000000	 1.000000	 27.688072
-72	 0.000000	 1.000000	 1.000000	 27.704723
-73	 0.000000	 1.000000	 1.000000	 27.718870
-74	 0.000000	 1.000000	 1.000000	 27.733669
-75	 0.000000	 1.000000	 1.000000	 27.748735
-75	 0.000000	 1.000000	 1.000000	 27.763969
-75	 0.000000	 1.000000	 1.000000	 27.778427
-74	 0.000000	 1.000000	 1.000000	 27.793682
-75	 0.000000	 1.000000	 1.000000	 27.808226
-74	 0.000000	 1.000000	 1.000000	 27.823462
-75	 0.000000	 1.000000	 1.000000	 27.837753
-75	 0.000000	 1.000000	 1.000000	 27.852879
-74	 0.000000	 1.000000	 1.000000	 27.867990
-75	 0.000000	 1.000000	 1.000000	 27.882465
-74	 0.000000	 1.000000	 1.000000	 27.897829
-75	 0.000000	 1.000000	 1.000000	 27.913939
-76	 0.000000	 1.000000	 1.000000	 27.927874
-75	 0.000000	 1.000000	 1.000000	 27.943205
-76	 0.000000	 1.000000	 1.000000	 27.957792
-74	 0.000000	 1.000000	 1.000000	 27.973122
-76	 0.000000	 1.000000	 1.000000	 27.988218
-75	 0.000000	 1.000000	 1.000000	 28.007338
-76	 0.000000	 1.000000	 1.000000	 28.020346
-75	 0.000000	 1.000000	 1.000000	 28.035509
-74	 0.000000	 1.000000	 1.000000	 28.051241
-75	 0.000000	 1.000000	 1.000000	 28.065559
-75	 0.000000	 1.000000	 1.000000	 28.080448
-75	 0.000000	 1.000000	 1.000000	 28.095524
-74	 0.000000	 1.000000	 1.000000	 28.110714
-73	 0.000000	 1.000000	 1.000000	 28.126238
-73	 0.000000	 1.000000	 1.000000	 28.140953
-72	 0.000000	 1.000000	 1.000000	 28.156223
-73	 0.000000	 1.000000	 1.000000	 28.171680
-73	 0.000000	 1.000000	 1.000000	 28.192572
-75	 0.000000	 1.000000	 1.000000	 28.223433
-75	 0.000000	 1.000000	 1.000000	 28.250971
-74	 0.000000	 1.000000	 1.000000	 28.264362
-73	 0.000000	 1.000000	 1.000000	 28.279812
-73	 0.000000	 1.000000	 1.000000	 28.294847
-73	 0.000000	 1.000000	 1.000000	 28.316406
-74	 0.000000	 1.000000	 1.000000	 28.332207
-74	 0.000000	 1.000000	 1.000000	 28.347565
-74	 0.000000	 1.000000	 1.000000	 28.363228
-74	 0.000000	 1.000000	 1.000000	 28.377249
-75	 0.000000	 1.000000	 1.000000	 28.391836
-76	 0.000000	 1.000000	 1.000000	 28.406862
-74	 0.000000	 1.000000	 1.000000	 28.422705
-74	 0.000000	 1.000000	 1.000000	 28.439449
-75	 0.000000	 1.000000	 1.000000	 28.454569
-75	 0.000000	 1.000000	 1.000000	 28.468840
-74	 0.000000	 1.000000	 1.000000	 28.483372
-74	 0.000000	 1.000000	 1.000000	 28.498692
-74	 0.000000	 1.000000	 1.000000	 28.513697
-73	 0.000000	 1.000000	 1.000000	 28.528339
-73	 0.000000	 1.000000	 1.000000	 28.543653
-73	 0.000000	 1.000000	 1.000000	 28.557791
-75	 0.000000	 1.000000	 1.000000	 28.573290
-75	 0.000000	 1.000000	 1.000000	 28.587900
-75	 0.000000	 1.000000	 1.000000	 28.603092
-70	 0.000000	 1.000000	 -nan	 28.618181
-74	 0.000000	 1.000000	 1.000000	 28.634802
-73	 0.000000	 1.000000	 1.000000	 28.650414
-73	 0.000000	 1.000000	 1.000000	 28.665533
-72	 0.000000	 1.000000	 1.000000	 28.679543
-73	 0.000000	 1.000000	 1.000000	 28.694685
-73	 0.000000	 1.000000	 1.000000	 28.711245
-72	 0.000000	 1.000000	 1.000000	 28.725702
-72	 0.000000	 1.000000	 1.000000	 28.740282
-71	 0.000000	 1.000000	 1.000000	 28.754854
-71	 0.000000	 1.000000	 1.000000	 28.769945
-70	 0.000000	 1.000000	 1.000000	 28.787800
-73	 0.000000	 1.000000	 1.000000	 28.807364
-75	 0.000000	 1.000000	 1.000000	 28.825727
-76	 0.000000	 1.000000	 1.000000	 28.839657
-77	 0.000000	 1.000000	 1.000000	 28.856770
-73	 0.000000	 1.000000	 1.000000	 28.871328
-71	 0.142857	 1.000000	 1.000000	 28.889381
-75	 0.000000	 1.000000	 1.000000	 28.990057
-75	 0.000000	 1.000000	 1.000000	 29.032295
-78	 0.000000	 1.000000	 1.000000	 29.067331
-74	 0.000000	 1.000000	 1.000000	 29.104177
-74	 0.000000	 1.000000	 1.000000	 29.149208
-75	 0.000000	 1.000000	 1.000000	 29.303560
-76	 0.000000	 1.000000	 1.000000	 29.323431
-73	 0.000000	 1.000000	 1.000000	 29.392942
-74	 0.000000	 1.000000	 1.000000	 29.443048
-77	 0.000000	 1.000000	 1.000000	 29.470182
-79	 0.000000	 1.000000	 1.000000	 29.583557
-75	 0.000000	 1.000000	 1.000000	 29.643064
-76	 0.000000	 1.000000	 1.000000	 29.732201
-75	 0.000000	 1.000000	 1.000000	 29.814207
-76	 0.000000	 -1.150000	 0.488095	 32.315948
-80	 0.400000	 1.000000	 1.000000	 32.331951
-80	 0.333333	 1.000000	 1.000000	 32.347954
-80	 0.250000	 1.000000	 1.000000	 32.365166
-82	 0.250000	 1.000000	 1.000000	 32.380692
-82	 0.000000	 1.000000	 1.000000	 32.396526
-82	 0.000000	 1.000000	 1.000000	 32.415009
-82	 0.000000	 1.000000	 1.000000	 32.431328
-81	 0.000000	 1.000000	 1.000000	 32.445713
-82	 0.000000	 1.000000	 1.000000	 32.461609
-80	 0.250000	 1.000000	 1.000000	 32.478271
-80	 0.142857	 1.000000	 1.000000	 32.494221
-76	 0.000000	 1.000000	 1.000000	 32.508408
-80	 0.000000	 1.000000	 1.000000	 32.523418
-80	 0.000000	 1.000000	 1.000000	 32.538506
-80	 0.000000	 1.000000	 1.000000	 32.553696
-81	 0.000000	 1.000000	 1.000000	 32.569172
-82	 0.000000	 1.000000	 1.000000	 32.583992
-81	 0.000000	 1.000000	 1.000000	 32.598331
-80	 0.000000	 1.000000	 1.000000	 32.613522
-81	 0.000000	 1.000000	 1.000000	 32.628475
-79	 0.000000	 1.000000	 1.000000	 32.644260
-80	 0.000000	 1.000000	 1.000000	 32.659000
-80	 0.000000	 1.000000	 1.000000	 32.675201
-81	 0.000000	 1.000000	 1.000000	 32.692326
-82	 0.000000	 1.000000	 1.000000	 32.706795
-82	 0.000000	 1.000000	 1.000000	 32.723667
-81	 0.000000	 1.000000	 1.000000	 32.738232
-80	 0.000000	 1.000000	 1.000000	 32.752930
-80	 0.000000	 1.000000	 1.000000	 32.768314
-78	 0.000000	 1.000000	 1.000000	 32.782700
-77	 0.000000	 1.000000	 1.000000	 32.797459
-77	 0.000000	 1.000000	 1.000000	 32.812584
-77	 0.000000	 1.000000	 -nan	 32.827129
-80	 0.000000	 1.000000	 1.000000	 32.842922
-79	 0.000000	 1.000000	 1.000000	 32.858284
-79	 0.000000	 1.000000	 1.000000	 32.872578
-78	 0.000000	 1.000000	 1.000000	 32.888294
-78	 0.000000	 1.000000	 1.000000	 32.903030
-80	 0.000000	 1.000000	 1.000000	 32.923973
-80	 0.000000	 1.000000	 1.000000	 32.937374
-79	 0.000000	 1.000000	 1.000000	 32.953552
-79	 0.000000	 1.000000	 1.000000	 32.968075
-80	 0.000000	 1.000000	 1.000000	 32.983311
-81	 0.000000	 1.000000	 1.000000	 32.997490
-81	 0.000000	 1.000000	 1.000000	 33.012791
-81	 0.000000	 1.000000	 1.000000	 33.028267
-80	 0.000000	 1.000000	 1.000000	 33.042755
-79	 0.000000	 1.000000	 1.000000	 33.058159
-79	 0.000000	 1.000000	 1.000000	 33.072582
-79	 0.000000	 1.000000	 1.000000	 33.087410
-79	 0.000000	 1.000000	 1.000000	 33.103073
-78	 0.000000	 1.000000	 1.000000	 33.117905
-79	 0.000000	 1.000000	 1.000000	 33.133125
-79	 0.000000	 1.000000	 1.000000	 33.148823
-79	 0.000000	 1.000000	 1.000000	 33.162842
-79	 0.000000	 1.000000	 1.000000	 33.178211
-79	 0.000000	 1.000000	 1.000000	 33.194881
-79	 0.000000	 1.000000	 1.000000	 33.210808
-80	 0.000000	 1.000000	 1.000000	 33.225502
-79	 0.000000	 1.000000	 1.000000	 33.240761
-79	 0.000000	 1.000000	 1.000000	 33.256256
-79	 0.000000	 1.000000	 1.000000	 33.271030
-79	 0.000000	 1.000000	 1.000000	 33.287178
-78	 0.000000	 1.000000	 1.000000	 33.303017
-79	 0.000000	 1.000000	 1.000000	 33.319374
-79	 0.000000	 1.000000	 1.000000	 33.337196
-78	 0.000000	 1.000000	 1.000000	 33.352093
-78	 0.000000	 1.000000	 1.000000	 33.369900
-79	 0.000000	 1.000000	 1.000000	 33.384560
-79	 0.000000	 1.000000	 1.000000	 33.399319
-79	 0.000000	 1.000000	 1.000000	 33.414906
-79	 0.000000	 1.000000	 1.000000	 33.430626
-79	 0.000000	 1.000000	 1.000000	 33.444756
-80	 0.000000	 1.000000	 1.000000	 33.460449
-81	 0.000000	 1.000000	 1.000000	 33.475014
-81	 0.000000	 1.000000	 1.000000	 33.489506
-81	 0.000000	 1.000000	 1.000000	 33.504925
-81	 0.000000	 1.000000	 1.000000	 33.519787
-81	 0.000000	 1.000000	 1.000000	 33.535248
-81	 0.000000	 1.000000	 1.000000	 33.551891
-81	 0.000000	 1.000000	 1.000000	 33.568089
-82	 0.000000	 1.000000	 1.000000	 33.583176
-82	 0.000000	 1.000000	 1.000000	 33.599174
-82	 0.000000	 1.000000	 1.000000	 33.617489
-82	 0.000000	 1.000000	 -nan	 33.634476
-81	 0.000000	 1.000000	 1.000000	 33.657898
-82	 0.000000	 1.000000	 1.000000	 33.678444
-83	 0.000000	 1.000000	 1.000000	 33.696335
-80	 0.000000	 1.000000	 1.000000	 33.714687
-79	 0.000000	 1.000000	 1.000000	 33.735077
-78	 0.000000	 1.000000	 1.000000	 33.752216
-76	 0.000000	 1.000000	 1.000000	 33.767548
-76	 0.000000	 1.000000	 1.000000	 33.785088
-76	 0.000000	 1.000000	 1.000000	 33.801125
-76	 0.000000	 1.000000	 1.000000	 33.821640
-76	 0.000000	 1.000000	 1.000000	 33.836632
-76	 0.000000	 1.000000	 1.000000	 33.856377
-77	 0.000000	 1.000000	 1.000000	 33.871704
-80	 0.000000	 1.000000	 1.000000	 33.889725
-80	 0.000000	 1.000000	 1.000000	 33.903828
-82	 0.000000	 1.000000	 1.000000	 33.919491
-81	 0.000000	 1.000000	 1.000000	 33.936825
-82	 0.000000	 1.000000	 1.000000	 33.953232
-82	 0.000000	 1.000000	 1.000000	 33.967739
-79	 0.000000	 1.000000	 1.000000	 33.985550
-80	 0.000000	 1.000000	 1.000000	 34.005276
-79	 0.000000	 1.000000	 1.000000	 34.024994
-79	 0.000000	 1.000000	 1.000000	 34.039566
-80	 0.000000	 1.000000	 1.000000	 34.055309
-82	 0.000000	 1.000000	 1.000000	 34.070473
-82	 0.000000	 1.000000	 1.000000	 34.096138
-82	 0.000000	 1.000000	 1.000000	 34.112701
-81	 0.000000	 1.000000	 1.000000	 34.129044
-81	 0.000000	 1.000000	 1.000000	 34.151501
-81	 0.000000	 1.000000	 1.000000	 34.182491
-81	 0.000000	 1.000000	 1.000000	 34.202396
-82	 0.000000	 1.000000	 1.000000	 34.227325
-79	 0.000000	 1.000000	 1.000000	 34.245838
-77	 0.000000	 1.000000	 1.000000	 34.263187
-78	 0.000000	 1.000000	 1.000000	 34.279377
-79	 0.000000	 1.000000	 1.000000	 34.293934
-82	 0.000000	 1.000000	 1.000000	 34.332527
-83	 0.000000	 1.000000	 1.000000	 34.363403
-83	 0.000000	 1.000000	 1.000000	 34.415852
-83	 0.000000	 1.000000	 -nan	 34.432014
-83	 0.000000	 1.000000	 -nan	 34.447124
-80	 0.000000	 1.000000	 -nan	 34.463821
-80	 0.000000	 1.000000	 -nan	 34.478245
-80	 0.000000	 1.000000	 -nan	 34.492138
-80	 0.000000	 1.000000	 -nan	 34.506092
-83	 0.000000	 1.000000	 1.000000	 34.557564
-83	 0.000000	 1.000000	 -nan	 34.571484
-83	 0.000000	 1.000000	 -nan	 34.592384
-82	 0.000000	 1.000000	 1.000000	 34.609638
-84	 0.000000	 1.000000	 1.000000	 34.669544
-84	 0.000000	 1.000000	 -nan	 34.685055
-84	 0.000000	 1.000000	 -nan	 34.701363
-84	 0.000000	 1.000000	 -nan	 34.715672
-84	 0.000000	 1.000000	 -nan	 34.732620
-84	 0.000000	 1.000000	 -nan	 34.746494
-81	 0.000000	 1.000000	 -nan	 34.763374
-82	 0.000000	 1.000000	 1.000000	 34.782227
-81	 0.000000	 1.000000	 1.000000	 34.801861
-79	 0.000000	 1.000000	 1.000000	 34.824337
-79	 0.000000	 1.000000	 1.000000	 34.839684
-80	 0.000000	 1.000000	 1.000000	 34.855495
-81	 0.000000	 1.000000	 1.000000	 34.874138
-81	 0.000000	 1.000000	 1.000000	 34.888851
-81	 0.000000	 1.000000	 1.000000	 34.908424
-81	 0.000000	 1.000000	 1.000000	 34.930851
-80	 0.000000	 1.000000	 1.000000	 34.947937
-79	 0.000000	 1.000000	 1.000000	 34.966057
-78	 0.000000	 1.000000	 1.000000	 34.983589
-76	 0.000000	 1.000000	 1.000000	 34.999287
-77	 0.000000	 1.000000	 1.000000	 35.014263
-75	 0.000000	 1.000000	 1.000000	 35.029297
-75	 0.000000	 1.000000	 1.000000	 35.044724
-76	 0.000000	 1.000000	 1.000000	 35.060471
-76	 0.000000	 1.000000	 1.000000	 35.076473
-78	 0.000000	 1.000000	 1.000000	 35.094486
-77	 0.000000	 1.000000	 1.000000	 35.112976
-77	 0.000000	 1.000000	 1.000000	 35.128929
-76	 0.000000	 1.000000	 1.000000	 35.144073
-78	 0.000000	 1.000000	 1.000000	 35.158985
-78	 0.000000	 1.000000	 1.000000	 35.174931
-76	 0.000000	 1.000000	 1.000000	 35.191235
-77	 0.000000	 1.000000	 1.000000	 35.208000
-78	 0.000000	 1.000000	 1.000000	 35.222919
-77	 0.000000	 1.000000	 1.000000	 35.244228
-76	 0.000000	 1.000000	 1.000000	 35.259560
-78	 0.000000	 1.000000	 1.000000	 35.275162
-77	 0.000000	 1.000000	 1.000000	 35.293274
-79	 0.000000	 1.000000	 1.000000	 35.308674
-78	 0.000000	 1.000000	 1.000000	 35.331558
-79	 0.000000	 1.000000	 1.000000	 35.346210
-79	 0.000000	 1.000000	 -nan	 35.361153
-78	 0.000000	 1.000000	 1.000000	 35.377953
-78	 0.000000	 1.000000	 1.000000	 35.393295
-77	 0.000000	 1.000000	 1.000000	 35.408958
-77	 0.000000	 1.000000	 1.000000	 35.424278
-75	 0.000000	 1.000000	 1.000000	 35.439697
-77	 0.000000	 1.000000	 1.000000	 35.453911
-76	 0.000000	 1.000000	 1.000000	 35.470467
-76	 0.000000	 1.000000	 1.000000	 35.485497
-76	 0.000000	 1.000000	 1.000000	 35.501778
-76	 0.000000	 1.000000	 1.000000	 35.520882
-76	 0.000000	 1.000000	 1.000000	 35.535542
-78	 0.000000	 1.000000	 1.000000	 35.551018
-80	 0.000000	 1.000000	 1.000000	 35.569653
-82	 0.000000	 1.000000	 1.000000	 35.592079
-82	 0.000000	 1.000000	 1.000000	 35.611366
-78	 0.000000	 1.000000	 1.000000	 35.631977
-76	 0.000000	 1.000000	 1.000000	 35.647053
-77	 0.000000	 1.000000	 1.000000	 35.662666
-78	 0.000000	 1.000000	 1.000000	 35.680710
-80	 0.000000	 1.000000	 1.000000	 35.695724
-79	 0.000000	 1.000000	 1.000000	 35.716087
-77	 0.000000	 1.000000	 1.000000	 35.731384
-75	 0.000000	 1.000000	 1.000000	 35.746155
-75	 0.000000	 1.000000	 1.000000	 35.761139
-75	 0.000000	 1.000000	 1.000000	 35.776440
-78	 0.000000	 1.000000	 1.000000	 35.792332
-80	 0.000000	 1.000000	 1.000000	 35.810253
-83	 0.000000	 1.000000	 1.000000	 35.827438
-82	 0.000000	 1.000000	 1.000000	 35.856930
-81	 0.000000	 1.000000	 1.000000	 35.871880
-81	 0.000000	 1.000000	 1.000000	 35.890011
-81	 0.000000	 1.000000	 1.000000	 35.905815
-81	 0.000000	 1.000000	 1.000000	 35.923458
-79	 0.000000	 1.000000	 1.000000	 35.938854
-80	 0.000000	 1.000000	 1.000000	 35.953575
-79	 0.000000	 1.000000	 1.000000	 35.969654
-80	 0.000000	 1.000000	 1.000000	 35.984859
-79	 0.000000	 1.000000	 1.000000	 35.999775
-80	 0.000000	 1.000000	 1.000000	 36.014973
-81	 0.000000	 1.000000	 1.000000	 36.037628
-81	 0.000000	 1.000000	 1.000000	 36.057484
-81	 0.000000	 1.000000	 1.000000	 36.077747
-82	 0.000000	 1.000000	 1.000000	 36.094643
-81	 0.000000	 1.000000	 1.000000	 36.114998
-80	 0.000000	 1.000000	 1.000000	 36.132645
-79	 0.000000	 1.000000	 1.000000	 36.152470
-80	 0.000000	 1.000000	 1.000000	 36.169384
-81	 0.000000	 1.000000	 1.000000	 36.189651
-82	 0.000000	 1.000000	 1.000000	 36.204796
-81	 0.000000	 1.000000	 1.000000	 36.227707
-81	 0.000000	 1.000000	 1.000000	 36.243877
-81	 0.000000	 1.000000	 1.000000	 36.262447
-81	 0.000000	 1.000000	 1.000000	 36.280708
-80	 0.000000	 1.000000	 1.000000	 36.297890
-82	 0.000000	 1.000000	 1.000000	 36.318947
-81	 0.000000	 1.000000	 1.000000	 36.336132
-81	 0.000000	 1.000000	 1.000000	 36.352062
-81	 0.000000	 1.000000	 1.000000	 36.371967
-80	 0.000000	 1.000000	 1.000000	 36.387215
-79	 0.000000	 1.000000	 1.000000	 36.403908
-80	 0.000000	 1.000000	 1.000000	 36.419083
-79	 0.000000	 1.000000	 1.000000	 36.436729
-80	 0.000000	 1.000000	 1.000000	 36.454220
-79	 0.000000	 1.000000	 1.000000	 36.470982
-78	 0.000000	 1.000000	 1.000000	 36.492428
-79	 0.000000	 1.000000	 1.000000	 36.508194
-81	 0.000000	 1.000000	 1.000000	 36.523582
-80	 0.000000	 1.000000	 1.000000	 36.538052
-81	 0.000000	 1.000000	 1.000000	 36.562729
-79	 0.000000	 1.000000	 1.000000	 36.578259
-80	 0.000000	 1.000000	 1.000000	 36.596722
-79	 0.000000	 1.000000	 1.000000	 36.615791
-79	 0.000000	 1.000000	 1.000000	 36.636604
-79	 0.000000	 1.000000	 1.000000	 36.651390
-79	 0.000000	 1.000000	 1.000000	 36.670067
-81	 0.000000	 1.000000	 1.000000	 36.685257
-81	 0.000000	 1.000000	 1.000000	 36.702305
-81	 0.000000	 1.000000	 1.000000	 36.721252
-81	 0.000000	 1.000000	 1.000000	 36.736740
-81	 0.000000	 1.000000	 1.000000	 36.754253
-80	 0.000000	 1.000000	 1.000000	 36.769695
-79	 0.000000	 1.000000	 1.000000	 36.784462
-80	 0.000000	 1.000000	 1.000000	 36.802216
-80	 0.000000	 1.000000	 1.000000	 36.818356
-81	 0.000000	 1.000000	 1.000000	 36.833294
-83	 0.000000	 1.000000	 1.000000	 36.851025
-83	 0.000000	 1.000000	 1.000000	 36.926376
-83	 0.000000	 1.000000	 -nan	 36.942329
-83	 0.000000	 1.000000	 -nan	 36.956451
-83	 0.000000	 1.000000	 -nan	 36.973469
-83	 0.000000	 1.000000	 -nan	 36.988285
-83	 0.000000	 1.000000	 -nan	 37.004528
-80	 0.000000	 1.000000	 -nan	 37.019085
-81	 0.000000	 1.000000	 1.000000	 37.036465
-83	 0.000000	 1.000000	 1.000000	 37.070297
-82	 0.000000	 1.000000	 1.000000	 37.098862
-82	 0.000000	 1.000000	 1.000000	 37.115810
-82	 0.000000	 1.000000	 1.000000	 37.133816
-81	 0.000000	 1.000000	 1.000000	 37.151558
-83	 0.000000	 1.000000	 1.000000	 37.173996
-81	 0.000000	 1.000000	 1.000000	 37.189449
-81	 0.000000	 1.000000	 1.000000	 37.204258
-81	 0.000000	 1.000000	 1.000000	 37.225533
-82	 0.000000	 1.000000	 1.000000	 37.242928
-83	 0.000000	 1.000000	 1.000000	 37.258209
-82	 0.000000	 1.000000	 1.000000	 37.280621
-82	 0.000000	 1.000000	 1.000000	 37.300400
-82	 0.000000	 1.000000	 1.000000	 37.327023
-84	 0.000000	 1.000000	 1.000000	 37.345692
-83	 0.000000	 1.000000	 1.000000	 37.371216
-83	 0.000000	 1.000000	 1.000000	 37.389030
-82	 0.000000	 1.000000	 1.000000	 37.412285
-84	 0.000000	 1.000000	 1.000000	 37.635048
-84	 0.000000	 1.000000	 -nan	 37.653118
-81	 0.000000	 1.000000	 1.000000	 37.670254
-81	 0.000000	 1.000000	 -nan	 37.686153
-81	 0.000000	 1.000000	 -nan	 37.736076
-81	 0.000000	 1.000000	 -nan	 37.754967
-81	 0.000000	 1.000000	 1.000000	 37.769882
-81	 0.000000	 1.000000	 1.000000	 37.785435
-83	 0.000000	 1.000000	 1.000000	 38.002628
-83	 0.000000	 1.000000	 -nan	 38.030151
