HT40/SGI	 T	 MCS13	 64.8	98.6	 96.6	 174(180)	| 0.989811	 1.000000	 1.000000 |	-29	 1.324314
HT40/SGI	 T	 MCS13	 64.4	97.9	 98.9	 185(187)	| 0.982507	 1.000000	 1.000000 |	-41	 4.850995
HT40/SGI	 MCS13	 37.8	 57.4	0.0	 0(	 83)	| 0.000000	 1.000000	 1.000000 |	-60	 9.711691
HT40/SGI	 MCS13	 10.2	 15.6	0.0	 0(	 75)	| 0.000000	 1.000000	 -nan |	-61	 10.647035
HT40/SGI	 MCS13	 0.0	 0.3	0.0	 0(	 89)	| 0.000000	 1.000000	 1.000000 |	-61	 11.375061
HT40/SGI	 MCS13	 0.0	 2.1	7.7	 7(	 90)	| 0.142857	 1.000000	 1.000000 |	-60	 11.477879
HT40/SGI	 MCS13	 0.0	 0.0	0.0	 0(	 20)	| 0.000000	 1.000000	 1.000000 |	-70	 18.328550
HT40/SGI	 T	 MCS13	 39.6	60.3	 72.3	 94(130)	| 0.714286	 1.000000	 1.000000 |	-54	 21.563080
HT40/SGI	 T	 MCS13	 40.6	61.8	 84.5	 104(123)	| 0.500000	 1.000000	 -nan |	-56	 21.666691
HT40/SGI	 T	 MCS13	 47.8	72.7	 36.7	 32(	| 0.760000	 1.000000	 1.000000 |	-56	 22.026636
HT40/SGI	 T	 MCS13	 51.1	77.7	 79.9	 132(165)	| 0.930693	 1.000000	 1.000000 |	-52	 22.182751
HT40/SGI	 T	 MCS13	 54.6	83.0	 94.2	 164(174)	| 0.913043	 1.000000	 1.000000 |	-52	 22.397697
HT40/SGI	 T	 MCS13	 51.7	78.6	 91.1	 145(159)	| 0.967914	 1.000000	 1.000000 |	-48	 23.080893
HT40/SGI	 T	 MCS13	 54.3	82.6	 87.9	 153(174)	| 0.714286	 1.000000	 1.000000 |	-47	 23.294773
HT40/SGI	 MCS13	 0.0	 1.9	0.0	 0(	 28)	| 0.000000	 1.000000	 1.000000 |	-58	 24.636166
HT40/SGI	 MCS13	 0.0	 0.0	0.0	 0(	 21)	| 0.000000	 1.000000	 1.000000 |	-63	 25.363071
HT40/SGI	 MCS13	 0.0	 0.0	0.0	 0(	 21)	| 0.000000	 1.000000	 1.000000 |	-60	 25.467155
HT40/SGI	 MCS13	 0.0	 0.0	0.0	 0(	 21)	| 0.000000	 1.000000	 -nan |	-60	 25.571562
HT40/SGI	 MCS13	 0.0	 0.0	0.0	 0(	 21)	| 0.000000	 1.000000	 -nan |	-62	 25.674843
HT40/SGI	 MCS13	 0.0	 0.0	0.0	 0(	 21)	| 0.000000	 1.000000	 1.000000 |	-66	 25.936720
HT40/SGI	 MCS13	 0.0	 0.0	0.0	 0(	 21)	| 0.000000	 1.000000	 1.000000 |	-75	 27.808226
HT40/SGI	 MCS13	 0.0	 0.0	0.0	 0(	 21)	| 0.000000	 1.000000	 1.000000 |	-73	 28.171680
HT40/SGI	 MCS13	 0.0	 0.0	0.0	 0(	 20)	| 0.000000	 1.000000	 1.000000 |	-74	 28.483372
HT40/SGI	 MCS13	 0.0	 0.0	0.0	 0(	 21)	| 0.000000	 1.000000	 1.000000 |	-75	 28.587900
HT40/SGI	 MCS13	 0.0	 0.0	0.0	 0(	 20)	| 0.000000	 1.000000	 1.000000 |	-79	 33.240761
HT40/SGI	 MCS13	 0.0	 0.0	0.0	 0(	 19)	| 0.000000	 1.000000	 1.000000 |	-82	 33.967739
HT40/SGI	 MCS13	 0.0	 0.0	0.0	 0(	 20)	| 0.000000	 1.000000	 1.000000 |	-82	 34.070473
HT40/SGI	 MCS13	 0.0	 0.0	0.0	 0(	 14)	| 0.000000	 1.000000	 1.000000 |	-81	 34.182491
HT40/SGI	 MCS13	 0.0	 0.0	0.0	 0(	 19)	| 0.000000	 1.000000	 -nan |	-84	 34.715672
HT40/SGI	 MCS13	 0.0	 0.0	0.0	 0(	 20)	| 0.000000	 1.000000	 1.000000 |	-77	 35.293274
HT40/SGI	 MCS13	 0.0	 0.0	0.0	 0(	 18)	| 0.000000	 1.000000	 1.000000 |	-78	 35.551018
HT40/SGI	 MCS13	 0.0	 0.0	0.0	 0(	 16)	| 0.000000	 1.000000	 1.000000 |	-81	 36.336132
HT40/SGI	 MCS13	 0.0	 0.0	0.0	 0(	 18)	| 0.000000	 1.000000	 1.000000 |	-80	 36.387215
HT40/SGI	 MCS13	 0.0	 0.0	0.0	 0(	 17)	| 0.000000	 1.000000	 1.000000 |	-78	 36.492428
HT40/SGI	 MCS13	 0.0	 0.0	0.0	 0(	 19)	| 0.000000	 1.000000	 1.000000 |	-81	 36.702305
HT40/SGI	 MCS13	 0.0	 0.0	0.0	 0(	 20)	| 0.000000	 1.000000	 1.000000 |	-81	 37.225533
HT40/SGI	 MCS13	 0.0	 0.0	0.0	 0(	 15)	| 0.000000	 1.000000	 1.000000 |	-82	 37.327023
