-27	 0.928571	 1.000000	 1.000000	 0.030046
-27	 0.933333	 1.000000	 1.000000	 0.056794
-27	 0.918919	 1.000000	 1.000000	 0.084344
-27	 0.872340	 1.000000	 1.000000	 0.110362
-26	 0.936170	 1.000000	 1.000000	 0.138893
-27	 0.972851	 1.000000	 1.000000	 0.252439
-28	 0.942308	 1.000000	 1.000000	 0.328326
-29	 0.820513	 1.000000	 1.000000	 0.348195
-28	 0.666667	 1.000000	 1.000000	 0.368875
-29	 0.571429	 1.000000	 1.000000	 0.381727
-28	 0.250000	 1.000000	 1.000000	 0.415041
-30	 0.250000	 1.000000	 1.000000	 0.424073
-29	 0.538462	 1.000000	 1.000000	 0.431058
-29	 0.222222	 1.000000	 1.000000	 0.446478
-28	 0.250000	 1.000000	 1.000000	 0.460252
-30	 0.416667	 1.000000	 1.000000	 0.465446
-28	 0.538462	 1.000000	 1.000000	 0.470377
-28	 0.571429	 1.000000	 -nan	 0.476529
-28	 0.926829	 1.000000	 1.000000	 0.550565
-27	 0.684211	 1.000000	 1.000000	 0.559426
-27	 0.625000	 1.000000	 1.000000	 0.566627
-27	 0.333333	 1.000000	 -nan	 0.571784
-28	 0.000000	 1.000000	 1.000000	 0.594033
-28	 0.250000	 1.000000	 1.000000	 0.608980
-30	 0.333333	 1.000000	 1.000000	 0.616029
-26	 0.538462	 1.000000	 1.000000	 0.622104
-25	 0.625000	 1.000000	 1.000000	 0.628996
-26	 0.793103	 1.000000	 1.000000	 0.639890
-25	 0.142857	 1.000000	 1.000000	 0.656623
-26	 0.000000	 1.000000	 1.000000	 0.678787
-27	 0.571429	 1.000000	 1.000000	 0.688617
-27	 0.454545	 1.000000	 -nan	 0.694630
-25	 0.571429	 1.000000	 1.000000	 0.701547
-24	 0.823529	 1.000000	 1.000000	 0.728805
-26	 0.875000	 1.000000	 1.000000	 0.746565
-27	 0.625000	 1.000000	 1.000000	 0.773432
-27	 0.538462	 1.000000	 1.000000	 0.779417
-27	 0.571429	 1.000000	 1.000000	 0.785683
-27	 0.739130	 1.000000	 -nan	 0.793468
-26	 0.333333	 1.000000	 1.000000	 0.801442
-26	 0.142857	 1.000000	 1.000000	 0.815372
-26	 0.333333	 1.000000	 1.000000	 0.842374
-26	 0.600000	 1.000000	 1.000000	 0.849425
-26	 0.846154	 1.000000	 1.000000	 0.862143
-26	 0.666667	 1.000000	 1.000000	 0.869063
-27	 0.785714	 1.000000	 1.000000	 0.879560
-27	 0.828571	 1.000000	 1.000000	 0.890729
-28	 0.625000	 1.000000	 1.000000	 0.902541
-28	 0.739130	 1.000000	 1.000000	 0.911357
-29	 0.700000	 1.000000	 1.000000	 0.919508
-29	 0.500000	 1.000000	 1.000000	 0.927396
-21	 0.600000	 1.000000	 1.000000	 0.934487
-28	 0.600000	 1.000000	 1.000000	 0.941352
-26	 0.500000	 1.000000	 1.000000	 0.950208
-26	 0.684211	 1.000000	 1.000000	 0.957094
-26	 0.823529	 1.000000	 1.000000	 0.967988
-26	 0.844444	 1.000000	 1.000000	 0.985444
-29	 0.927711	 1.000000	 1.000000	 1.011408
-28	 0.898551	 1.000000	 1.000000	 1.041504
-29	 0.911765	 1.000000	 1.000000	 1.061490
-30	 0.823529	 1.000000	 1.000000	 1.073804
-29	 0.333333	 1.000000	 1.000000	 1.078677
-29	 0.600000	 1.000000	 1.000000	 1.085431
-29	 0.571429	 1.000000	 1.000000	 1.093001
-29	 0.828571	 1.000000	 1.000000	 1.103466
-28	 0.880000	 1.000000	 1.000000	 1.120426
-30	 0.944954	 1.000000	 1.000000	 1.154200
-29	 0.916667	 1.000000	 1.000000	 1.185984
-29	 0.828571	 1.000000	 1.000000	 1.202964
-29	 0.793103	 1.000000	 1.000000	 1.212571
-28	 0.955882	 1.000000	 1.000000	 1.259962
-28	 0.975207	 1.000000	 1.000000	 1.353157
-29	 0.977778	 1.000000	 1.000000	 1.467178
-30	 0.974468	 1.000000	 1.000000	 1.547590
-29	 0.932331	 1.000000	 1.000000	 1.591970
-30	 0.727273	 1.000000	 1.000000	 1.603973
-30	 0.681818	 1.000000	 1.000000	 1.616674
-23	 0.828571	 1.000000	 1.000000	 1.627952
-31	 0.965909	 1.000000	 1.000000	 1.691889
-32	 0.894737	 1.000000	 1.000000	 1.714174
-33	 0.957447	 1.000000	 1.000000	 1.764054
-33	 0.927711	 1.000000	 1.000000	 1.789087
-33	 0.793103	 1.000000	 1.000000	 1.798177
-32	 0.974138	 1.000000	 1.000000	 1.876708
-33	 0.939130	 1.000000	 1.000000	 1.917522
-34	 0.901639	 1.000000	 1.000000	 1.935870
-34	 0.907692	 1.000000	 1.000000	 1.970599
-35	 0.925926	 1.000000	 1.000000	 1.995140
-35	 0.842105	 1.000000	 1.000000	 2.007497
-35	 0.860465	 1.000000	 1.000000	 2.021686
-35	 0.846154	 1.000000	 1.000000	 2.039609
-36	 0.781250	 1.000000	 1.000000	 2.051597
-35	 0.875000	 1.000000	 1.000000	 2.067442
-36	 0.905882	 1.000000	 1.000000	 2.100346
-38	 0.961111	 1.000000	 1.000000	 2.170325
-41	 0.839050	 0.992084	 0.991892	 3.468662
-36	 0.903226	 1.000000	 1.000000	 3.565014
-34	 0.571429	 1.000000	 1.000000	 3.573599
-35	 0.600000	 1.000000	 1.000000	 3.581979
-38	 0.875000	 1.000000	 1.000000	 3.602100
-38	 0.875000	 1.000000	 1.000000	 3.619950
-36	 0.837838	 1.000000	 1.000000	 3.764514
-35	 0.888889	 1.000000	 1.000000	 3.876896
-39	 0.922078	 1.000000	 1.000000	 3.912189
-38	 0.903226	 1.000000	 1.000000	 3.935865
-39	 0.760000	 1.000000	 1.000000	 3.946740
-38	 0.625000	 1.000000	 1.000000	 3.954382
-39	 0.727273	 1.000000	 1.000000	 3.962227
-35	 0.500000	 1.000000	 1.000000	 4.121827
-38	 0.000000	 1.000000	 1.000000	 4.159147
-37	 0.142857	 1.000000	 1.000000	 4.192588
-35	 0.666667	 1.000000	 1.000000	 4.202832
-40	 0.800000	 1.000000	 1.000000	 4.218844
-39	 0.714286	 1.000000	 1.000000	 4.236138
-39	 0.500000	 1.000000	 1.000000	 4.250838
-38	 0.875000	 1.000000	 1.000000	 4.265304
-38	 0.866667	 1.000000	 1.000000	 4.285228
-31	 0.793103	 1.000000	 1.000000	 4.437154
-31	 0.142857	 1.000000	 1.000000	 4.443801
-31	 0.000000	 1.000000	 1.000000	 4.454675
-31	 0.647059	 1.000000	 1.000000	 4.462457
-33	 0.647059	 1.000000	 1.000000	 4.473972
-36	 0.811321	 1.000000	 1.000000	 4.495980
-38	 0.781250	 1.000000	 1.000000	 4.510877
-38	 0.805556	 1.000000	 1.000000	 4.526389
-38	 0.837838	 1.000000	 1.000000	 4.542949
-38	 0.915493	 1.000000	 1.000000	 4.577213
-38	 0.872340	 1.000000	 1.000000	 4.595587
-39	 0.854167	 1.000000	 1.000000	 4.616391
-41	 0.333333	 1.000000	 1.000000	 4.635982
-41	 0.625000	 1.000000	 1.000000	 4.771672
-41	 0.250000	 1.000000	 -nan	 4.781073
-41	 0.000000	 1.000000	 -nan	 4.800701
-37	 0.000000	 1.000000	 -nan	 4.836999
-37	 0.000000	 1.000000	 -nan	 4.849287
-40	 0.750000	 1.000000	 1.000000	 4.886543
-40	 0.875000	 1.000000	 1.000000	 4.902525
-40	 0.913043	 1.000000	 1.000000	 4.935112
-40	 0.886792	 1.000000	 1.000000	 4.957353
-41	 0.650000	 1.000000	 1.000000	 4.967868
-35	 0.750000	 1.000000	 1.000000	 5.216329
-34	 0.125000	 1.000000	 1.000000	 5.223422
-35	 0.588235	 1.000000	 1.000000	 5.235727
-38	 0.300000	 1.000000	 1.000000	 5.241063
-39	 0.650000	 1.000000	 1.000000	 5.251854
-39	 0.600000	 1.000000	 1.000000	 5.260993
-39	 0.611111	 1.000000	 1.000000	 5.275139
-41	 0.600000	 1.000000	 1.000000	 5.284179
-40	 0.684211	 1.000000	 1.000000	 5.295097
-36	 0.812500	 1.000000	 1.000000	 5.447173
-36	 0.142857	 1.000000	 -nan	 5.463046
-37	 0.000000	 1.000000	 1.000000	 5.553675
-36	 0.000000	 1.000000	 1.000000	 5.558575
-36	 0.684211	 1.000000	 1.000000	 5.567669
-38	 0.666667	 1.000000	 1.000000	 5.583031
-39	 0.925000	 1.000000	 1.000000	 5.611651
-38	 0.869565	 1.000000	 1.000000	 5.627743
-37	 0.666667	 1.000000	 1.000000	 5.635463
-36	 0.875000	 1.000000	 1.000000	 5.882243
-44	 0.950413	 1.000000	 1.000000	 5.934212
-44	 0.700000	 1.000000	 1.000000	 5.944184
-43	 0.833333	 1.000000	 1.000000	 6.097262
-41	 0.647059	 1.000000	 1.000000	 6.109062
-40	 0.828571	 1.000000	 1.000000	 6.131667
-41	 0.866667	 1.000000	 1.000000	 6.158375
-41	 0.823529	 1.000000	 1.000000	 6.169193
-44	 0.837838	 1.000000	 1.000000	 6.183763
-43	 0.946429	 1.000000	 1.000000	 6.222779
-45	 0.885246	 1.000000	 1.000000	 6.252395
-46	 0.853659	 1.000000	 1.000000	 6.266959
-46	 0.363636	 1.000000	 1.000000	 6.281730
-45	 0.142857	 1.000000	 1.000000	 6.314576
-46	 0.142857	 1.000000	 -nan	 6.333004
-47	 0.333333	 1.000000	 -nan	 6.339790
-47	 0.700000	 1.000000	 1.000000	 6.477320
-38	 0.866667	 1.000000	 1.000000	 6.587826
-42	 0.944444	 1.000000	 1.000000	 6.629343
-42	 0.837838	 1.000000	 1.000000	 6.643346
-43	 0.538462	 1.000000	 1.000000	 6.649436
-42	 0.125000	 1.000000	 1.000000	 6.656506
-38	 0.650000	 1.000000	 -nan	 6.668379
-44	 0.538462	 1.000000	 1.000000	 6.813359
-42	 0.739130	 1.000000	 1.000000	 6.921324
-42	 0.806452	 1.000000	 1.000000	 6.953767
-41	 0.812500	 1.000000	 1.000000	 6.968463
-44	 0.860465	 1.000000	 1.000000	 6.986916
-45	 0.866667	 1.000000	 1.000000	 7.005300
-44	 0.500000	 1.000000	 -nan	 7.012186
-43	 0.454545	 1.000000	 -nan	 7.018270
-41	 0.853659	 1.000000	 1.000000	 7.257199
-43	 0.600000	 1.000000	 1.000000	 7.262964
-42	 0.600000	 1.000000	 1.000000	 7.273247
-46	 0.416667	 1.000000	 1.000000	 7.286809
-47	 0.500000	 1.000000	 1.000000	 7.293626
-44	 0.846154	 1.000000	 1.000000	 7.308582
-44	 0.538462	 1.000000	 1.000000	 7.316304
-44	 0.500000	 1.000000	 1.000000	 7.323982
-45	 0.533333	 1.000000	 1.000000	 7.332530
-45	 0.454545	 1.000000	 -nan	 7.337329
-45	 0.681818	 1.000000	 1.000000	 7.355132
-45	 0.714286	 1.000000	 -nan	 7.363093
-44	 0.892857	 1.000000	 1.000000	 7.514004
-47	 0.869565	 1.000000	 1.000000	 7.530141
-45	 0.760000	 1.000000	 1.000000	 7.539759
-44	 0.760000	 1.000000	 1.000000	 7.548339
-45	 0.888889	 1.000000	 1.000000	 7.570458
-45	 0.898305	 1.000000	 1.000000	 7.590777
-43	 0.794118	 1.000000	 1.000000	 7.602382
-45	 0.917808	 1.000000	 1.000000	 7.626524
-45	 0.909091	 1.000000	 1.000000	 7.647759
-49	 0.853659	 1.000000	 1.000000	 7.662443
-49	 0.700000	 1.000000	 1.000000	 7.670347
-49	 0.538462	 1.000000	 1.000000	 7.677329
-49	 0.400000	 1.000000	 1.000000	 7.684206
-50	 0.300000	 1.000000	 1.000000	 7.699452
-50	 0.300000	 1.000000	 -nan	 7.712773
-51	 0.333333	 1.000000	 -nan	 7.728518
-45	 0.250000	 1.000000	 -nan	 7.736005
-50	 0.222222	 1.000000	 1.000000	 7.879626
-50	 0.500000	 1.000000	 1.000000	 7.889013
-50	 0.000000	 1.000000	 1.000000	 7.937153
-51	 0.250000	 1.000000	 1.000000	 7.956781
-51	 0.000000	 1.000000	 1.000000	 7.969362
-49	 0.125000	 1.000000	 1.000000	 7.993299
-49	 0.500000	 1.000000	 1.000000	 7.998272
-48	 0.695652	 1.000000	 1.000000	 8.008306
-48	 0.363636	 1.000000	 1.000000	 8.016139
-47	 0.454545	 1.000000	 1.000000	 8.021254
-48	 0.500000	 1.000000	 1.000000	 8.026279
-48	 0.363636	 1.000000	 1.000000	 8.033272
-48	 0.823529	 1.000000	 1.000000	 8.045163
-47	 0.850000	 1.000000	 1.000000	 8.059014
-48	 0.878788	 1.000000	 1.000000	 8.225697
-48	 0.000000	 1.000000	 -nan	 8.275687
-44	 0.187500	 1.000000	 1.000000	 8.332171
-44	 0.000000	 1.000000	 -nan	 8.347871
-44	 0.000000	 1.000000	 -nan	 8.360848
-44	 0.000000	 1.000000	 -nan	 8.380044
-44	 0.111111	 1.000000	 1.000000	 8.404288
-46	 0.142857	 1.000000	 1.000000	 8.421621
-47	 0.272727	 1.000000	 1.000000	 8.433020
-45	 0.478261	 1.000000	 1.000000	 8.452035
-47	 0.312500	 1.000000	 1.000000	 8.487895
-58	 0.623664	 1.000000	 1.000000	 9.773109
-51	 0.000000	 1.000000	 1.000000	 9.826248
-57	 0.000000	 1.000000	 1.000000	 9.876102
-57	 0.000000	 1.000000	 1.000000	 9.913031
-60	 0.000000	 1.000000	 1.000000	 9.962660
-62	 0.000000	 1.000000	 1.000000	 10.011474
-53	 0.000000	 1.000000	 1.000000	 10.046463
-59	 0.000000	 1.000000	 1.000000	 10.077450
-60	 0.000000	 1.000000	 1.000000	 10.094757
-61	 0.000000	 1.000000	 1.000000	 10.112507
-61	 0.000000	 1.000000	 1.000000	 10.130451
-62	 0.000000	 1.000000	 1.000000	 10.144845
-62	 0.000000	 1.000000	 1.000000	 10.159753
-62	 0.000000	 1.000000	 1.000000	 10.174412
-61	 0.000000	 1.000000	 1.000000	 10.188824
-59	 0.000000	 1.000000	 1.000000	 10.204006
-59	 0.000000	 1.000000	 1.000000	 10.222823
-58	 0.000000	 1.000000	 1.000000	 10.237434
-58	 0.000000	 1.000000	 1.000000	 10.252359
-59	 0.000000	 1.000000	 1.000000	 10.268241
-55	 0.000000	 1.000000	 1.000000	 10.282924
-56	 0.000000	 1.000000	 1.000000	 10.297109
-58	 0.000000	 1.000000	 1.000000	 10.312087
-56	 0.000000	 1.000000	 1.000000	 10.326796
-57	 0.000000	 1.000000	 1.000000	 10.341598
-58	 0.000000	 1.000000	 1.000000	 10.356210
-58	 0.000000	 1.000000	 1.000000	 10.370854
-55	 0.000000	 1.000000	 1.000000	 10.385527
-55	 0.000000	 1.000000	 1.000000	 10.400960
-57	 0.000000	 1.000000	 1.000000	 10.417545
-59	 0.000000	 1.000000	 1.000000	 10.433054
-61	 0.000000	 1.000000	 1.000000	 10.448199
-63	 0.000000	 1.000000	 1.000000	 10.463032
-61	 0.000000	 1.000000	 1.000000	 10.477829
-61	 0.000000	 1.000000	 1.000000	 10.491770
-62	 0.000000	 1.000000	 1.000000	 10.506227
-63	 0.000000	 1.000000	 1.000000	 10.521772
-58	 0.000000	 1.000000	 1.000000	 10.539821
-56	 0.000000	 1.000000	 1.000000	 10.554181
-57	 0.000000	 1.000000	 1.000000	 10.569809
-58	 0.000000	 1.000000	 1.000000	 10.584498
-58	 0.000000	 1.000000	 1.000000	 10.599431
-58	 0.000000	 1.000000	 1.000000	 10.613430
-59	 0.000000	 1.000000	 1.000000	 10.627936
-62	 0.000000	 1.000000	 1.000000	 10.642962
-58	 0.000000	 1.000000	 1.000000	 10.657426
-57	 0.000000	 1.000000	 1.000000	 10.672421
-59	 0.000000	 1.000000	 1.000000	 10.687332
-59	 0.000000	 1.000000	 1.000000	 10.702068
-59	 0.000000	 1.000000	 1.000000	 10.716736
-61	 0.000000	 1.000000	 1.000000	 10.737717
-63	 0.000000	 1.000000	 1.000000	 10.765872
-64	 0.000000	 1.000000	 1.000000	 10.779427
-63	 0.000000	 1.000000	 1.000000	 10.796914
-64	 0.000000	 1.000000	 1.000000	 10.812804
-64	 0.000000	 1.000000	 -nan	 10.825361
-64	 0.000000	 1.000000	 -nan	 10.839755
-60	 0.000000	 1.000000	 1.000000	 10.855356
-60	 0.000000	 1.000000	 1.000000	 10.871538
-61	 0.000000	 1.000000	 1.000000	 10.885604
-61	 0.000000	 1.000000	 -nan	 10.899884
-62	 0.000000	 1.000000	 1.000000	 10.915683
-62	 0.000000	 1.000000	 1.000000	 10.929591
-64	 0.000000	 1.000000	 1.000000	 10.944232
-63	 0.000000	 1.000000	 1.000000	 10.959775
-62	 0.000000	 1.000000	 1.000000	 10.976069
-60	 0.000000	 1.000000	 1.000000	 10.995881
-61	 0.000000	 1.000000	 1.000000	 11.010328
-59	 0.000000	 1.000000	 1.000000	 11.025103
-56	 0.000000	 1.000000	 1.000000	 11.039950
-57	 0.000000	 1.000000	 1.000000	 11.054854
-49	 0.000000	 1.000000	 1.000000	 11.069988
-58	 0.000000	 1.000000	 1.000000	 11.087971
-57	 0.000000	 1.000000	 1.000000	 11.104090
-56	 0.000000	 1.000000	 1.000000	 11.119043
-57	 0.000000	 1.000000	 1.000000	 11.135432
-60	 0.000000	 1.000000	 1.000000	 11.149653
-62	 0.000000	 1.000000	 1.000000	 11.165479
-61	 0.000000	 1.000000	 1.000000	 11.185889
-61	 0.000000	 1.000000	 1.000000	 11.203803
-61	 0.000000	 1.000000	 1.000000	 11.220350
-62	 0.000000	 1.000000	 1.000000	 11.240046
-65	 0.000000	 1.000000	 1.000000	 11.254766
-62	 0.000000	 1.000000	 1.000000	 11.270056
-61	 0.000000	 1.000000	 1.000000	 11.291525
-61	 0.000000	 1.000000	 1.000000	 11.305541
-61	 0.000000	 1.000000	 1.000000	 11.328581
-62	 0.000000	 1.000000	 1.000000	 11.348193
-62	 0.000000	 1.000000	 1.000000	 11.362378
-63	 0.000000	 1.000000	 1.000000	 11.383915
-64	 0.000000	 1.000000	 1.000000	 11.402080
-65	 0.000000	 1.000000	 1.000000	 11.414826
-64	 0.142857	 1.000000	 1.000000	 11.431878
-66	 0.000000	 1.000000	 1.000000	 11.638955
-60	 0.000000	 1.000000	 1.000000	 11.788310
-64	 0.000000	 1.000000	 1.000000	 11.808308
-66	 0.000000	 1.000000	 1.000000	 11.845318
-73	 0.005882	 1.000000	 1.000000	 12.270013
-73	 0.000000	 1.000000	 1.000000	 12.823710
-77	 0.060526	 0.889474	 0.892031	 16.155409
-77	 0.000000	 1.000000	 1.000000	 16.170382
-79	 0.000000	 1.000000	 1.000000	 16.185101
-79	 0.000000	 1.000000	 1.000000	 16.201448
-77	 0.000000	 1.000000	 1.000000	 16.216082
-78	 0.000000	 1.000000	 1.000000	 16.230915
-77	 0.000000	 1.000000	 1.000000	 16.245741
-78	 0.000000	 1.000000	 1.000000	 16.261005
-78	 0.000000	 1.000000	 1.000000	 16.274984
-78	 0.000000	 1.000000	 -nan	 16.290070
-75	 0.000000	 1.000000	 1.000000	 16.306149
-76	 0.000000	 1.000000	 1.000000	 16.320997
-78	 0.000000	 1.000000	 1.000000	 16.334772
-80	 0.000000	 1.000000	 1.000000	 16.350582
-79	 0.000000	 1.000000	 1.000000	 16.364447
-75	 0.000000	 1.000000	 1.000000	 16.382280
-74	 0.000000	 1.000000	 1.000000	 16.397005
-76	 0.000000	 1.000000	 1.000000	 16.414280
-78	 0.000000	 1.000000	 1.000000	 16.429119
-77	 0.000000	 1.000000	 1.000000	 16.443592
-73	 0.000000	 1.000000	 1.000000	 16.458685
-74	 0.000000	 1.000000	 1.000000	 16.473448
-74	 0.000000	 1.000000	 1.000000	 16.488482
-74	 0.000000	 1.000000	 1.000000	 16.503498
-75	 0.000000	 1.000000	 1.000000	 16.518433
-74	 0.000000	 1.000000	 1.000000	 16.533487
-74	 0.000000	 1.000000	 1.000000	 16.551207
-72	 0.000000	 1.000000	 1.000000	 16.565691
-73	 0.000000	 1.000000	 1.000000	 16.580297
-74	 0.000000	 1.000000	 1.000000	 16.595074
-73	 0.000000	 1.000000	 1.000000	 16.610506
-73	 0.000000	 1.000000	 1.000000	 16.626003
-72	 0.000000	 1.000000	 1.000000	 16.640688
-74	 0.000000	 1.000000	 1.000000	 16.655567
-73	 0.000000	 1.000000	 1.000000	 16.670235
-72	 0.000000	 1.000000	 1.000000	 16.685587
-72	 0.000000	 1.000000	 1.000000	 16.699579
-71	 0.000000	 1.000000	 1.000000	 16.716818
-72	 0.000000	 1.000000	 1.000000	 16.731768
-75	 0.000000	 1.000000	 1.000000	 16.747379
-75	 0.000000	 1.000000	 1.000000	 16.761326
-74	 0.000000	 1.000000	 1.000000	 16.776834
-73	 0.000000	 1.000000	 1.000000	 16.791122
-73	 0.000000	 1.000000	 1.000000	 16.806892
-75	 0.000000	 1.000000	 1.000000	 16.821905
-76	 0.000000	 1.000000	 1.000000	 16.836563
-76	 0.000000	 1.000000	 1.000000	 16.850954
-75	 0.000000	 1.000000	 1.000000	 16.866108
-75	 0.000000	 1.000000	 1.000000	 16.881268
-75	 0.000000	 1.000000	 1.000000	 16.895500
-76	 0.000000	 1.000000	 1.000000	 16.913130
-77	 0.000000	 1.000000	 1.000000	 16.927868
-77	 0.000000	 1.000000	 1.000000	 16.942299
-76	 0.000000	 1.000000	 1.000000	 16.957085
-75	 0.000000	 1.000000	 1.000000	 16.971622
-76	 0.000000	 1.000000	 1.000000	 16.986513
-76	 0.000000	 1.000000	 1.000000	 17.001490
-76	 0.000000	 1.000000	 1.000000	 17.018028
-76	 0.000000	 1.000000	 1.000000	 17.031359
-76	 0.000000	 1.000000	 1.000000	 17.046915
-74	 0.000000	 1.000000	 1.000000	 17.061581
-73	 0.000000	 1.000000	 1.000000	 17.077152
-73	 0.000000	 1.000000	 1.000000	 17.091307
-72	 0.000000	 1.000000	 1.000000	 17.106115
-71	 0.000000	 1.000000	 1.000000	 17.121140
-70	 0.000000	 1.000000	 1.000000	 17.136105
-72	 0.000000	 1.000000	 1.000000	 17.151253
-72	 0.000000	 1.000000	 1.000000	 17.166668
-74	 0.000000	 1.000000	 1.000000	 17.180801
-78	 0.000000	 1.000000	 1.000000	 17.197708
-79	 0.000000	 1.000000	 1.000000	 17.213490
-75	 0.000000	 1.000000	 1.000000	 17.229212
-75	 0.000000	 1.000000	 1.000000	 17.244144
-76	 0.000000	 1.000000	 1.000000	 17.259304
-76	 0.000000	 1.000000	 1.000000	 17.273647
-76	 0.000000	 1.000000	 -nan	 17.287676
-75	 0.000000	 1.000000	 1.000000	 17.302521
-75	 0.000000	 1.000000	 -nan	 17.316908
-75	 0.000000	 1.000000	 1.000000	 17.331669
-73	 0.000000	 1.000000	 1.000000	 17.345800
-74	 0.000000	 1.000000	 1.000000	 17.360914
-74	 0.000000	 1.000000	 1.000000	 17.375793
-75	 0.000000	 1.000000	 1.000000	 17.391197
-74	 0.000000	 1.000000	 1.000000	 17.405840
-70	 0.000000	 1.000000	 1.000000	 17.420816
-76	 0.000000	 1.000000	 1.000000	 17.436054
-74	 0.000000	 1.000000	 1.000000	 17.452728
-75	 0.000000	 1.000000	 1.000000	 17.467339
-76	 0.000000	 1.000000	 1.000000	 17.482632
-75	 0.000000	 1.000000	 1.000000	 17.500483
-74	 0.000000	 1.000000	 1.000000	 17.519798
-74	 0.000000	 1.000000	 1.000000	 17.534979
-76	 0.000000	 1.000000	 1.000000	 17.550489
-76	 0.000000	 1.000000	 1.000000	 17.564453
-75	 0.000000	 1.000000	 1.000000	 17.579388
-74	 0.000000	 1.000000	 1.000000	 17.594240
-75	 0.000000	 1.000000	 1.000000	 17.609129
-75	 0.000000	 1.000000	 1.000000	 17.625050
-76	 0.000000	 1.000000	 1.000000	 17.646961
-76	 0.000000	 1.000000	 1.000000	 17.662247
-77	 0.000000	 1.000000	 1.000000	 17.677603
-78	 0.000000	 1.000000	 1.000000	 17.695929
-77	 0.000000	 1.000000	 1.000000	 17.709316
-76	 0.000000	 1.000000	 1.000000	 17.727760
-77	 0.000000	 1.000000	 1.000000	 17.741974
-76	 0.000000	 1.000000	 1.000000	 17.765995
-74	 0.000000	 1.000000	 1.000000	 17.779549
-74	 0.000000	 1.000000	 1.000000	 17.793745
-76	 0.000000	 1.000000	 1.000000	 17.808735
-77	 0.000000	 1.000000	 1.000000	 17.823523
-77	 0.000000	 1.000000	 1.000000	 17.844009
-77	 0.000000	 1.000000	 1.000000	 17.858116
-77	 0.000000	 1.000000	 1.000000	 17.873697
-76	 0.000000	 1.000000	 1.000000	 17.895672
-76	 0.000000	 1.000000	 1.000000	 17.916561
-74	 0.000000	 1.000000	 1.000000	 17.935946
-73	 0.000000	 1.000000	 1.000000	 17.949818
-77	 0.000000	 1.000000	 1.000000	 17.968126
-78	 0.000000	 1.000000	 1.000000	 17.982437
-78	 0.000000	 1.000000	 1.000000	 17.997587
-75	 0.000000	 1.000000	 1.000000	 18.016317
-70	 0.000000	 1.000000	 1.000000	 18.036146
-74	 0.000000	 1.000000	 1.000000	 18.049770
-76	 0.000000	 1.000000	 1.000000	 18.068054
-75	 0.000000	 1.000000	 1.000000	 18.090841
-75	 0.000000	 1.000000	 1.000000	 18.103926
-73	 0.000000	 1.000000	 1.000000	 18.119425
-73	 0.000000	 1.000000	 1.000000	 18.133713
-73	 0.000000	 1.000000	 1.000000	 18.149212
-73	 0.000000	 1.000000	 1.000000	 18.172712
-74	 0.000000	 1.000000	 1.000000	 18.186501
-73	 0.000000	 1.000000	 1.000000	 18.205868
-72	 0.000000	 1.000000	 1.000000	 18.221054
-71	 0.000000	 1.000000	 1.000000	 18.243746
-73	 0.000000	 1.000000	 1.000000	 18.263704
-74	 0.000000	 1.000000	 1.000000	 18.279913
-74	 0.000000	 1.000000	 1.000000	 18.294937
-75	 0.000000	 1.000000	 1.000000	 18.310331
-73	 0.000000	 1.000000	 1.000000	 18.324715
-73	 0.000000	 1.000000	 1.000000	 18.343943
-76	 0.000000	 1.000000	 1.000000	 18.361399
-75	 0.000000	 1.000000	 1.000000	 18.375458
-75	 0.000000	 1.000000	 1.000000	 18.390013
-76	 0.000000	 1.000000	 1.000000	 18.407845
-77	 0.000000	 1.000000	 1.000000	 18.423613
-75	 0.000000	 1.000000	 1.000000	 18.438572
-74	 0.000000	 1.000000	 1.000000	 18.453758
-74	 0.000000	 1.000000	 1.000000	 18.468939
-74	 0.000000	 1.000000	 1.000000	 18.485979
-74	 0.000000	 1.000000	 1.000000	 18.501036
-74	 0.000000	 1.000000	 1.000000	 18.516325
-75	 0.000000	 1.000000	 1.000000	 18.530741
-75	 0.000000	 1.000000	 1.000000	 18.545038
-75	 0.000000	 1.000000	 1.000000	 18.562914
-72	 0.000000	 1.000000	 1.000000	 18.578121
-72	 0.000000	 1.000000	 1.000000	 18.593204
-73	 0.000000	 1.000000	 1.000000	 18.607830
-71	 0.000000	 1.000000	 1.000000	 18.625454
-70	 0.000000	 1.000000	 1.000000	 18.639368
-70	 0.000000	 1.000000	 1.000000	 18.654381
-70	 0.000000	 1.000000	 1.000000	 18.669451
-70	 0.000000	 1.000000	 1.000000	 18.683838
-71	 0.000000	 1.000000	 1.000000	 18.701620
-72	 0.000000	 1.000000	 1.000000	 18.716656
-73	 0.000000	 1.000000	 1.000000	 18.731630
-74	 0.000000	 1.000000	 1.000000	 18.746073
-74	 0.000000	 1.000000	 1.000000	 18.761887
-74	 0.000000	 1.000000	 1.000000	 18.776306
-74	 0.000000	 1.000000	 -nan	 18.799665
-76	 0.000000	 1.000000	 1.000000	 18.819996
-76	 0.000000	 1.000000	 1.000000	 18.843113
-75	 0.000000	 1.000000	 1.000000	 18.862167
-73	 0.000000	 1.000000	 1.000000	 18.880009
-72	 0.000000	 1.000000	 1.000000	 18.896168
-74	 0.000000	 1.000000	 1.000000	 18.911743
-75	 0.000000	 1.000000	 1.000000	 18.927500
-76	 0.000000	 1.000000	 1.000000	 18.941036
-78	 0.000000	 1.000000	 1.000000	 18.963814
-77	 0.000000	 1.000000	 1.000000	 18.978149
-75	 0.000000	 1.000000	 1.000000	 18.993155
-74	 0.125000	 1.000000	 1.000000	 19.012096
-72	 0.014706	 1.000000	 1.000000	 19.183363
-72	 0.004348	 1.000000	 1.000000	 19.763327
-47	 0.000000	 0.985163	 0.985455	 25.306709
-53	 0.250000	 1.000000	 1.000000	 25.322424
-53	 0.142857	 1.000000	 1.000000	 25.336712
-54	 0.250000	 1.000000	 1.000000	 25.352514
-54	 0.000000	 1.000000	 1.000000	 25.367683
-54	 0.000000	 1.000000	 1.000000	 25.381981
-54	 0.000000	 1.000000	 1.000000	 25.397076
-53	 0.000000	 1.000000	 1.000000	 25.412155
-52	 0.250000	 1.000000	 1.000000	 25.427446
-53	 0.400000	 1.000000	 1.000000	 25.444227
-53	 0.142857	 1.000000	 1.000000	 25.458920
-53	 0.000000	 1.000000	 1.000000	 25.473888
-54	 0.000000	 1.000000	 1.000000	 25.488762
-53	 0.000000	 1.000000	 1.000000	 25.504030
-53	 0.000000	 1.000000	 1.000000	 25.519869
-51	 0.000000	 1.000000	 1.000000	 25.533611
-52	 0.000000	 1.000000	 1.000000	 25.548794
-52	 0.000000	 1.000000	 1.000000	 25.563650
-52	 0.000000	 1.000000	 1.000000	 25.577627
-51	 0.000000	 1.000000	 1.000000	 25.592636
-51	 0.000000	 1.000000	 1.000000	 25.606661
-51	 0.000000	 1.000000	 1.000000	 25.622358
-52	 0.000000	 1.000000	 1.000000	 25.636759
-50	 0.000000	 1.000000	 1.000000	 25.652388
-51	 0.000000	 1.000000	 1.000000	 25.668489
-50	 0.000000	 1.000000	 1.000000	 25.682840
-51	 0.000000	 1.000000	 1.000000	 25.698124
-52	 0.000000	 1.000000	 1.000000	 25.714184
-52	 0.000000	 1.000000	 1.000000	 25.729675
-51	 0.000000	 1.000000	 1.000000	 25.743807
-52	 0.000000	 1.000000	 1.000000	 25.759977
-52	 0.000000	 1.000000	 1.000000	 25.774355
-52	 0.000000	 1.000000	 1.000000	 25.789354
-52	 0.000000	 1.000000	 1.000000	 25.804071
-52	 0.000000	 1.000000	 1.000000	 25.819481
-47	 0.000000	 1.000000	 1.000000	 25.835207
-46	 0.000000	 1.000000	 1.000000	 25.850084
-48	 0.000000	 1.000000	 1.000000	 25.864037
-47	 0.000000	 1.000000	 1.000000	 25.878851
-48	 0.000000	 1.000000	 1.000000	 25.893875
-50	 0.000000	 1.000000	 1.000000	 25.908222
-48	 0.000000	 1.000000	 1.000000	 25.924126
-49	 0.000000	 1.000000	 1.000000	 25.938393
-45	 0.000000	 1.000000	 1.000000	 25.954519
-46	 0.000000	 1.000000	 1.000000	 25.969023
-47	 0.000000	 1.000000	 1.000000	 25.983826
-46	 0.000000	 1.000000	 1.000000	 25.998791
-48	 0.000000	 1.000000	 1.000000	 26.014116
-49	 0.000000	 1.000000	 1.000000	 26.029486
-49	 0.000000	 1.000000	 1.000000	 26.045057
-53	 0.000000	 1.000000	 1.000000	 26.058926
-51	 0.000000	 1.000000	 1.000000	 26.074018
-52	 0.000000	 1.000000	 1.000000	 26.088934
-53	 0.000000	 1.000000	 1.000000	 26.103891
-55	 0.000000	 1.000000	 1.000000	 26.119219
-55	 0.000000	 1.000000	 1.000000	 26.133610
-54	 0.000000	 1.000000	 1.000000	 26.148651
-54	 0.000000	 1.000000	 1.000000	 26.163338
-51	 0.000000	 1.000000	 1.000000	 26.179630
-51	 0.000000	 1.000000	 1.000000	 26.199959
-51	 0.000000	 1.000000	 1.000000	 26.214752
-51	 0.000000	 1.000000	 1.000000	 26.233511
-52	 0.000000	 1.000000	 1.000000	 26.247614
-53	 0.000000	 1.000000	 1.000000	 26.262392
-53	 0.000000	 1.000000	 1.000000	 26.277218
-55	 0.000000	 1.000000	 1.000000	 26.291922
-54	 0.000000	 1.000000	 1.000000	 26.306890
-56	 0.000000	 1.000000	 1.000000	 26.326920
-54	 0.000000	 1.000000	 1.000000	 26.343285
-52	 0.000000	 1.000000	 1.000000	 26.358383
-53	 0.000000	 1.000000	 1.000000	 26.382734
-53	 0.000000	 1.000000	 1.000000	 26.398317
-55	 0.000000	 1.000000	 1.000000	 26.412407
-54	 0.000000	 1.000000	 1.000000	 26.427502
-56	 0.000000	 1.000000	 1.000000	 26.448126
-57	 0.000000	 1.000000	 1.000000	 26.462685
-57	 0.000000	 1.000000	 1.000000	 26.477100
-54	 0.000000	 1.000000	 1.000000	 26.493156
-55	 0.000000	 1.000000	 1.000000	 26.506964
-57	 0.000000	 1.000000	 1.000000	 26.524540
-58	 0.000000	 1.000000	 1.000000	 26.540136
-58	 0.000000	 1.000000	 1.000000	 26.554623
-59	 0.000000	 1.000000	 1.000000	 26.569370
-63	 0.000000	 1.000000	 1.000000	 26.584143
-63	 0.000000	 1.000000	 1.000000	 26.604483
-61	 0.000000	 1.000000	 1.000000	 26.620129
-61	 0.000000	 1.000000	 1.000000	 26.639763
-60	 0.000000	 1.000000	 1.000000	 26.655649
-61	 0.000000	 1.000000	 1.000000	 26.672163
-61	 0.000000	 1.000000	 1.000000	 26.690109
-63	 0.000000	 1.000000	 1.000000	 26.704082
-63	 0.000000	 1.000000	 1.000000	 26.720097
-56	 0.000000	 1.000000	 1.000000	 26.737328
-64	 0.000000	 1.000000	 1.000000	 26.751980
-63	 0.000000	 1.000000	 1.000000	 26.767311
-65	 0.000000	 1.000000	 1.000000	 26.783876
-67	 0.000000	 1.000000	 1.000000	 26.799894
-67	 0.000000	 1.000000	 1.000000	 26.818163
-66	 0.000000	 1.000000	 1.000000	 26.831615
-66	 0.000000	 1.000000	 1.000000	 26.847401
-65	 0.000000	 1.000000	 1.000000	 26.863754
-66	 0.000000	 1.000000	 1.000000	 26.878679
-66	 0.000000	 1.000000	 1.000000	 26.892099
-67	 0.000000	 1.000000	 1.000000	 26.908506
-68	 0.000000	 1.000000	 1.000000	 26.921057
-69	 0.000000	 1.000000	 1.000000	 26.935789
-71	 0.000000	 1.000000	 1.000000	 26.955624
-68	 0.000000	 1.000000	 1.000000	 26.975992
-68	 0.000000	 1.000000	 1.000000	 26.990887
-69	 0.000000	 1.000000	 1.000000	 27.005642
-69	 0.000000	 1.000000	 1.000000	 27.027473
-70	 0.000000	 1.000000	 1.000000	 27.042397
-70	 0.000000	 1.000000	 1.000000	 27.057581
-70	 0.000000	 1.000000	 1.000000	 27.072756
-69	 0.000000	 1.000000	 1.000000	 27.087105
-68	 0.000000	 1.000000	 1.000000	 27.101364
-69	 0.000000	 1.000000	 1.000000	 27.119345
-70	 0.000000	 1.000000	 1.000000	 27.136465
-71	 0.000000	 1.000000	 1.000000	 27.161369
-73	 0.000000	 1.000000	 1.000000	 27.180035
-73	 0.000000	 1.000000	 1.000000	 27.194618
-74	 0.000000	 1.000000	 1.000000	 27.209887
-73	 0.000000	 1.000000	 1.000000	 27.225403
-72	 0.000000	 1.000000	 1.000000	 27.243032
-72	 0.000000	 1.000000	 1.000000	 27.257244
-72	 0.000000	 1.000000	 1.000000	 27.276445
-72	 0.000000	 1.000000	 1.000000	 27.293373
-72	 0.000000	 1.000000	 1.000000	 27.307589
-74	 0.000000	 1.000000	 1.000000	 27.321072
-74	 0.000000	 1.000000	 1.000000	 27.335175
-73	 0.000000	 1.000000	 1.000000	 27.363708
-72	 0.000000	 1.000000	 1.000000	 27.379120
-72	 0.000000	 1.000000	 1.000000	 27.399183
-72	 0.000000	 1.000000	 1.000000	 27.420092
-71	 0.000000	 1.000000	 1.000000	 27.436502
-68	 0.000000	 1.000000	 1.000000	 27.452015
-66	 0.000000	 1.000000	 1.000000	 27.471699
-68	 0.000000	 1.000000	 1.000000	 27.491909
-68	 0.000000	 1.000000	 1.000000	 27.507858
-69	 0.000000	 1.000000	 1.000000	 27.522209
-68	 0.000000	 1.000000	 1.000000	 27.537601
-67	 0.000000	 1.000000	 1.000000	 27.552807
-68	 0.000000	 1.000000	 1.000000	 27.567389
-72	 0.000000	 1.000000	 1.000000	 28.880924
-72	 0.000000	 1.000000	 1.000000	 28.895864
-72	 0.000000	 1.000000	 1.000000	 28.910877
-72	 0.000000	 1.000000	 1.000000	 28.925831
-74	 0.000000	 1.000000	 1.000000	 28.940805
-73	 0.000000	 1.000000	 1.000000	 28.956587
-73	 0.000000	 1.000000	 1.000000	 28.971228
-74	 0.000000	 1.000000	 1.000000	 28.986023
-74	 0.000000	 1.000000	 1.000000	 29.001587
-73	 0.000000	 1.000000	 1.000000	 29.019575
-73	 0.000000	 1.000000	 1.000000	 29.033432
-73	 0.000000	 1.000000	 1.000000	 29.051600
-71	 0.000000	 1.000000	 1.000000	 29.066259
-72	 0.000000	 1.000000	 1.000000	 29.081030
-73	 0.000000	 1.000000	 1.000000	 29.095972
-73	 0.000000	 1.000000	 1.000000	 29.111895
-74	 0.000000	 1.000000	 1.000000	 29.126457
-75	 0.000000	 1.000000	 1.000000	 29.140707
-74	 0.000000	 1.000000	 1.000000	 29.156738
-72	 0.000000	 1.000000	 1.000000	 29.173664
-72	 0.000000	 1.000000	 1.000000	 29.188841
-73	 0.000000	 1.000000	 1.000000	 29.203451
-73	 0.000000	 1.000000	 1.000000	 29.218138
-73	 0.000000	 1.000000	 1.000000	 29.233135
-72	 0.000000	 1.000000	 1.000000	 29.248146
-73	 0.000000	 1.000000	 1.000000	 29.263405
-74	 0.000000	 1.000000	 1.000000	 29.278172
-76	 0.000000	 1.000000	 1.000000	 29.293118
-76	 0.000000	 1.000000	 1.000000	 29.307470
-75	 0.000000	 1.000000	 1.000000	 29.322643
-76	 0.000000	 1.000000	 1.000000	 29.337366
-76	 0.000000	 1.000000	 1.000000	 29.352364
-76	 0.000000	 1.000000	 1.000000	 29.367939
-75	 0.000000	 1.000000	 1.000000	 29.382833
-74	 0.000000	 1.000000	 1.000000	 29.398043
-73	 0.000000	 1.000000	 1.000000	 29.413519
-72	 0.000000	 1.000000	 1.000000	 29.428402
-71	 0.000000	 1.000000	 1.000000	 29.442734
-72	 0.000000	 1.000000	 1.000000	 29.457636
-73	 0.000000	 1.000000	 1.000000	 29.473093
-74	 0.000000	 1.000000	 1.000000	 29.488049
-67	 0.000000	 1.000000	 1.000000	 29.502983
-73	 0.000000	 1.000000	 1.000000	 29.517668
-74	 0.000000	 1.000000	 1.000000	 29.535110
-77	 0.000000	 1.000000	 1.000000	 29.549763
-73	 0.000000	 1.000000	 1.000000	 29.567921
-78	 0.000000	 1.000000	 1.000000	 29.582853
-78	 0.000000	 1.000000	 1.000000	 29.597479
-77	 0.000000	 1.000000	 1.000000	 29.612610
-71	 0.000000	 1.000000	 1.000000	 29.628136
-74	 0.000000	 1.000000	 1.000000	 29.642059
-73	 0.000000	 1.000000	 1.000000	 29.657187
-72	 0.000000	 1.000000	 1.000000	 29.672989
-72	 0.000000	 1.000000	 1.000000	 29.687490
-73	 0.000000	 1.000000	 1.000000	 29.702122
-76	 0.000000	 1.000000	 1.000000	 29.718237
-75	 0.000000	 1.000000	 1.000000	 29.732889
-74	 0.000000	 1.000000	 1.000000	 29.747332
-74	 0.000000	 1.000000	 1.000000	 29.762432
-73	 0.000000	 1.000000	 1.000000	 29.778059
-75	 0.000000	 1.000000	 1.000000	 29.792807
-75	 0.000000	 1.000000	 1.000000	 29.807076
-75	 0.000000	 1.000000	 1.000000	 29.822840
-77	 0.000000	 1.000000	 1.000000	 29.837496
-79	 0.000000	 1.000000	 1.000000	 29.852144
-75	 0.000000	 1.000000	 1.000000	 29.873974
-69	 0.000000	 1.000000	 1.000000	 29.882097
-73	 0.000000	 1.000000	 1.000000	 29.897516
-71	 0.000000	 1.000000	 1.000000	 29.912947
-76	 0.000000	 1.000000	 1.000000	 29.928240
-76	 0.000000	 1.000000	 1.000000	 29.942257
-76	 0.000000	 1.000000	 1.000000	 29.957273
-75	 0.000000	 1.000000	 1.000000	 29.971769
-74	 0.000000	 1.000000	 1.000000	 29.986727
-75	 0.000000	 1.000000	 1.000000	 30.002045
-76	 0.000000	 1.000000	 1.000000	 30.020054
-77	 0.000000	 1.000000	 1.000000	 30.034777
-76	 0.000000	 1.000000	 1.000000	 30.049433
-76	 0.000000	 1.000000	 1.000000	 30.064505
-75	 0.000000	 1.000000	 1.000000	 30.078781
-74	 0.000000	 1.000000	 1.000000	 30.094084
-74	 0.000000	 1.000000	 1.000000	 30.109163
-74	 0.000000	 1.000000	 1.000000	 30.123714
-75	 0.000000	 1.000000	 1.000000	 30.138952
-74	 0.000000	 1.000000	 1.000000	 30.153816
-75	 0.000000	 1.000000	 1.000000	 30.168839
-77	 0.000000	 1.000000	 1.000000	 30.183441
-79	 0.000000	 1.000000	 1.000000	 30.198429
-79	 0.000000	 1.000000	 1.000000	 30.214367
-77	 0.000000	 1.000000	 1.000000	 30.229847
-77	 0.000000	 1.000000	 1.000000	 30.244576
-76	 0.000000	 1.000000	 1.000000	 30.259993
-77	 0.000000	 1.000000	 1.000000	 30.274796
-75	 0.000000	 1.000000	 1.000000	 30.290016
-75	 0.000000	 1.000000	 -nan	 30.309736
-76	 0.000000	 1.000000	 1.000000	 30.332209
-75	 0.000000	 1.000000	 1.000000	 30.352230
-75	 0.000000	 1.000000	 1.000000	 30.365938
-77	 0.000000	 1.000000	 1.000000	 30.388075
-75	 0.000000	 1.000000	 1.000000	 30.408148
-75	 0.000000	 1.000000	 1.000000	 30.428139
-76	 0.000000	 1.000000	 1.000000	 30.441145
-77	 0.000000	 1.000000	 1.000000	 30.456507
-76	 0.000000	 1.000000	 1.000000	 30.472013
-77	 0.000000	 1.000000	 1.000000	 30.492281
-75	 0.000000	 1.000000	 1.000000	 30.507868
-73	 0.000000	 1.000000	 1.000000	 30.527018
-73	 0.000000	 1.000000	 1.000000	 30.544582
-76	 0.000000	 1.000000	 1.000000	 30.558619
-78	 0.000000	 1.000000	 1.000000	 30.575480
-78	 0.000000	 1.000000	 1.000000	 30.596172
-77	 0.000000	 1.000000	 1.000000	 30.613083
-77	 0.000000	 1.000000	 1.000000	 30.627148
-77	 0.000000	 1.000000	 1.000000	 30.642101
-77	 0.000000	 1.000000	 1.000000	 30.657166
-76	 0.000000	 1.000000	 1.000000	 30.671946
-74	 0.000000	 1.000000	 1.000000	 30.688065
-74	 0.000000	 1.000000	 1.000000	 30.701864
-74	 0.000000	 1.000000	 1.000000	 30.720028
-74	 0.000000	 1.000000	 1.000000	 30.736795
-74	 0.000000	 1.000000	 1.000000	 30.752247
-73	 0.000000	 1.000000	 1.000000	 30.771935
-73	 0.000000	 1.000000	 1.000000	 30.796047
-74	 0.000000	 1.000000	 1.000000	 30.808908
-74	 0.000000	 1.000000	 1.000000	 30.827852
-74	 0.000000	 1.000000	 1.000000	 30.846676
-76	 0.000000	 1.000000	 1.000000	 30.863737
-75	 0.000000	 1.000000	 1.000000	 30.878736
-76	 0.000000	 1.000000	 1.000000	 30.893196
-76	 0.000000	 1.000000	 1.000000	 30.909300
-75	 0.000000	 1.000000	 1.000000	 30.923363
-74	 0.000000	 1.000000	 1.000000	 30.938089
-74	 0.000000	 1.000000	 1.000000	 30.956242
-77	 0.000000	 1.000000	 1.000000	 30.972628
-77	 0.000000	 1.000000	 1.000000	 30.986906
-76	 0.000000	 1.000000	 1.000000	 31.007502
-77	 0.000000	 1.000000	 1.000000	 31.024046
-77	 0.000000	 1.000000	 1.000000	 31.044104
-76	 0.000000	 1.000000	 1.000000	 31.060068
-75	 0.000000	 1.000000	 1.000000	 31.073465
-77	 0.000000	 1.000000	 1.000000	 31.091902
-78	 0.000000	 1.000000	 1.000000	 31.106180
-78	 0.000000	 1.000000	 1.000000	 31.128086
-77	 0.000000	 1.000000	 1.000000	 31.143229
-76	 0.000000	 1.000000	 1.000000	 31.158033
-76	 0.000000	 1.000000	 1.000000	 31.179380
-77	 0.000000	 1.000000	 1.000000	 31.196039
-76	 0.000000	 1.000000	 1.000000	 31.211809
-75	 0.000000	 1.000000	 1.000000	 31.231441
-74	 0.000000	 1.000000	 1.000000	 31.247011
-73	 0.000000	 1.000000	 1.000000	 31.263420
-73	 0.000000	 1.000000	 1.000000	 31.276463
-74	 0.000000	 1.000000	 1.000000	 31.290993
-77	 0.000000	 1.000000	 1.000000	 31.307661
-78	 0.000000	 1.000000	 1.000000	 31.328308
-78	 0.000000	 1.000000	 1.000000	 31.346052
-79	 0.000000	 1.000000	 1.000000	 31.364264
-77	 0.000000	 1.000000	 1.000000	 31.384539
-77	 0.000000	 1.000000	 1.000000	 31.398104
-77	 0.000000	 1.000000	 1.000000	 31.414648
-77	 0.000000	 1.000000	 1.000000	 31.429092
-77	 0.000000	 1.000000	 1.000000	 31.442856
-79	 0.000000	 1.000000	 1.000000	 31.459898
-77	 0.000000	 1.000000	 1.000000	 31.474688
-78	 0.000000	 1.000000	 1.000000	 31.488937
-78	 0.000000	 1.000000	 1.000000	 31.504097
-77	 0.000000	 1.000000	 1.000000	 31.519070
-79	 0.000000	 1.000000	 1.000000	 31.536419
-76	 0.000000	 1.000000	 1.000000	 31.551849
-79	 0.000000	 1.000000	 1.000000	 31.567417
-80	 0.000000	 1.000000	 1.000000	 31.588150
-80	 0.000000	 1.000000	 1.000000	 31.611441
-79	 0.000000	 1.000000	 1.000000	 31.627970
-78	 0.000000	 1.000000	 1.000000	 31.642622
-79	 0.000000	 1.000000	 1.000000	 31.663401
-81	 0.000000	 1.000000	 1.000000	 31.681091
-81	 0.000000	 1.000000	 1.000000	 31.700197
-82	 0.000000	 1.000000	 1.000000	 31.719803
-81	 0.000000	 1.000000	 1.000000	 31.739378
-77	 0.000000	 1.000000	 1.000000	 31.756195
-79	 0.000000	 1.000000	 1.000000	 31.775528
-76	 0.000000	 1.000000	 1.000000	 31.791975
-77	 0.000000	 1.000000	 1.000000	 31.811577
-80	 0.000000	 1.000000	 1.000000	 31.824978
-77	 0.000000	 1.000000	 1.000000	 31.843418
-79	 0.000000	 1.000000	 1.000000	 31.860146
-78	 0.000000	 1.000000	 1.000000	 31.876020
-78	 0.000000	 1.000000	 1.000000	 31.900307
-79	 0.000000	 1.000000	 1.000000	 31.924484
-82	 0.000000	 1.000000	 1.000000	 31.943962
-81	 0.000000	 1.000000	 1.000000	 31.960966
-80	 0.000000	 1.000000	 1.000000	 31.979982
-79	 0.000000	 1.000000	 1.000000	 31.995478
-77	 0.000000	 1.000000	 1.000000	 32.016956
-78	 0.000000	 1.000000	 1.000000	 32.032616
-80	 0.000000	 1.000000	 1.000000	 32.045967
-80	 0.000000	 1.000000	 1.000000	 32.068024
-79	 0.000000	 1.000000	 1.000000	 32.081455
-78	 0.000000	 1.000000	 1.000000	 32.096630
-79	 0.000000	 1.000000	 1.000000	 32.116062
-78	 0.000000	 1.000000	 1.000000	 32.130527
-77	 0.000000	 1.000000	 1.000000	 32.152256
-76	 0.000000	 1.000000	 1.000000	 32.166573
-77	 0.000000	 1.000000	 1.000000	 32.181080
-79	 0.000000	 1.000000	 1.000000	 32.203934
-79	 0.000000	 1.000000	 1.000000	 32.226391
-79	 0.000000	 1.000000	 1.000000	 32.251869
-74	 0.000000	 1.000000	 1.000000	 32.266998
-79	 0.000000	 1.000000	 1.000000	 32.300114
-78	 0.000000	 1.000000	 1.000000	 32.316120
-78	 0.000000	 1.000000	 1.000000	 32.330997
-78	 0.000000	 1.000000	 1.000000	 32.356430
-78	 0.000000	 1.000000	 1.000000	 32.385788
-79	 0.000000	 1.000000	 1.000000	 32.400326
-80	 0.000000	 1.000000	 1.000000	 32.417427
-81	 0.000000	 1.000000	 1.000000	 32.433876
-81	 0.000000	 1.000000	 1.000000	 32.456467
-78	 0.000000	 1.000000	 1.000000	 32.476093
-78	 0.000000	 1.000000	 1.000000	 32.490498
-76	 0.000000	 1.000000	 1.000000	 32.504112
-76	 0.000000	 1.000000	 1.000000	 32.519768
-76	 0.000000	 1.000000	 1.000000	 32.533878
-77	 0.000000	 1.000000	 1.000000	 32.552372
-78	 0.000000	 1.000000	 1.000000	 32.566414
-79	 0.000000	 1.000000	 1.000000	 32.582218
-78	 0.000000	 1.000000	 1.000000	 32.596233
-77	 0.000000	 1.000000	 1.000000	 32.611156
-79	 0.000000	 1.000000	 1.000000	 32.626751
-77	 0.000000	 1.000000	 1.000000	 32.643467
-78	 0.000000	 1.000000	 1.000000	 32.657990
-80	 0.000000	 1.000000	 1.000000	 32.674831
-79	 0.000000	 1.000000	 1.000000	 32.692139
-77	 0.000000	 1.000000	 1.000000	 32.714668
-77	 0.000000	 1.000000	 1.000000	 32.728004
-78	 0.000000	 1.000000	 1.000000	 32.746239
-77	 0.000000	 1.000000	 1.000000	 32.767761
-77	 0.000000	 1.000000	 1.000000	 32.783077
-78	 0.000000	 1.000000	 1.000000	 32.797817
-79	 0.000000	 1.000000	 1.000000	 32.812492
-76	 0.000000	 1.000000	 1.000000	 32.831406
-76	 0.000000	 1.000000	 1.000000	 32.844036
-78	 0.000000	 1.000000	 1.000000	 32.859028
-75	 0.000000	 1.000000	 1.000000	 32.876064
-75	 0.000000	 1.000000	 1.000000	 32.896034
-78	 0.000000	 1.000000	 1.000000	 32.910625
-80	 0.000000	 1.000000	 1.000000	 32.927734
-77	 0.000000	 1.000000	 1.000000	 32.945408
-79	 0.000000	 1.000000	 1.000000	 32.967098
-79	 0.000000	 1.000000	 1.000000	 32.980762
-77	 0.000000	 1.000000	 1.000000	 33.000130
-75	 0.000000	 1.000000	 1.000000	 33.014843
-78	 0.000000	 1.000000	 1.000000	 33.031982
-77	 0.000000	 1.000000	 1.000000	 33.044712
-75	 0.000000	 1.000000	 1.000000	 33.068146
-72	 0.000000	 1.000000	 1.000000	 33.085716
-77	 0.000000	 1.000000	 1.000000	 33.100334
-78	 0.100000	 1.000000	 1.000000	 33.124081
-79	 0.053571	 1.000000	 1.000000	 33.267326
