-22	 0.989286	 1.000000	 1.000000	 0.220802
-24	 0.978629	 1.000000	 1.000000	 1.466563
-26	 0.987395	 1.000000	 1.000000	 1.625314
-26	 0.992248	 1.000000	 1.000000	 1.874745
-29	 0.990164	 1.000000	 1.000000	 2.168512
-29	 0.993197	 1.000000	 1.000000	 2.451174
-33	 0.993658	 1.000000	 1.000000	 2.828730
-32	 0.988679	 1.000000	 1.000000	 3.029731
-31	 0.958333	 1.000000	 1.000000	 3.074915
-33	 0.986175	 1.000000	 1.000000	 3.209302
-33	 0.986425	 1.000000	 1.000000	 3.347753
-33	 0.971429	 1.000000	 1.000000	 3.414286
-37	 0.988785	 1.000000	 1.000000	 3.583301
-34	 0.990991	 1.000000	 1.000000	 3.868393
-46	 0.990491	 1.000000	 1.000000	 4.101639
-39	 0.991404	 1.000000	 1.000000	 4.399510
-41	 0.987421	 1.000000	 1.000000	 4.550441
-44	 0.980645	 1.000000	 1.000000	 4.650536
-43	 0.986547	 1.000000	 1.000000	 4.792031
-41	 0.956522	 1.000000	 1.000000	 4.838102
-39	 0.976000	 1.000000	 1.000000	 4.919524
-39	 0.986270	 1.000000	 1.000000	 5.056136
-41	 0.989950	 1.000000	 1.000000	 5.237194
-43	 0.982906	 1.000000	 1.000000	 5.353739
-41	 0.976821	 1.000000	 1.000000	 5.445932
-43	 0.993407	 1.000000	 1.000000	 5.749156
-44	 0.963636	 1.000000	 1.000000	 5.906013
-43	 0.990654	 1.000000	 1.000000	 6.114160
-45	 0.988971	 1.000000	 1.000000	 6.278117
-45	 0.990461	 1.000000	 1.000000	 6.469683
-46	 0.981788	 1.000000	 1.000000	 7.265041
-49	 0.991925	 1.000000	 1.000000	 7.508191
-45	 0.976744	 1.000000	 1.000000	 7.593286
-49	 0.952756	 1.000000	 1.000000	 7.636974
-54	 0.984293	 1.000000	 1.000000	 7.755721
-51	 0.960526	 1.000000	 1.000000	 7.805086
-45	 0.993159	 1.000000	 1.000000	 8.076181
-46	 0.987903	 1.000000	 1.000000	 8.234231
-46	 0.981982	 1.000000	 1.000000	 8.340979
-51	 0.984848	 1.000000	 1.000000	 8.470368
-52	 0.988462	 1.000000	 1.000000	 8.639060
-50	 0.985646	 1.000000	 1.000000	 8.772712
-49	 0.954198	 1.000000	 1.000000	 8.815425
-49	 0.954887	 1.000000	 1.000000	 8.859375
-53	 0.987234	 1.000000	 1.000000	 9.006848
-52	 0.935484	 1.000000	 1.000000	 9.037464
-50	 0.984169	 1.000000	 1.000000	 9.160337
-52	 0.986928	 1.000000	 1.000000	 9.307806
-51	 0.984733	 1.000000	 1.000000	 9.434567
-54	 0.962963	 1.000000	 1.000000	 9.489121
-51	 0.987780	 1.000000	 1.000000	 9.646057
-51	 0.981651	 1.000000	 1.000000	 9.747365
-54	 0.986900	 1.000000	 1.000000	 9.897761
-55	 0.978339	 1.000000	 1.000000	 9.987476
-55	 0.976190	 1.000000	 1.000000	 10.069092
-53	 0.984496	 1.000000	 1.000000	 10.192764
-53	 0.986637	 1.000000	 1.000000	 10.333917
-53	 0.974684	 1.000000	 1.000000	 10.412811
-53	 0.975309	 1.000000	 1.000000	 10.490824
-58	 0.984694	 1.000000	 1.000000	 10.614691
-58	 0.973913	 1.000000	 1.000000	 10.689975
-62	 0.980198	 1.000000	 1.000000	 10.788827
-56	 0.967742	 1.000000	 1.000000	 10.850047
-55	 0.986079	 1.000000	 1.000000	 10.991483
-59	 0.983240	 1.000000	 1.000000	 11.106650
-56	 0.980263	 1.000000	 1.000000	 11.207071
-58	 0.976378	 1.000000	 1.000000	 11.289651
-60	 0.982558	 1.000000	 1.000000	 11.401475
-67	 0.993684	 1.000000	 1.000000	 11.702695
-59	 0.983379	 1.000000	 1.000000	 11.822674
-58	 0.949153	 1.000000	 1.000000	 11.861412
-60	 0.989967	 1.000000	 1.000000	 12.056343
-57	 0.978182	 1.000000	 1.000000	 12.147598
-56	 0.985294	 1.000000	 1.000000	 12.282445
-61	 0.967192	 1.000000	 1.000000	 12.533811
-63	 0.959391	 1.000000	 1.000000	 12.600146
-66	 0.968254	 1.000000	 1.000000	 12.661947
-65	 0.958333	 1.000000	 1.000000	 12.710141
-64	 0.333333	 1.000000	 1.000000	 12.730235
-62	 0.250000	 1.000000	 -nan	 12.761219
-67	 0.250000	 1.000000	 -nan	 12.770334
-68	 0.828571	 1.000000	 1.000000	 12.784249
-67	 0.857143	 1.000000	 1.000000	 12.799384
-66	 0.500000	 1.000000	 1.000000	 12.806209
-65	 0.250000	 1.000000	 1.000000	 12.846127
-66	 0.000000	 1.000000	 -nan	 12.901356
-68	 0.000000	 1.000000	 -nan	 12.951366
-66	 0.000000	 1.000000	 -nan	 12.999412
-67	 0.000000	 1.000000	 -nan	 13.045883
-74	 0.000000	 1.000000	 -nan	 13.095800
-69	 0.000000	 1.000000	 1.000000	 13.152816
-69	 0.000000	 1.000000	 1.000000	 13.200498
-73	 0.000000	 1.000000	 1.000000	 13.249379
-74	 0.000000	 1.000000	 1.000000	 13.300590
-74	 0.000000	 1.000000	 1.000000	 13.347573
-75	 0.000000	 1.000000	 1.000000	 13.396536
-77	 0.000000	 1.000000	 1.000000	 13.447779
-76	 0.000000	 1.000000	 1.000000	 13.497196
-73	 0.000000	 1.000000	 1.000000	 13.548272
-75	 0.000000	 1.000000	 1.000000	 13.594578
-72	 0.000000	 1.000000	 1.000000	 13.610935
-72	 0.000000	 1.000000	 1.000000	 13.625722
-73	 0.000000	 1.000000	 1.000000	 13.640676
-74	 0.000000	 1.000000	 1.000000	 13.656767
-74	 0.000000	 1.000000	 1.000000	 13.671450
-74	 0.000000	 1.000000	 1.000000	 13.686480
-74	 0.000000	 1.000000	 1.000000	 13.701842
-75	 0.000000	 1.000000	 1.000000	 13.716100
-74	 0.000000	 1.000000	 1.000000	 13.731102
-74	 0.000000	 1.000000	 1.000000	 13.747087
-75	 0.000000	 1.000000	 1.000000	 13.761796
-75	 0.000000	 1.000000	 1.000000	 13.775822
-75	 0.000000	 1.000000	 1.000000	 13.791198
-75	 0.000000	 1.000000	 -nan	 13.805465
-78	 0.000000	 1.000000	 1.000000	 13.820983
-78	 0.000000	 1.000000	 -nan	 13.836904
-78	 0.000000	 1.000000	 1.000000	 13.859055
-78	 0.000000	 1.000000	 -nan	 13.873000
-76	 0.000000	 1.000000	 1.000000	 13.888725
-78	 0.000000	 1.000000	 1.000000	 13.904067
-79	 0.000000	 1.000000	 1.000000	 13.918725
-77	 0.000000	 1.000000	 1.000000	 13.934742
-77	 0.000000	 1.000000	 1.000000	 13.950140
-76	 0.000000	 1.000000	 1.000000	 13.964625
-75	 0.000000	 1.000000	 1.000000	 13.979439
-73	 0.000000	 1.000000	 1.000000	 13.994547
-73	 0.000000	 1.000000	 1.000000	 14.009778
-73	 0.000000	 1.000000	 1.000000	 14.024365
-74	 0.000000	 1.000000	 1.000000	 14.040307
-74	 0.000000	 1.000000	 1.000000	 14.055584
-74	 0.000000	 1.000000	 1.000000	 14.069807
-73	 0.000000	 1.000000	 1.000000	 14.084662
-75	 0.000000	 1.000000	 1.000000	 14.105471
-76	 0.000000	 1.000000	 1.000000	 14.120304
-75	 0.000000	 1.000000	 1.000000	 14.134965
-74	 0.000000	 1.000000	 1.000000	 14.149550
-75	 0.000000	 1.000000	 1.000000	 14.164558
-73	 0.000000	 1.000000	 1.000000	 14.179996
-75	 0.000000	 1.000000	 1.000000	 14.195653
-74	 0.000000	 1.000000	 1.000000	 14.210399
-73	 0.000000	 1.000000	 1.000000	 14.225491
-72	 0.000000	 1.000000	 1.000000	 14.243014
-71	 0.000000	 1.000000	 1.000000	 14.258066
-72	 0.000000	 1.000000	 1.000000	 14.273069
-72	 0.000000	 1.000000	 1.000000	 14.287997
-73	 0.000000	 1.000000	 1.000000	 14.302765
-72	 0.000000	 1.000000	 1.000000	 14.317855
-69	 0.000000	 1.000000	 1.000000	 14.332817
-72	 0.000000	 1.000000	 1.000000	 14.347569
-70	 0.000000	 1.000000	 1.000000	 14.363558
-71	 0.000000	 1.000000	 1.000000	 14.381498
-72	 0.000000	 1.000000	 1.000000	 14.395332
-74	 0.000000	 1.000000	 1.000000	 14.411262
-74	 0.000000	 1.000000	 1.000000	 14.425906
-72	 0.000000	 1.000000	 1.000000	 14.440533
-72	 0.000000	 1.000000	 1.000000	 14.455715
-71	 0.000000	 1.000000	 1.000000	 14.471627
-71	 0.000000	 1.000000	 1.000000	 14.485849
-73	 0.000000	 1.000000	 1.000000	 14.503092
-72	 0.000000	 1.000000	 1.000000	 14.517036
-73	 0.000000	 1.000000	 1.000000	 14.535102
-74	 0.000000	 1.000000	 1.000000	 14.553022
-73	 0.000000	 1.000000	 1.000000	 14.567599
-71	 0.000000	 1.000000	 1.000000	 14.582242
-66	 0.000000	 1.000000	 1.000000	 14.597394
-72	 0.000000	 1.000000	 1.000000	 14.612686
-73	 0.000000	 1.000000	 1.000000	 14.630414
-76	 0.000000	 1.000000	 1.000000	 14.643628
-76	 0.000000	 1.000000	 1.000000	 14.660446
-74	 0.000000	 1.000000	 1.000000	 14.673398
-72	 0.000000	 1.000000	 1.000000	 14.689121
-71	 0.000000	 1.000000	 1.000000	 14.704361
-73	 0.000000	 1.000000	 1.000000	 14.719754
-75	 0.000000	 1.000000	 1.000000	 14.733495
-74	 0.000000	 1.000000	 1.000000	 14.750496
-72	 0.000000	 1.000000	 1.000000	 14.767612
-74	 0.000000	 1.000000	 1.000000	 14.785300
-75	 0.000000	 1.000000	 1.000000	 14.800234
-74	 0.000000	 1.000000	 1.000000	 14.815804
-72	 0.000000	 1.000000	 1.000000	 14.831400
-73	 0.000000	 1.000000	 1.000000	 14.845664
-75	 0.000000	 1.000000	 1.000000	 14.861260
-79	 0.000000	 1.000000	 1.000000	 14.876469
-75	 0.000000	 1.000000	 1.000000	 14.892971
-78	 0.000000	 1.000000	 1.000000	 14.907494
-77	 0.000000	 1.000000	 1.000000	 14.923355
-75	 0.000000	 1.000000	 1.000000	 14.938121
-76	 0.000000	 1.000000	 1.000000	 14.953883
-74	 0.000000	 1.000000	 1.000000	 14.968716
-74	 0.000000	 1.000000	 1.000000	 14.982953
-77	 0.000000	 1.000000	 1.000000	 14.998510
-76	 0.000000	 1.000000	 1.000000	 15.014017
-77	 0.000000	 1.000000	 1.000000	 15.031599
-79	 0.000000	 1.000000	 1.000000	 15.050052
-77	 0.000000	 1.000000	 1.000000	 15.066027
-76	 0.000000	 1.000000	 1.000000	 15.081067
-74	 0.000000	 1.000000	 1.000000	 15.095387
-72	 0.000000	 1.000000	 1.000000	 15.110820
-76	 0.000000	 1.000000	 1.000000	 15.131695
-77	 0.000000	 1.000000	 1.000000	 15.145801
-77	 0.000000	 1.000000	 1.000000	 15.162843
-75	 0.000000	 1.000000	 1.000000	 15.178259
-75	 0.000000	 1.000000	 1.000000	 15.193597
-75	 0.000000	 1.000000	 1.000000	 15.212965
-76	 0.000000	 1.000000	 1.000000	 15.227525
-76	 0.000000	 1.000000	 1.000000	 15.243637
-77	 0.000000	 1.000000	 1.000000	 15.259938
-76	 0.000000	 1.000000	 1.000000	 15.274583
-77	 0.000000	 1.000000	 1.000000	 15.288531
-77	 0.000000	 1.000000	 1.000000	 15.309502
-77	 0.000000	 1.000000	 1.000000	 15.332279
-77	 0.000000	 1.000000	 1.000000	 15.346406
-75	 0.000000	 1.000000	 1.000000	 15.361382
-76	 0.000000	 1.000000	 1.000000	 15.377224
-78	 0.000000	 1.000000	 1.000000	 15.391379
-77	 0.000000	 1.000000	 1.000000	 15.406548
-76	 0.000000	 -17.500000	 -0.520548	 17.261545
-62	 0.000000	 1.000000	 1.000000	 19.218714
-62	 0.000000	 1.000000	 1.000000	 19.235474
-63	 0.000000	 1.000000	 1.000000	 19.251247
-66	 0.142857	 1.000000	 1.000000	 19.268326
-66	 0.739130	 1.000000	 1.000000	 19.293934
-66	 0.900000	 1.000000	 1.000000	 19.326159
-67	 0.842105	 1.000000	 1.000000	 19.343321
-66	 0.684211	 1.000000	 1.000000	 19.357637
-65	 0.454545	 1.000000	 1.000000	 19.372566
-64	 0.924051	 1.000000	 1.000000	 19.400942
-66	 0.972350	 1.000000	 1.000000	 19.604784
-64	 0.944444	 1.000000	 1.000000	 19.642405
-67	 0.400000	 1.000000	 1.000000	 19.653681
-64	 0.500000	 1.000000	 1.000000	 19.661999
-62	 0.953846	 1.000000	 1.000000	 19.705252
-63	 0.750000	 1.000000	 1.000000	 19.727648
-62	 0.454545	 1.000000	 1.000000	 19.733980
-64	 0.925000	 1.000000	 1.000000	 19.891960
-65	 0.860465	 1.000000	 -nan	 19.925417
-67	 0.985748	 1.000000	 1.000000	 20.264578
-65	 0.928571	 1.000000	 1.000000	 20.373720
-65	 0.000000	 1.000000	 1.000000	 20.411806
-65	 0.714286	 1.000000	 1.000000	 20.424303
-65	 0.727273	 1.000000	 1.000000	 20.432938
-67	 0.793103	 1.000000	 1.000000	 20.446400
-66	 0.681818	 1.000000	 -nan	 20.456520
-67	 0.833333	 1.000000	 1.000000	 20.608671
-67	 0.000000	 1.000000	 -nan	 20.663597
-67	 0.250000	 1.000000	 -nan	 20.692347
-65	 0.454545	 1.000000	 1.000000	 20.724459
-67	 0.000000	 1.000000	 -nan	 20.777985
-71	 0.000000	 1.000000	 1.000000	 20.826969
-71	 0.000000	 1.000000	 -nan	 20.882174
-70	 0.000000	 1.000000	 -nan	 20.930531
-68	 0.000000	 1.000000	 -nan	 20.971804
-70	 0.000000	 1.000000	 -nan	 21.023579
-68	 0.454545	 1.000000	 -nan	 21.038836
-69	 0.739130	 1.000000	 1.000000	 21.190622
-69	 0.000000	 1.000000	 -nan	 21.206074
-69	 0.250000	 1.000000	 -nan	 21.222584
-69	 0.000000	 1.000000	 -nan	 21.239599
-64	 0.000000	 1.000000	 1.000000	 21.297243
-60	 0.000000	 1.000000	 1.000000	 21.315828
-64	 0.863636	 1.000000	 1.000000	 21.339130
-60	 0.950820	 1.000000	 1.000000	 21.389692
-48	 0.986784	 1.000000	 1.000000	 21.894808
-51	 0.964286	 1.000000	 1.000000	 21.970778
-48	 0.986079	 1.000000	 1.000000	 22.324373
-49	 0.973913	 1.000000	 1.000000	 22.410826
-52	 0.982456	 1.000000	 1.000000	 22.651567
-48	 0.987552	 1.000000	 1.000000	 22.940426
-49	 0.972603	 1.000000	 1.000000	 23.092758
-44	 0.987654	 1.000000	 1.000000	 23.493536
-51	 0.977012	 1.000000	 1.000000	 23.615990
-49	 0.980132	 1.000000	 1.000000	 23.724155
-48	 0.983827	 1.000000	 1.000000	 23.865440
-51	 0.983827	 1.000000	 1.000000	 23.984026
-45	 0.985437	 1.000000	 1.000000	 24.120741
-67	 0.958298	 1.000000	 1.000000	 25.542883
-68	 0.000000	 1.000000	 -nan	 25.591965
-68	 0.142857	 1.000000	 -nan	 25.608189
-68	 0.454545	 1.000000	 -nan	 25.613373
-68	 0.400000	 1.000000	 1.000000	 25.631985
-67	 0.333333	 1.000000	 1.000000	 25.675243
-68	 0.250000	 1.000000	 -nan	 25.702433
-68	 0.000000	 1.000000	 1.000000	 25.745590
-73	 0.000000	 1.000000	 -nan	 25.797110
-72	 0.000000	 1.000000	 -nan	 25.845661
-70	 0.000000	 1.000000	 1.000000	 25.893032
-70	 0.000000	 1.000000	 1.000000	 25.930973
-71	 0.000000	 1.000000	 1.000000	 25.979959
-70	 0.454545	 1.000000	 1.000000	 25.997972
-69	 0.666667	 1.000000	 1.000000	 26.005314
-69	 0.714286	 1.000000	 1.000000	 26.020334
-71	 0.333333	 1.000000	 -nan	 26.036907
-68	 0.945455	 1.000000	 1.000000	 26.077536
-66	 0.921053	 1.000000	 1.000000	 26.105350
-66	 0.142857	 1.000000	 1.000000	 26.154537
-64	 0.947826	 1.000000	 1.000000	 26.199816
-66	 0.975806	 1.000000	 1.000000	 26.274853
-66	 0.981013	 1.000000	 1.000000	 26.373533
-67	 0.972727	 1.000000	 1.000000	 26.445976
-67	 0.957447	 1.000000	 1.000000	 26.496450
-67	 0.538462	 1.000000	 1.000000	 26.523304
-66	 0.250000	 1.000000	 1.000000	 26.543974
-67	 0.857143	 1.000000	 1.000000	 26.558641
-68	 0.955882	 1.000000	 1.000000	 26.605812
-68	 0.142857	 1.000000	 1.000000	 26.642551
-69	 0.000000	 1.000000	 -nan	 26.694016
-69	 0.739130	 1.000000	 -nan	 26.717459
-70	 0.000000	 1.000000	 -nan	 26.769968
-70	 0.000000	 1.000000	 1.000000	 26.819649
-69	 0.333333	 1.000000	 1.000000	 26.838715
-69	 0.684211	 1.000000	 1.000000	 26.846760
-66	 0.142857	 1.000000	 1.000000	 26.892307
-68	 0.000000	 1.000000	 -nan	 26.942760
-68	 0.000000	 1.000000	 1.000000	 26.999048
-73	 0.000000	 1.000000	 1.000000	 27.050623
-69	 0.000000	 1.000000	 1.000000	 27.094793
-69	 0.000000	 1.000000	 -nan	 27.109270
-73	 0.000000	 1.000000	 1.000000	 27.127359
-75	 0.000000	 1.000000	 1.000000	 27.142282
-74	 0.000000	 1.000000	 -nan	 27.156317
-73	 0.000000	 1.000000	 1.000000	 27.171371
-72	 0.000000	 1.000000	 1.000000	 27.187078
-72	 0.000000	 1.000000	 -nan	 27.202576
-74	 0.000000	 1.000000	 -nan	 27.227383
-73	 0.000000	 1.000000	 -nan	 27.243311
-71	 0.000000	 1.000000	 -nan	 27.257305
-71	 0.000000	 1.000000	 -nan	 27.271807
-72	 0.000000	 1.000000	 1.000000	 27.287785
-74	 0.000000	 1.000000	 1.000000	 27.303175
-74	 0.000000	 1.000000	 1.000000	 27.317509
-73	 0.000000	 1.000000	 1.000000	 27.332041
-73	 0.000000	 1.000000	 1.000000	 27.346872
-73	 0.000000	 1.000000	 1.000000	 27.363375
-70	 0.000000	 1.000000	 1.000000	 27.380327
-71	 0.000000	 1.000000	 1.000000	 27.395056
-73	 0.000000	 1.000000	 1.000000	 27.411276
-75	 0.000000	 1.000000	 1.000000	 27.426550
-74	 0.000000	 1.000000	 1.000000	 27.441126
-74	 0.000000	 1.000000	 1.000000	 27.457006
-75	 0.000000	 1.000000	 1.000000	 27.471411
-72	 0.000000	 1.000000	 1.000000	 27.486872
-71	 0.000000	 1.000000	 1.000000	 27.501823
-74	 0.000000	 1.000000	 1.000000	 27.516787
-74	 0.000000	 1.000000	 1.000000	 27.532820
-74	 0.000000	 1.000000	 1.000000	 27.546909
-73	 0.000000	 1.000000	 1.000000	 27.561882
-72	 0.000000	 1.000000	 1.000000	 27.577206
-71	 0.000000	 1.000000	 1.000000	 27.591990
-73	 0.000000	 1.000000	 1.000000	 27.607197
-72	 0.000000	 1.000000	 1.000000	 27.625166
-72	 0.000000	 1.000000	 1.000000	 27.640938
-72	 0.000000	 1.000000	 1.000000	 27.657555
-72	 0.000000	 1.000000	 1.000000	 27.674356
-73	 0.000000	 1.000000	 1.000000	 27.690783
-73	 0.000000	 1.000000	 1.000000	 27.705135
-73	 0.000000	 1.000000	 1.000000	 27.720243
-77	 0.000000	 1.000000	 1.000000	 27.746824
-76	 0.000000	 1.000000	 1.000000	 27.760210
-74	 0.000000	 1.000000	 1.000000	 27.775099
-73	 0.000000	 1.000000	 1.000000	 27.790159
-73	 0.000000	 1.000000	 1.000000	 27.805414
-74	 0.000000	 1.000000	 1.000000	 27.820593
-71	 0.000000	 1.000000	 1.000000	 27.835691
-71	 0.000000	 1.000000	 1.000000	 27.850479
-71	 0.000000	 1.000000	 1.000000	 27.866020
-72	 0.000000	 1.000000	 1.000000	 27.881054
-73	 0.000000	 1.000000	 1.000000	 27.896919
-70	 0.000000	 1.000000	 1.000000	 27.910686
-74	 0.000000	 1.000000	 1.000000	 27.925985
-72	 0.000000	 1.000000	 1.000000	 27.941530
-71	 0.000000	 1.000000	 1.000000	 27.956127
-72	 0.000000	 1.000000	 1.000000	 27.971106
-73	 0.000000	 1.000000	 1.000000	 27.986006
-73	 0.000000	 1.000000	 1.000000	 28.001678
-74	 0.000000	 1.000000	 1.000000	 28.018637
-75	 0.000000	 1.000000	 1.000000	 28.033724
-75	 0.000000	 1.000000	 1.000000	 28.048670
-74	 0.000000	 1.000000	 1.000000	 28.063374
-72	 0.000000	 1.000000	 1.000000	 28.080521
-74	 0.000000	 1.000000	 1.000000	 28.095707
-77	 0.000000	 1.000000	 1.000000	 28.111061
-74	 0.000000	 1.000000	 1.000000	 28.126022
-74	 0.000000	 1.000000	 1.000000	 28.143892
-73	 0.000000	 1.000000	 1.000000	 28.162140
-72	 0.000000	 1.000000	 1.000000	 28.175793
-74	 0.000000	 1.000000	 1.000000	 28.191069
-73	 0.000000	 1.000000	 1.000000	 28.206059
-73	 0.000000	 1.000000	 1.000000	 28.221895
-75	 0.000000	 1.000000	 1.000000	 28.236856
-76	 0.000000	 1.000000	 1.000000	 28.251713
-73	 0.000000	 1.000000	 1.000000	 28.266705
-73	 0.000000	 1.000000	 1.000000	 28.282448
-77	 0.000000	 1.000000	 1.000000	 28.297159
-75	 0.000000	 1.000000	 1.000000	 28.312815
-75	 0.000000	 1.000000	 1.000000	 28.326843
-75	 0.000000	 1.000000	 1.000000	 28.343800
-78	 0.000000	 1.000000	 1.000000	 28.359171
-73	 0.000000	 1.000000	 1.000000	 28.374079
-72	 0.000000	 1.000000	 1.000000	 28.391090
-77	 0.000000	 1.000000	 1.000000	 28.406416
-75	 0.000000	 1.000000	 1.000000	 28.421591
-74	 0.000000	 1.000000	 1.000000	 28.437222
-76	 0.000000	 1.000000	 1.000000	 28.452425
-75	 0.000000	 1.000000	 1.000000	 28.466724
-75	 0.000000	 1.000000	 -nan	 28.482182
-75	 0.000000	 1.000000	 1.000000	 28.497135
-73	 0.000000	 1.000000	 1.000000	 28.512377
-68	 0.000000	 1.000000	 1.000000	 28.527853
-73	 0.000000	 1.000000	 1.000000	 28.542910
-73	 0.000000	 1.000000	 1.000000	 28.558144
-73	 0.000000	 1.000000	 1.000000	 28.575184
-75	 0.000000	 1.000000	 1.000000	 28.591000
-76	 0.000000	 1.000000	 1.000000	 28.605247
-76	 0.000000	 1.000000	 1.000000	 28.620584
-76	 0.000000	 1.000000	 1.000000	 28.635906
-76	 0.000000	 1.000000	 1.000000	 28.652506
-75	 0.000000	 1.000000	 1.000000	 28.671701
-76	 0.000000	 1.000000	 1.000000	 28.686823
-75	 0.000000	 1.000000	 1.000000	 28.702015
-73	 0.000000	 1.000000	 1.000000	 28.716579
-72	 0.000000	 1.000000	 1.000000	 28.732533
-74	 0.000000	 1.000000	 1.000000	 28.752588
-73	 0.000000	 1.000000	 1.000000	 28.767826
-73	 0.000000	 1.000000	 1.000000	 28.783037
-74	 0.000000	 1.000000	 1.000000	 28.797302
-75	 0.000000	 1.000000	 1.000000	 28.816420
-75	 0.000000	 1.000000	 1.000000	 28.830078
-73	 0.000000	 1.000000	 1.000000	 28.847647
-73	 0.000000	 1.000000	 1.000000	 28.862858
-73	 0.000000	 1.000000	 1.000000	 28.877909
-74	 0.000000	 1.000000	 1.000000	 28.892303
-76	 0.000000	 1.000000	 1.000000	 28.907696
-77	 0.000000	 1.000000	 1.000000	 28.925282
-74	 0.000000	 1.000000	 1.000000	 28.940208
-79	 0.000000	 1.000000	 1.000000	 28.955168
-79	 0.000000	 1.000000	 1.000000	 28.971121
-79	 0.000000	 1.000000	 1.000000	 28.986277
-78	 0.000000	 1.000000	 1.000000	 29.002750
-78	 0.000000	 1.000000	 1.000000	 29.018499
-77	 0.000000	 1.000000	 1.000000	 29.033030
-75	 0.000000	 1.000000	 1.000000	 29.050142
-77	 0.000000	 1.000000	 1.000000	 29.067173
-75	 0.000000	 1.000000	 1.000000	 29.084408
-76	 0.000000	 1.000000	 1.000000	 29.100060
-78	 0.000000	 1.000000	 1.000000	 29.114851
-77	 0.000000	 1.000000	 1.000000	 29.129316
-76	 0.000000	 1.000000	 1.000000	 29.146202
-76	 0.000000	 1.000000	 1.000000	 29.160219
-76	 0.000000	 1.000000	 1.000000	 29.175526
-77	 0.000000	 1.000000	 1.000000	 29.189842
-76	 0.000000	 1.000000	 1.000000	 29.205290
-76	 0.000000	 1.000000	 1.000000	 29.220152
-76	 0.000000	 1.000000	 1.000000	 29.235332
-76	 0.000000	 1.000000	 1.000000	 29.250654
-76	 0.000000	 1.000000	 1.000000	 29.265352
-77	 0.000000	 1.000000	 1.000000	 29.281031
-77	 0.000000	 1.000000	 1.000000	 29.296707
-77	 0.000000	 1.000000	 1.000000	 29.310980
-77	 0.000000	 1.000000	 1.000000	 29.326044
-78	 0.000000	 1.000000	 1.000000	 29.341097
-78	 0.000000	 1.000000	 1.000000	 29.357040
-75	 0.000000	 1.000000	 1.000000	 29.374393
-74	 0.000000	 1.000000	 1.000000	 29.388866
-74	 0.000000	 1.000000	 1.000000	 29.403534
-73	 0.000000	 1.000000	 1.000000	 29.417852
-74	 0.000000	 1.000000	 1.000000	 29.433187
-75	 0.000000	 1.000000	 1.000000	 29.448416
-75	 0.000000	 1.000000	 1.000000	 29.463211
-74	 0.000000	 1.000000	 1.000000	 29.480120
-76	 0.000000	 1.000000	 1.000000	 29.495617
-75	 0.000000	 1.000000	 1.000000	 29.510801
-74	 0.000000	 1.000000	 1.000000	 29.525242
-74	 0.000000	 1.000000	 1.000000	 29.540199
-72	 0.000000	 1.000000	 1.000000	 29.555447
-72	 0.000000	 1.000000	 1.000000	 29.573223
-74	 0.000000	 1.000000	 1.000000	 29.587626
-74	 0.000000	 1.000000	 1.000000	 29.603638
-73	 0.000000	 1.000000	 1.000000	 29.618462
-72	 0.000000	 1.000000	 1.000000	 29.633411
-72	 0.000000	 1.000000	 1.000000	 29.648790
-72	 0.000000	 1.000000	 1.000000	 29.664236
-72	 0.000000	 1.000000	 1.000000	 29.679087
-72	 0.000000	 1.000000	 1.000000	 29.693130
-71	 0.000000	 1.000000	 1.000000	 29.708817
-73	 0.000000	 1.000000	 1.000000	 29.722868
-79	 0.000000	 1.000000	 1.000000	 29.738626
-76	 0.000000	 1.000000	 1.000000	 29.753357
-75	 0.000000	 1.000000	 1.000000	 29.769026
-75	 0.000000	 1.000000	 1.000000	 29.787659
-75	 0.000000	 1.000000	 1.000000	 29.803032
-75	 0.000000	 1.000000	 1.000000	 29.817652
-75	 0.000000	 1.000000	 1.000000	 29.832785
-74	 0.000000	 1.000000	 1.000000	 29.847427
-75	 0.000000	 1.000000	 1.000000	 29.863287
-75	 0.000000	 1.000000	 1.000000	 29.878380
-75	 0.000000	 1.000000	 1.000000	 29.895729
-74	 0.000000	 1.000000	 1.000000	 29.916525
-74	 0.000000	 1.000000	 1.000000	 29.930637
-74	 0.000000	 1.000000	 1.000000	 29.946089
-74	 0.000000	 1.000000	 1.000000	 29.960678
-72	 0.000000	 1.000000	 1.000000	 29.976643
-74	 0.000000	 1.000000	 1.000000	 29.991322
-76	 0.000000	 1.000000	 1.000000	 30.006670
-74	 0.000000	 1.000000	 1.000000	 30.021101
-77	 0.000000	 1.000000	 1.000000	 30.036606
-77	 0.000000	 1.000000	 1.000000	 30.051603
-76	 0.000000	 1.000000	 1.000000	 30.066881
-76	 0.000000	 1.000000	 1.000000	 30.082550
-75	 0.000000	 1.000000	 1.000000	 30.099333
-74	 0.000000	 1.000000	 1.000000	 30.114738
-75	 0.000000	 1.000000	 1.000000	 30.129026
-78	 0.000000	 1.000000	 1.000000	 30.144077
-77	 0.000000	 1.000000	 1.000000	 30.160408
-72	 0.000000	 1.000000	 1.000000	 30.175732
-72	 0.000000	 1.000000	 1.000000	 30.191273
-73	 0.000000	 1.000000	 1.000000	 30.205517
-76	 0.000000	 1.000000	 1.000000	 30.220638
-76	 0.000000	 1.000000	 1.000000	 30.235962
-70	 0.000000	 1.000000	 1.000000	 30.253784
-68	 0.000000	 1.000000	 1.000000	 30.268654
-72	 0.000000	 1.000000	 1.000000	 30.284300
-76	 0.000000	 1.000000	 1.000000	 30.299898
-75	 0.000000	 1.000000	 1.000000	 30.315100
-72	 0.000000	 1.000000	 1.000000	 30.329609
-70	 0.000000	 1.000000	 1.000000	 30.345045
-72	 0.000000	 1.000000	 1.000000	 30.360123
-75	 0.000000	 1.000000	 1.000000	 30.375109
-75	 0.000000	 1.000000	 1.000000	 30.391752
-69	 0.000000	 1.000000	 1.000000	 30.407349
-73	 0.000000	 1.000000	 1.000000	 30.422083
-76	 0.000000	 1.000000	 1.000000	 30.436682
-76	 0.000000	 1.000000	 1.000000	 30.451601
-74	 0.000000	 1.000000	 1.000000	 30.466988
-73	 0.000000	 1.000000	 1.000000	 30.482054
-75	 0.000000	 1.000000	 1.000000	 30.497190
-77	 0.000000	 1.000000	 1.000000	 30.512278
-77	 0.000000	 1.000000	 1.000000	 30.527519
-77	 0.000000	 1.000000	 1.000000	 30.541840
-78	 0.000000	 1.000000	 1.000000	 31.845079
-78	 0.000000	 1.000000	 -nan	 31.858694
-76	 0.000000	 1.000000	 1.000000	 31.873510
-77	 0.000000	 1.000000	 1.000000	 31.888466
-71	 0.000000	 1.000000	 1.000000	 31.903505
-78	 0.000000	 1.000000	 1.000000	 31.918482
-78	 0.000000	 1.000000	 1.000000	 31.933508
-78	 0.000000	 1.000000	 1.000000	 31.948690
-77	 0.000000	 1.000000	 1.000000	 31.966137
-78	 0.000000	 1.000000	 1.000000	 31.981148
-76	 0.000000	 1.000000	 1.000000	 31.995468
-77	 0.000000	 1.000000	 1.000000	 32.013393
-77	 0.000000	 1.000000	 -nan	 32.029907
-77	 0.000000	 1.000000	 1.000000	 32.046265
-78	 0.000000	 1.000000	 1.000000	 32.064014
-80	 0.000000	 1.000000	 1.000000	 32.079628
-80	 0.000000	 1.000000	 1.000000	 32.094803
-77	 0.000000	 1.000000	 1.000000	 32.110722
-77	 0.000000	 1.000000	 1.000000	 32.125225
-79	 0.000000	 1.000000	 1.000000	 32.140186
-78	 0.000000	 1.000000	 1.000000	 32.157700
-81	 0.000000	 1.000000	 1.000000	 32.173203
-80	 0.000000	 1.000000	 1.000000	 32.189144
-78	 0.000000	 1.000000	 1.000000	 32.203922
-78	 0.000000	 1.000000	 1.000000	 32.219868
-79	 0.000000	 1.000000	 1.000000	 32.234585
-79	 0.000000	 1.000000	 1.000000	 32.250633
-79	 0.000000	 1.000000	 1.000000	 32.265823
-78	 0.000000	 1.000000	 1.000000	 32.280766
-80	 0.000000	 1.000000	 1.000000	 32.296059
-81	 0.000000	 1.000000	 1.000000	 32.312057
-81	 0.000000	 1.000000	 1.000000	 32.327541
-77	 0.000000	 1.000000	 1.000000	 32.345589
-77	 0.000000	 1.000000	 1.000000	 32.360439
-78	 0.000000	 1.000000	 1.000000	 32.374851
-77	 0.000000	 1.000000	 1.000000	 32.389717
-76	 0.000000	 1.000000	 1.000000	 32.405025
-77	 0.000000	 1.000000	 1.000000	 32.421112
-77	 0.000000	 1.000000	 1.000000	 32.434788
-78	 0.000000	 1.000000	 1.000000	 32.450878
-79	 0.000000	 1.000000	 1.000000	 32.466080
-79	 0.000000	 1.000000	 1.000000	 32.481544
-81	 0.000000	 1.000000	 1.000000	 32.497627
-82	 0.000000	 1.000000	 1.000000	 32.512581
-82	 0.000000	 1.000000	 1.000000	 32.527576
-82	 0.000000	 1.000000	 1.000000	 32.542381
-82	 0.000000	 1.000000	 1.000000	 32.557377
-81	 0.000000	 1.000000	 1.000000	 32.572701
-80	 0.000000	 1.000000	 1.000000	 32.587212
-80	 0.000000	 1.000000	 1.000000	 32.602863
-79	 0.000000	 1.000000	 1.000000	 32.619534
-79	 0.000000	 1.000000	 1.000000	 32.635567
-79	 0.000000	 1.000000	 1.000000	 32.650333
-80	 0.000000	 1.000000	 1.000000	 32.665501
-80	 0.000000	 1.000000	 1.000000	 32.681583
-80	 0.000000	 1.000000	 1.000000	 32.696865
-81	 0.000000	 1.000000	 1.000000	 32.711964
-81	 0.000000	 1.000000	 1.000000	 32.729443
-81	 0.000000	 1.000000	 1.000000	 32.744503
-80	 0.000000	 1.000000	 1.000000	 32.759132
-80	 0.000000	 1.000000	 1.000000	 32.779034
-80	 0.000000	 1.000000	 1.000000	 32.792149
-81	 0.000000	 1.000000	 1.000000	 32.807739
-81	 0.000000	 1.000000	 -nan	 32.822018
-81	 0.000000	 1.000000	 1.000000	 32.837273
-81	 0.000000	 1.000000	 1.000000	 32.853031
-81	 0.000000	 1.000000	 1.000000	 32.875717
-81	 0.000000	 1.000000	 1.000000	 32.893757
-80	 0.000000	 1.000000	 1.000000	 32.908436
-78	 0.000000	 1.000000	 1.000000	 32.924160
-78	 0.000000	 1.000000	 1.000000	 32.941998
-80	 0.000000	 1.000000	 1.000000	 32.956573
-81	 0.000000	 1.000000	 1.000000	 32.971340
-81	 0.000000	 1.000000	 1.000000	 32.985760
-81	 0.000000	 1.000000	 1.000000	 33.001434
-80	 0.000000	 1.000000	 1.000000	 33.016510
-81	 0.000000	 1.000000	 1.000000	 33.032612
-80	 0.000000	 1.000000	 1.000000	 33.047852
-80	 0.000000	 1.000000	 1.000000	 33.063030
-81	 0.000000	 1.000000	 1.000000	 33.077583
-81	 0.000000	 1.000000	 1.000000	 33.091923
-82	 0.000000	 1.000000	 1.000000	 33.107140
-81	 0.000000	 1.000000	 1.000000	 33.122700
-80	 0.000000	 1.000000	 1.000000	 33.138290
-80	 0.000000	 1.000000	 1.000000	 33.153225
-82	 0.000000	 1.000000	 1.000000	 33.167755
-80	 0.000000	 1.000000	 1.000000	 33.183407
-81	 0.000000	 1.000000	 1.000000	 33.198494
-81	 0.000000	 1.000000	 1.000000	 33.215813
-80	 0.000000	 1.000000	 1.000000	 33.230713
-81	 0.000000	 1.000000	 1.000000	 33.245914
-80	 0.000000	 1.000000	 1.000000	 33.261318
-80	 0.000000	 1.000000	 1.000000	 33.277950
-80	 0.000000	 1.000000	 1.000000	 33.296059
-81	 0.000000	 1.000000	 1.000000	 33.310780
-82	 0.000000	 1.000000	 1.000000	 33.326118
-81	 0.000000	 1.000000	 1.000000	 33.345715
-82	 0.000000	 1.000000	 1.000000	 33.360764
-80	 0.000000	 1.000000	 1.000000	 33.375450
-81	 0.000000	 1.000000	 1.000000	 33.407337
-82	 0.000000	 1.000000	 1.000000	 33.424335
-82	 0.000000	 1.000000	 1.000000	 33.444260
-82	 0.000000	 1.000000	 -nan	 33.459423
-80	 0.000000	 1.000000	 1.000000	 33.473595
-79	 0.000000	 1.000000	 1.000000	 33.491802
-79	 0.000000	 1.000000	 1.000000	 33.507099
-77	 0.000000	 1.000000	 1.000000	 33.522789
-78	 0.000000	 1.000000	 1.000000	 33.538490
-78	 0.000000	 1.000000	 1.000000	 33.553246
-78	 0.000000	 1.000000	 -nan	 33.568810
-80	 0.000000	 1.000000	 1.000000	 33.591751
-78	 0.000000	 1.000000	 1.000000	 33.609898
-76	 0.000000	 1.000000	 1.000000	 33.627773
-75	 0.000000	 1.000000	 -nan	 33.642864
-75	 0.000000	 1.000000	 1.000000	 33.657963
-74	 0.000000	 1.000000	 1.000000	 33.673748
-74	 0.000000	 1.000000	 1.000000	 33.688721
-77	 0.000000	 1.000000	 1.000000	 33.704708
-77	 0.000000	 1.000000	 1.000000	 33.723015
-76	 0.000000	 1.000000	 1.000000	 33.737431
-78	 0.000000	 1.000000	 1.000000	 33.753323
-78	 0.000000	 1.000000	 1.000000	 33.767624
-78	 0.000000	 1.000000	 -nan	 33.782303
-79	 0.000000	 1.000000	 1.000000	 33.797104
-79	 0.000000	 1.000000	 -nan	 33.811893
-80	 0.000000	 1.000000	 1.000000	 33.827255
-79	 0.000000	 1.000000	 1.000000	 33.842922
-80	 0.000000	 1.000000	 1.000000	 33.860825
-81	 0.000000	 1.000000	 1.000000	 33.876198
-82	 0.000000	 1.000000	 1.000000	 33.891502
-82	 0.000000	 1.000000	 1.000000	 33.905617
-82	 0.000000	 1.000000	 1.000000	 33.920910
-82	 0.000000	 1.000000	 1.000000	 33.939159
-81	 0.000000	 1.000000	 1.000000	 33.954140
-82	 0.000000	 1.000000	 1.000000	 33.969685
-81	 0.000000	 1.000000	 1.000000	 33.986317
-82	 0.000000	 1.000000	 1.000000	 34.001404
-82	 0.000000	 1.000000	 1.000000	 34.016144
-81	 0.000000	 1.000000	 1.000000	 34.031048
-81	 0.000000	 1.000000	 1.000000	 34.045975
-80	 0.000000	 1.000000	 1.000000	 34.061386
-81	 0.000000	 1.000000	 1.000000	 34.076984
-80	 0.000000	 1.000000	 1.000000	 34.092888
-80	 0.000000	 1.000000	 1.000000	 34.108166
-80	 0.000000	 1.000000	 1.000000	 34.122665
-81	 0.000000	 1.000000	 1.000000	 34.138176
-79	 0.000000	 1.000000	 1.000000	 34.156784
-82	 0.000000	 1.000000	 1.000000	 34.171749
-82	 0.000000	 1.000000	 1.000000	 34.187233
-83	 0.000000	 1.000000	 1.000000	 34.201897
-83	 0.000000	 1.000000	 1.000000	 34.217564
-82	 0.000000	 1.000000	 1.000000	 34.234734
-84	 0.000000	 1.000000	 1.000000	 34.253323
-84	 0.000000	 1.000000	 -nan	 34.273048
-81	 0.000000	 1.000000	 1.000000	 34.297432
-81	 0.000000	 1.000000	 1.000000	 34.313911
-80	 0.000000	 1.000000	 1.000000	 34.330006
-79	 0.000000	 1.000000	 1.000000	 34.345272
-78	 0.000000	 1.000000	 1.000000	 34.363503
-79	 0.000000	 1.000000	 1.000000	 34.378719
-79	 0.000000	 1.000000	 1.000000	 34.396873
-81	 0.000000	 1.000000	 1.000000	 34.412037
-81	 0.000000	 1.000000	 1.000000	 34.426807
-80	 0.000000	 1.000000	 1.000000	 34.442410
-81	 0.000000	 1.000000	 1.000000	 34.456711
-80	 0.000000	 1.000000	 1.000000	 34.472637
-80	 0.000000	 1.000000	 1.000000	 34.487904
-82	 0.000000	 1.000000	 1.000000	 34.503162
-83	 0.000000	 1.000000	 1.000000	 34.520245
-83	 0.000000	 1.000000	 1.000000	 34.625233
-83	 0.000000	 1.000000	 -nan	 34.645618
-82	 0.000000	 1.000000	 -nan	 34.669228
-82	 0.000000	 1.000000	 -nan	 34.711102
-82	 0.000000	 1.000000	 -nan	 34.733700
-82	 0.000000	 1.000000	 -nan	 34.755215
-82	 0.000000	 1.000000	 -nan	 34.770237
-81	 0.000000	 1.000000	 -nan	 34.787544
-84	 0.000000	 1.000000	 1.000000	 34.841286
-84	 0.000000	 1.000000	 1.000000	 34.867344
-82	 0.000000	 1.000000	 1.000000	 35.001038
-82	 0.000000	 1.000000	 -nan	 35.025356
-82	 0.000000	 1.000000	 -nan	 35.041710
-82	 0.000000	 1.000000	 -nan	 35.059055
-82	 0.000000	 1.000000	 -nan	 35.075150
-79	 0.000000	 1.000000	 1.000000	 35.095222
-79	 0.000000	 1.000000	 -nan	 35.110168
-80	 0.000000	 1.000000	 1.000000	 35.127499
-81	 0.000000	 1.000000	 1.000000	 35.152843
-82	 0.000000	 1.000000	 1.000000	 35.172596
-83	 0.000000	 1.000000	 1.000000	 35.193653
-81	 0.000000	 1.000000	 1.000000	 35.220127
-78	 0.000000	 1.000000	 1.000000	 35.247417
-77	 0.000000	 1.000000	 1.000000	 35.264187
-77	 0.000000	 1.000000	 1.000000	 35.279079
-77	 0.000000	 1.000000	 1.000000	 35.294437
-78	 0.000000	 1.000000	 1.000000	 35.310242
-78	 0.000000	 1.000000	 1.000000	 35.324944
-79	 0.000000	 1.000000	 1.000000	 35.340584
-80	 0.000000	 1.000000	 1.000000	 35.355843
-80	 0.000000	 1.000000	 1.000000	 35.371044
-79	 0.000000	 1.000000	 1.000000	 35.386303
-81	 0.000000	 1.000000	 1.000000	 35.403996
-80	 0.000000	 1.000000	 1.000000	 35.419319
-78	 0.000000	 1.000000	 1.000000	 35.434811
-78	 0.000000	 1.000000	 1.000000	 35.449749
-79	 0.000000	 1.000000	 1.000000	 35.464684
-79	 0.000000	 1.000000	 1.000000	 35.479900
-79	 0.000000	 1.000000	 1.000000	 35.494831
-80	 0.000000	 1.000000	 1.000000	 35.510098
-81	 0.000000	 1.000000	 1.000000	 35.524563
-81	 0.000000	 1.000000	 1.000000	 35.540100
-81	 0.000000	 1.000000	 1.000000	 35.554844
-81	 0.000000	 1.000000	 1.000000	 35.570065
-81	 0.000000	 1.000000	 1.000000	 35.585369
-82	 0.000000	 1.000000	 1.000000	 35.601097
-82	 0.000000	 1.000000	 1.000000	 35.618401
-80	 0.000000	 1.000000	 1.000000	 35.632713
-82	 0.000000	 1.000000	 1.000000	 35.648598
-82	 0.000000	 1.000000	 1.000000	 35.663811
-81	 0.000000	 1.000000	 1.000000	 35.678631
-81	 0.000000	 1.000000	 1.000000	 35.697166
-81	 0.000000	 1.000000	 1.000000	 35.711834
-81	 0.000000	 1.000000	 1.000000	 35.727119
-80	 0.000000	 1.000000	 1.000000	 35.741756
-81	 0.000000	 1.000000	 1.000000	 35.756611
-81	 0.000000	 1.000000	 1.000000	 35.771675
-82	 0.000000	 1.000000	 1.000000	 35.787132
-81	 0.000000	 1.000000	 1.000000	 35.802689
-81	 0.000000	 1.000000	 1.000000	 35.817787
-80	 0.000000	 1.000000	 1.000000	 35.832577
-81	 0.000000	 1.000000	 1.000000	 35.849514
-80	 0.000000	 1.000000	 1.000000	 35.865009
-81	 0.000000	 1.000000	 1.000000	 35.880196
-79	 0.000000	 1.000000	 1.000000	 35.897282
-81	 0.000000	 1.000000	 1.000000	 35.915672
-81	 0.000000	 1.000000	 -nan	 35.933144
-80	 0.000000	 1.000000	 1.000000	 35.952423
-82	 0.000000	 1.000000	 1.000000	 35.973011
-83	 0.000000	 1.000000	 1.000000	 35.991962
-84	 0.000000	 1.000000	 1.000000	 36.007690
-83	 0.000000	 1.000000	 1.000000	 36.028008
-83	 0.000000	 1.000000	 1.000000	 36.044800
-82	 0.000000	 1.000000	 1.000000	 36.061794
-83	 0.000000	 1.000000	 1.000000	 36.083817
-83	 0.000000	 1.000000	 1.000000	 36.100864
-80	 0.000000	 1.000000	 1.000000	 36.121178
-81	 0.000000	 1.000000	 1.000000	 36.138515
-81	 0.142857	 1.000000	 1.000000	 36.160229
-80	 0.000000	 1.000000	 1.000000	 36.329540
-82	 0.000000	 1.000000	 1.000000	 36.441902
-80	 0.000000	 1.000000	 1.000000	 36.591049
-79	 0.000000	 1.000000	 1.000000	 36.639919
-82	 0.000000	 1.000000	 1.000000	 36.677944
-82	 0.000000	 1.000000	 1.000000	 36.847603
-82	 0.000000	 1.000000	 1.000000	 38.312588
-82	 0.000000	 1.000000	 1.000000	 38.342850
-84	 0.000000	 1.000000	 1.000000	 38.411507
-82	 0.000000	 1.000000	 1.000000	 38.540462
-82	 0.000000	 1.000000	 1.000000	 38.572937
-83	 0.000000	 1.000000	 1.000000	 38.749725
-82	 0.000000	 1.000000	 -nan	 38.778824
-83	 0.000000	 0.777778	 -1.000000	 38.998634
-84	 0.000000	 0.833333	 0.800000	 39.354317
-83	 0.000000	 1.000000	 1.000000	 39.384644
