-28	 0.939394	 1.000000	 1.000000	 0.131511
-27	 0.965517	 1.000000	 1.000000	 0.356923
-25	 0.962500	 1.000000	 1.000000	 0.565401
-28	 0.980456	 1.000000	 1.000000	 0.958781
-27	 0.925000	 1.000000	 1.000000	 1.066341
-31	 0.909091	 1.000000	 1.000000	 1.156238
-32	 0.904762	 1.000000	 1.000000	 1.242823
-33	 0.954545	 1.000000	 1.000000	 1.415971
-32	 0.967213	 1.000000	 1.000000	 1.652545
-28	 0.964912	 1.000000	 1.000000	 1.875067
-33	 0.936842	 1.000000	 1.000000	 2.010444
-35	 0.934783	 1.000000	 1.000000	 2.131986
-36	 0.935484	 1.000000	 1.000000	 2.254847
-36	 0.967742	 1.000000	 1.000000	 2.496291
-35	 0.942857	 1.000000	 1.000000	 2.633726
-38	 0.948718	 1.000000	 1.000000	 2.789716
-37	 0.982456	 1.000000	 1.000000	 3.226783
-38	 0.909091	 1.000000	 1.000000	 3.317873
-37	 0.959184	 1.000000	 1.000000	 3.508668
-39	 0.963855	 1.000000	 1.000000	 3.725757
-43	 0.930233	 1.000000	 1.000000	 3.840258
-33	 0.927711	 1.000000	 1.000000	 3.950874
-40	 0.964072	 1.000000	 1.000000	 4.166486
-41	 0.931035	 1.000000	 1.000000	 4.281980
-39	 0.965909	 1.000000	 1.000000	 4.510528
-43	 0.963855	 1.000000	 1.000000	 4.728381
-40	 0.940594	 1.000000	 1.000000	 4.862719
-42	 0.973684	 1.000000	 1.000000	 5.157917
-43	 0.971698	 1.000000	 1.000000	 5.432800
-42	 0.942308	 1.000000	 1.000000	 5.569287
-45	 0.931035	 1.000000	 1.000000	 5.684489
-46	 0.967391	 1.000000	 1.000000	 5.923562
-47	 0.959809	 1.000000	 1.000000	 7.285504
-46	 0.955224	 1.000000	 1.000000	 7.459868
-51	 0.963190	 1.000000	 1.000000	 7.672255
-46	 0.950413	 1.000000	 1.000000	 7.832309
-46	 0.968750	 1.000000	 1.000000	 8.081537
-48	 0.943925	 1.000000	 1.000000	 8.223260
-47	 0.971292	 1.000000	 1.000000	 8.493036
-47	 0.969697	 1.000000	 1.000000	 8.747329
-49	 0.976378	 1.000000	 1.000000	 9.073317
-49	 0.957447	 1.000000	 1.000000	 9.259524
-51	 0.909091	 1.000000	 1.000000	 9.348693
-51	 0.941748	 1.000000	 1.000000	 9.485882
-57	 0.961290	 1.000000	 1.000000	 9.689562
-53	 0.970297	 1.000000	 1.000000	 9.949234
-55	 0.961783	 1.000000	 1.000000	 10.155041
-57	 0.975309	 1.000000	 1.000000	 10.472149
-57	 0.936170	 1.000000	 1.000000	 10.599406
-54	 0.970443	 1.000000	 1.000000	 10.862027
-55	 0.925000	 1.000000	 1.000000	 10.969621
-53	 0.946429	 1.000000	 1.000000	 11.119603
-55	 0.947368	 1.000000	 1.000000	 11.271259
-59	 0.957747	 1.000000	 1.000000	 11.457363
-61	 0.916667	 1.000000	 1.000000	 11.554267
-56	 0.886792	 1.000000	 1.000000	 11.629491
-64	 0.960526	 1.000000	 1.000000	 11.828466
-68	 0.941748	 1.000000	 1.000000	 11.966555
-65	 0.935484	 1.000000	 1.000000	 12.090319
-61	 0.915493	 1.000000	 1.000000	 12.186090
-69	 0.963726	 1.000000	 1.000000	 13.519876
-73	 0.983740	 1.000000	 1.000000	 13.995370
-76	 0.959184	 1.000000	 1.000000	 14.185364
-69	 0.967914	 1.000000	 1.000000	 14.427970
-67	 0.966851	 1.000000	 1.000000	 14.663501
-68	 0.911765	 1.000000	 1.000000	 14.756669
-70	 0.933333	 1.000000	 1.000000	 14.876331
-68	 0.901639	 1.000000	 1.000000	 14.962652
-71	 0.974026	 1.000000	 1.000000	 15.265368
-70	 0.948276	 1.000000	 1.000000	 15.419856
-70	 0.917808	 1.000000	 1.000000	 15.521603
-70	 0.947826	 1.000000	 1.000000	 15.674936
-72	 0.963636	 1.000000	 1.000000	 15.891770
-73	 0.937500	 1.000000	 1.000000	 16.020739
-74	 0.942857	 1.000000	 1.000000	 16.162903
-73	 0.956204	 1.000000	 1.000000	 16.344788
-70	 0.969543	 1.000000	 1.000000	 16.599804
-69	 0.933333	 1.000000	 1.000000	 16.722298
-63	 0.949153	 1.000000	 1.000000	 16.881226
-71	 0.863636	 1.000000	 1.000000	 16.945072
-73	 0.971429	 1.000000	 1.000000	 17.220901
-76	 0.957747	 1.000000	 1.000000	 17.410389
-75	 0.955224	 1.000000	 1.000000	 17.586239
-72	 0.948718	 1.000000	 1.000000	 17.740559
-72	 0.936170	 1.000000	 1.000000	 17.865618
-68	 0.974684	 1.000000	 1.000000	 18.171087
-62	 0.929412	 1.000000	 1.000000	 18.286770
-68	 0.967914	 1.000000	 1.000000	 18.529003
-70	 0.965361	 1.000000	 1.000000	 19.397785
-73	 0.957143	 1.000000	 1.000000	 19.584124
-71	 0.971963	 1.000000	 1.000000	 19.863588
-70	 0.909091	 1.000000	 1.000000	 19.954865
-69	 0.963636	 1.000000	 1.000000	 20.171989
-68	 0.970297	 1.000000	 1.000000	 20.435196
-61	 0.921053	 1.000000	 1.000000	 20.538988
-64	 0.955224	 1.000000	 1.000000	 20.715963
-68	 0.857143	 1.000000	 1.000000	 20.775803
-64	 0.976096	 1.000000	 1.000000	 21.100069
-67	 0.965714	 1.000000	 1.000000	 21.329327
-67	 0.975309	 1.000000	 1.000000	 21.643911
-65	 0.953488	 1.000000	 1.000000	 21.816957
-66	 0.941176	 1.000000	 1.000000	 21.951799
-64	 0.951219	 1.000000	 1.000000	 22.114937
-66	 0.923077	 1.000000	 1.000000	 22.219446
-70	 0.909091	 1.000000	 1.000000	 22.310217
-65	 0.961290	 1.000000	 1.000000	 22.512745
-65	 0.785714	 1.000000	 1.000000	 22.555069
-66	 0.959459	 1.000000	 1.000000	 22.749903
-58	 0.953488	 1.000000	 1.000000	 22.921885
-58	 0.961538	 1.000000	 1.000000	 23.127491
-58	 0.962963	 1.000000	 1.000000	 23.339308
-55	 0.963636	 1.000000	 1.000000	 23.554693
-54	 0.953488	 1.000000	 1.000000	 23.726189
-58	 0.970874	 1.000000	 1.000000	 23.993462
-55	 0.962025	 1.000000	 1.000000	 24.199661
-55	 0.906250	 1.000000	 1.000000	 24.287121
-46	 0.961394	 1.000000	 1.000000	 25.683722
-48	 0.938144	 1.000000	 1.000000	 25.811838
-50	 0.939394	 1.000000	 1.000000	 25.943316
-46	 0.955224	 1.000000	 1.000000	 26.118246
-49	 0.961538	 1.000000	 1.000000	 26.323875
-51	 0.938144	 1.000000	 1.000000	 26.452810
-51	 0.964072	 1.000000	 1.000000	 26.668648
-49	 0.888889	 1.000000	 1.000000	 26.745077
-51	 0.969543	 1.000000	 1.000000	 27.002254
-53	 0.915493	 1.000000	 1.000000	 27.097387
-50	 0.953488	 1.000000	 1.000000	 27.268879
-56	 0.943925	 1.000000	 1.000000	 27.411873
-56	 0.940594	 1.000000	 1.000000	 27.548239
-61	 0.961039	 1.000000	 1.000000	 27.750414
-64	 0.969231	 1.000000	 1.000000	 28.005184
-70	 0.959732	 0.724832	 0.778378	 29.257648
-69	 0.937500	 1.000000	 1.000000	 29.387022
-68	 0.894737	 1.000000	 1.000000	 29.596201
-71	 0.948276	 1.000000	 1.000000	 29.749752
-69	 0.962025	 1.000000	 1.000000	 30.144342
-69	 0.962025	 1.000000	 1.000000	 30.539204
-75	 0.968641	 1.000000	 1.000000	 32.155769
-75	 0.973684	 1.000000	 1.000000	 32.692799
-79	 0.957747	 1.000000	 1.000000	 33.008583
-74	 0.970732	 1.000000	 1.000000	 33.522717
-74	 0.973451	 1.000000	 1.000000	 33.947498
-74	 0.920000	 1.000000	 1.000000	 34.239815
-72	 0.952381	 1.000000	 1.000000	 34.536888
-73	 0.967742	 1.000000	 1.000000	 34.781490
-71	 0.888889	 1.000000	 1.000000	 34.855644
-71	 0.968421	 1.000000	 1.000000	 35.100204
-78	 0.934783	 1.000000	 1.000000	 35.224800
-73	 0.944954	 1.000000	 1.000000	 35.369968
-75	 0.942857	 1.000000	 1.000000	 35.510948
-77	 0.953488	 1.000000	 1.000000	 35.684589
-76	 0.923077	 1.000000	 1.000000	 35.791801
-76	 0.960784	 1.000000	 1.000000	 35.994312
-76	 0.965909	 1.000000	 1.000000	 36.221424
-75	 0.961039	 1.000000	 1.000000	 36.426876
-76	 0.938144	 1.000000	 1.000000	 36.559204
-77	 0.957747	 1.000000	 1.000000	 36.747929
-76	 0.910448	 1.000000	 1.000000	 36.842415
-78	 0.923077	 1.000000	 1.000000	 36.948460
-75	 0.880000	 1.000000	 1.000000	 37.018574
-73	 0.886792	 1.000000	 1.000000	 37.095146
-77	 0.946820	 1.000000	 1.000000	 38.386719
-78	 0.968750	 1.000000	 1.000000	 38.638542
-76	 0.939394	 1.000000	 1.000000	 38.770882
-77	 0.936842	 1.000000	 1.000000	 38.901100
-76	 0.927711	 1.000000	 1.000000	 39.014168
-77	 0.846154	 1.000000	 1.000000	 39.071144
-78	 0.886792	 1.000000	 1.000000	 39.144787
-77	 0.943925	 1.000000	 1.000000	 39.286385
-77	 0.866667	 1.000000	 1.000000	 39.352043
-76	 0.925926	 1.000000	 1.000000	 39.463238
-76	 0.969543	 1.000000	 1.000000	 39.723110
-80	 0.953488	 1.000000	 1.000000	 39.897118
-78	 0.625000	 1.000000	 1.000000	 39.925053
-80	 0.927711	 1.000000	 1.000000	 40.037270
-80	 0.941748	 1.000000	 1.000000	 40.175827
-81	 0.945946	 1.000000	 1.000000	 40.325962
-83	 0.877551	 1.000000	 1.000000	 40.398323
-83	 0.142857	 1.000000	 1.000000	 40.459202
-82	 0.000000	 1.000000	 1.000000	 40.501446
-80	 0.740741	 1.000000	 1.000000	 40.544697
-83	 0.828571	 1.000000	 1.000000	 40.602188
-83	 0.454545	 1.000000	 1.000000	 40.626152
-83	 0.250000	 1.000000	 1.000000	 40.670910
-84	 0.250000	 1.000000	 1.000000	 40.717731
-83	 0.915493	 1.000000	 1.000000	 40.819073
-79	 0.959184	 1.000000	 1.000000	 41.013908
-79	 0.929412	 1.000000	 1.000000	 41.130081
-79	 0.930233	 1.000000	 1.000000	 41.248203
-80	 0.906250	 1.000000	 1.000000	 41.337242
-79	 0.866667	 1.000000	 1.000000	 41.404068
-79	 0.954198	 1.000000	 1.000000	 41.578110
-80	 0.931818	 1.000000	 1.000000	 41.698109
-81	 0.884615	 1.000000	 1.000000	 41.784836
-80	 0.000000	 1.000000	 1.000000	 41.836571
-81	 0.400000	 1.000000	 1.000000	 41.871117
-82	 0.142857	 1.000000	 1.000000	 41.895924
-80	 0.000000	 1.000000	 1.000000	 41.944664
-82	 0.000000	 1.000000	 1.000000	 41.999702
-83	 0.000000	 1.000000	 1.000000	 42.055000
-83	 0.684211	 1.000000	 1.000000	 42.089340
-81	 0.600000	 1.000000	 1.000000	 42.138428
-82	 0.714286	 1.000000	 1.000000	 42.177856
-82	 0.000000	 1.000000	 1.000000	 42.198616
-81	 0.250000	 1.000000	 1.000000	 42.221809
-82	 0.000000	 1.000000	 1.000000	 42.242241
-81	 0.000000	 1.000000	 1.000000	 42.262932
-81	 0.454545	 1.000000	 1.000000	 42.288788
-82	 0.250000	 1.000000	 1.000000	 42.313042
-81	 0.769231	 1.000000	 1.000000	 42.386894
-81	 0.142857	 1.000000	 -nan	 42.410091
-78	 0.777778	 1.000000	 1.000000	 42.486794
-78	 0.250000	 1.000000	 1.000000	 42.511799
-77	 0.000000	 1.000000	 1.000000	 42.536034
-82	 0.000000	 1.000000	 1.000000	 42.593445
-82	 0.000000	 1.000000	 -nan	 42.613548
-82	 0.000000	 1.000000	 -nan	 42.651230
-81	 0.000000	 1.000000	 -nan	 42.707088
-82	 0.000000	 1.000000	 -nan	 42.764511
-82	 0.454545	 1.000000	 -nan	 42.788876
-82	 0.250000	 1.000000	 -nan	 42.838615
-80	 0.714286	 1.000000	 1.000000	 42.894665
-82	 0.917808	 1.000000	 1.000000	 43.005051
-83	 0.250000	 1.000000	 1.000000	 43.028542
-83	 0.000000	 1.000000	 1.000000	 43.056980
-81	 0.000000	 1.000000	 1.000000	 43.083359
-81	 0.250000	 1.000000	 1.000000	 43.117680
-80	 0.000000	 1.000000	 1.000000	 43.171272
-79	 0.571429	 1.000000	 1.000000	 43.197227
-83	 0.846154	 1.000000	 1.000000	 43.264755
-83	 0.828571	 1.000000	 1.000000	 43.325962
-82	 0.000000	 1.000000	 1.000000	 43.346519
-82	 0.000000	 1.000000	 -nan	 43.366192
-82	 0.250000	 1.000000	 1.000000	 43.397911
-83	 0.529268	 1.000000	 1.000000	 44.803993
-83	 0.000000	 1.000000	 1.000000	 44.853539
-79	 0.142857	 1.000000	 1.000000	 44.903931
-82	 0.875000	 1.000000	 1.000000	 44.976353
-84	 0.833333	 1.000000	 1.000000	 45.038097
-82	 0.250000	 1.000000	 1.000000	 45.063267
-82	 0.454545	 1.000000	 1.000000	 45.090633
-82	 0.571429	 1.000000	 1.000000	 45.122242
-83	 0.333333	 1.000000	 1.000000	 45.156605
-82	 0.000000	 1.000000	 1.000000	 45.209576
-83	 0.000000	 1.000000	 1.000000	 45.263084
-82	 0.000000	 1.000000	 1.000000	 45.316261
-81	 0.000000	 1.000000	 1.000000	 45.368767
-78	 0.000000	 1.000000	 1.000000	 45.426140
-83	 0.000000	 1.000000	 1.000000	 45.479500
-84	 0.000000	 1.000000	 1.000000	 45.539932
-84	 0.142857	 1.000000	 1.000000	 45.566875
-84	 0.000000	 1.000000	 1.000000	 45.587715
-84	 0.000000	 1.000000	 1.000000	 45.609184
-83	 0.000000	 1.000000	 1.000000	 45.636780
-80	 0.000000	 1.000000	 1.000000	 45.663036
-82	 0.000000	 1.000000	 1.000000	 45.685204
-81	 0.000000	 1.000000	 1.000000	 45.708923
-81	 0.142857	 1.000000	 1.000000	 45.731197
-83	 0.000000	 1.000000	 1.000000	 45.751820
-84	 0.000000	 1.000000	 1.000000	 45.784016
-83	 0.000000	 1.000000	 1.000000	 45.806232
-84	 0.000000	 1.000000	 1.000000	 45.828804
-81	 0.000000	 1.000000	 1.000000	 45.850960
-81	 0.571429	 1.000000	 1.000000	 45.884949
-80	 0.250000	 1.000000	 1.000000	 45.908958
-82	 0.000000	 1.000000	 1.000000	 45.933674
-82	 0.000000	 1.000000	 1.000000	 45.961056
-83	 0.000000	 1.000000	 1.000000	 45.986343
-81	 0.000000	 1.000000	 1.000000	 46.024261
-82	 0.000000	 1.000000	 1.000000	 46.049919
-82	 0.000000	 1.000000	 1.000000	 46.078068
-83	 0.000000	 1.000000	 1.000000	 46.102623
-84	 0.000000	 1.000000	 1.000000	 46.137634
-83	 0.000000	 1.000000	 1.000000	 46.186504
-83	 0.000000	 1.000000	 -nan	 46.210655
-83	 0.000000	 1.000000	 -nan	 46.244015
-82	 0.000000	 1.000000	 -nan	 46.277382
-82	 0.000000	 1.000000	 -nan	 46.315086
-82	 0.000000	 1.000000	 -nan	 46.353954
-82	 0.000000	 1.000000	 -nan	 46.379833
-81	 0.000000	 1.000000	 1.000000	 46.408211
-81	 0.000000	 1.000000	 1.000000	 46.435616
-82	 0.000000	 1.000000	 1.000000	 46.459015
-81	 0.000000	 1.000000	 1.000000	 46.482693
-81	 0.000000	 1.000000	 1.000000	 46.502628
-81	 0.000000	 1.000000	 1.000000	 46.523148
-79	 0.000000	 1.000000	 1.000000	 46.548515
-81	 0.000000	 1.000000	 1.000000	 46.571487
-81	 0.000000	 1.000000	 1.000000	 46.596886
-80	 0.000000	 1.000000	 1.000000	 46.620029
-80	 0.000000	 1.000000	 1.000000	 46.642239
-81	 0.000000	 1.000000	 1.000000	 46.669483
-80	 0.000000	 1.000000	 1.000000	 46.691967
-85	 0.000000	 1.000000	 1.000000	 46.712643
-80	 0.000000	 1.000000	 1.000000	 46.738564
-83	 0.000000	 1.000000	 1.000000	 46.758858
-82	 0.000000	 1.000000	 1.000000	 46.778961
-84	 0.000000	 1.000000	 1.000000	 46.799587
-83	 0.250000	 1.000000	 1.000000	 46.822601
-82	 0.142857	 1.000000	 1.000000	 46.844952
-84	 0.666667	 1.000000	 1.000000	 46.882996
-81	 0.684211	 1.000000	 1.000000	 46.918182
-84	 0.250000	 1.000000	 1.000000	 46.941872
-83	 0.142857	 1.000000	 1.000000	 46.963284
-83	 0.000000	 1.000000	 1.000000	 46.984894
-82	 0.000000	 1.000000	 1.000000	 47.003948
-82	 0.000000	 1.000000	 1.000000	 47.024914
-82	 0.000000	 1.000000	 1.000000	 47.044994
-82	 0.000000	 1.000000	 1.000000	 47.065506
-83	 0.000000	 1.000000	 1.000000	 47.085712
-83	 0.000000	 1.000000	 1.000000	 47.108837
-82	 0.571429	 1.000000	 1.000000	 47.141724
-83	 0.250000	 1.000000	 1.000000	 47.163700
-82	 0.142857	 1.000000	 1.000000	 47.186268
-82	 0.142857	 1.000000	 1.000000	 47.207317
-82	 0.700000	 1.000000	 1.000000	 47.247166
-83	 0.454545	 1.000000	 1.000000	 47.276867
-85	 0.000000	 1.000000	 1.000000	 47.298050
-85	 0.000000	 1.000000	 1.000000	 47.319691
-83	 0.000000	 1.000000	 1.000000	 47.342808
-84	 0.000000	 1.000000	 1.000000	 47.365536
-83	 0.000000	 1.000000	 1.000000	 47.393021
-82	 0.000000	 1.000000	 1.000000	 47.425331
-81	 0.000000	 1.000000	 1.000000	 47.451168
-82	 0.000000	 1.000000	 1.000000	 47.476498
-81	 0.000000	 1.000000	 1.000000	 47.506710
-81	 0.000000	 1.000000	 1.000000	 47.541367
-83	 0.000000	 1.000000	 1.000000	 47.568768
-81	 0.000000	 1.000000	 1.000000	 47.601486
-81	 0.000000	 1.000000	 1.000000	 47.632172
-80	 0.142857	 1.000000	 1.000000	 47.660789
-80	 0.812500	 1.000000	 1.000000	 47.716644
-81	 0.571429	 1.000000	 1.000000	 47.750313
-83	 0.785714	 1.000000	 1.000000	 47.803764
-81	 0.785714	 1.000000	 1.000000	 47.855667
-82	 0.857143	 1.000000	 1.000000	 47.919357
-83	 0.714286	 1.000000	 1.000000	 47.956001
-83	 0.930233	 1.000000	 1.000000	 48.076290
-83	 0.882353	 1.000000	 1.000000	 48.151031
-84	 0.812500	 1.000000	 1.000000	 48.206558
-83	 0.571429	 1.000000	 1.000000	 48.232487
-83	 0.647059	 1.000000	 1.000000	 48.269627
-80	 0.571429	 1.000000	 1.000000	 48.299248
-83	 0.684211	 1.000000	 1.000000	 48.332924
-84	 0.842105	 1.000000	 1.000000	 48.389210
-83	 0.911765	 1.000000	 1.000000	 48.484989
-82	 0.906250	 1.000000	 1.000000	 48.576042
-83	 0.828571	 1.000000	 1.000000	 48.631596
-83	 0.837838	 1.000000	 1.000000	 48.687393
-82	 0.812500	 1.000000	 1.000000	 48.740692
-82	 0.000000	 1.000000	 1.000000	 48.765820
-84	 0.142857	 1.000000	 1.000000	 48.825085
-81	 0.000000	 1.000000	 1.000000	 48.880543
-84	 0.000000	 1.000000	 1.000000	 48.931252
-83	 0.142857	 1.000000	 1.000000	 48.981941
-83	 0.000000	 1.000000	 1.000000	 49.034248
-83	 0.000000	 1.000000	 1.000000	 49.090054
-80	 0.000000	 1.000000	 1.000000	 49.133667
-84	 0.333333	 1.000000	 1.000000	 49.180099
-85	 0.142857	 1.000000	 1.000000	 49.220058
-83	 0.000000	 1.000000	 1.000000	 49.241093
-84	 0.000000	 1.000000	 1.000000	 49.261532
-82	 0.400000	 1.000000	 1.000000	 49.287811
-80	 0.538462	 1.000000	 1.000000	 49.317993
-84	 0.250000	 1.000000	 1.000000	 49.343063
-80	 0.333333	 1.000000	 1.000000	 49.370087
-83	 0.250000	 1.000000	 1.000000	 49.395138
-80	 0.250000	 1.000000	 1.000000	 49.419647
-84	 0.454545	 1.000000	 1.000000	 49.446815
-83	 0.454545	 1.000000	 1.000000	 49.474003
-83	 0.625000	 1.000000	 1.000000	 49.510250
-83	 0.812500	 1.000000	 1.000000	 49.566246
-83	 0.910448	 1.000000	 1.000000	 49.666882
-83	 0.846154	 1.000000	 1.000000	 49.724014
-84	 0.684211	 1.000000	 1.000000	 49.757530
-84	 0.000000	 1.000000	 1.000000	 49.805820
-84	 0.000000	 1.000000	 1.000000	 51.071232
-83	 0.000000	 0.833333	 0.928571	 51.941628
-84	 0.000000	 1.000000	 -nan	 51.976940
