MCS8	 11.0	 94.0	 93.0	| 0.927711	 1.000000	 1.000000 |	-33	 3.950874
MCS8	 11.2	 95.5	 94.9	| 0.959809	 1.000000	 1.000000 |	-47	 7.285504
MCS8	 11.1	 94.9	 92.8	| 0.925000	 1.000000	 1.000000 |	-55	 10.969621
MCS8	 11.3	 96.3	 97.6	| 0.963726	 1.000000	 1.000000 |	-69	 13.519876
MCS8	 11.4	 96.9	 100.0	| 0.965361	 1.000000	 1.000000 |	-70	 19.397785
MCS8	 11.3	 96.5	 95.2	| 0.970297	 1.000000	 1.000000 |	-68	 20.435196
MCS8	 11.2	 95.1	 97.6	| 0.921053	 1.000000	 1.000000 |	-61	 20.538988
MCS8	 11.3	 96.2	 95.3	| 0.963636	 1.000000	 1.000000 |	-55	 23.554693
MCS8	 11.1	 94.4	 92.6	| 0.961394	 1.000000	 1.000000 |	-46	 25.683722
MCS8	 11.3	 96.3	 95.2	| 0.962025	 1.000000	 1.000000 |	-69	 30.539204
MCS8	 11.1	 94.2	 97.5	| 0.968641	 1.000000	 1.000000 |	-75	 32.155769
MCS8	 11.1	 94.4	 92.8	| 0.952381	 1.000000	 1.000000 |	-72	 34.536888
MCS8	 11.3	 96.3	 95.1	| 0.968421	 1.000000	 1.000000 |	-71	 35.100204
MCS8	 11.1	 94.7	 92.8	| 0.944954	 1.000000	 1.000000 |	-73	 35.369968
MCS8	 11.1	 94.6	 92.8	| 0.953488	 1.000000	 1.000000 |	-77	 35.684589
MCS8	 11.1	 94.9	 90.4	| 0.960784	 1.000000	 1.000000 |	-76	 35.994312
MCS8	 11.2	 95.2	 92.4	| 0.946820	 1.000000	 1.000000 |	-77	 38.386719
MCS8	 7.7	 65.7	 0.0	| 0.000000	 1.000000	 1.000000 |	-80	 41.836571
MCS8	 5.4	 46.6	 8.8	| 0.000000	 1.000000	 1.000000 |	-80	 41.944664
MCS8	 4.1	 34.9	 0.0	| 0.000000	 1.000000	 1.000000 |	-82	 41.999702
MCS8	 3.0	 26.2	 0.0	| 0.000000	 1.000000	 1.000000 |	-83	 42.055000
MCS8	 3.3	 28.6	 11.7	| 0.000000	 1.000000	 1.000000 |	-81	 42.262932
MCS8	 4.6	 39.2	 0.0	| 0.000000	 1.000000	 1.000000 |	-82	 42.593445
MCS8	 3.4	 29.4	 0.0	| 0.000000	 1.000000	 -nan |	-82	 42.651230
MCS8	 2.7	 22.9	 3.3	| 0.000000	 1.000000	 -nan |	-81	 42.707088
MCS8	 6.3	 54.1	 33.3	| 0.250000	 1.000000	 1.000000 |	-82	 43.397911
MCS8	 0.0	 8.6	 12.9	| 0.142857	 1.000000	 1.000000 |	-84	 45.566875
MCS8	 0.0	 3.9	 0.0	| 0.000000	 1.000000	 1.000000 |	-84	 45.784016
MCS8	 0.0	 2.8	 0.0	| 0.000000	 1.000000	 -nan |	-83	 46.210655
MCS8	 0.0	 1.1	 0.0	| 0.000000	 1.000000	 -nan |	-82	 46.379833
MCS8	 0.0	 5.6	 22.2	| 0.142857	 1.000000	 1.000000 |	-82	 46.844952
MCS8	 2.4	 20.7	 0.0	| 0.000000	 1.000000	 1.000000 |	-82	 47.003948
MCS8	 2.1	 18.0	 0.0	| 0.000000	 1.000000	 1.000000 |	-84	 47.365536
MCS8	 6.6	 56.0	 0.0	| 0.142857	 1.000000	 1.000000 |	-84	 48.825085
MCS8	 3.8	 33.0	 3.7	| 0.000000	 1.000000	 1.000000 |	-84	 48.931252
MCS8	 3.2	 27.4	 10.7	| 0.142857	 1.000000	 1.000000 |	-83	 48.981941
MCS8	 2.5	 21.4	 3.3	| 0.000000	 1.000000	 1.000000 |	-83	 49.034248
MCS8	 1.8	 16.0	 0.0	| 0.000000	 1.000000	 1.000000 |	-83	 49.090054
MCS8	 0.0	 1.2	 0.0	| 0.000000	 1.000000	 1.000000 |	-84	 51.071232
MCS8	 7.6	 64.8	 26.6	| 0.000000	 1.000000	 -nan |	-83	 37.954346
MCS8	 6.7	 57.1	 46.1	| 0.000000	 1.000000	 -nan |	-82	 38.453568
MCS8	 8.2	 69.9	 88.4	| 0.000000	 1.000000	 -nan |	-80	 39.160748
MCS8	 8.7	 74.2	 86.9	| 0.000000	 1.000000	 1.000000 |	-83	 39.220829
MCS8	 8.1	 68.8	 65.5	| 0.000000	 1.000000	 1.000000 |	-83	 39.329811
MCS8	 9.0	 76.6	 100.0	| 0.842105	 1.000000	 1.000000 |	-82	 39.389111
MCS8	 10.1	 85.8	 96.1	| 0.000000	 1.000000	 1.000000 |	-80	 39.481186
MCS8	 10.3	 87.5	 92.5	| 0.000000	 1.000000	 1.000000 |	-83	 39.539410
MCS8	 10.3	 87.8	 88.8	| 0.000000	 1.000000	 1.000000 |	-83	 39.596973
MCS8	 9.9	 84.2	 73.3	| 0.000000	 1.000000	 1.000000 |	-81	 39.642899
MCS8	 8.4	 71.8	 34.4	| 0.000000	 1.000000	 1.000000 |	-81	 39.694302
MCS8	 7.3	 61.9	 32.3	| 0.000000	 1.000000	 1.000000 |	-81	 39.760983
MCS8	 5.5	 47.3	 3.5	| 0.000000	 1.000000	 1.000000 |	-82	 39.809586
MCS8	 3.1	 26.6	 0.0	| 0.000000	 1.000000	 1.000000 |	-82	 39.915066
MCS8	 2.7	 23.3	 25.8	| 0.000000	 1.000000	 1.000000 |	-83	 40.083118
