MCS8	 11.2	 95.2	 97.5	-27	 0.049381
MCS8	 11.2	 95.2	 95.2	-28	 0.101252
MCS8	 11.0	 94.0	 90.4	-29	 0.153439
MCS8	 11.1	 94.3	 95.1	-28	 0.205348
MCS8	 11.2	 95.7	 100.0	-28	 0.256708
MCS8	 11.2	 95.5	 95.1	-29	 0.308795
MCS8	 11.3	 96.1	 97.6	-27	 0.361916
MCS8	 11.2	 95.8	 94.9	-26	 0.413172
MCS8	 11.3	 96.2	 97.6	-26	 0.466102
MCS8	 11.3	 96.0	 95.1	-26	 0.516737
MCS8	 11.2	 95.8	 95.2	-25	 0.568408
MCS8	 11.3	 96.2	 97.6	-26	 0.621489
MCS8	 11.3	 96.5	 97.5	-20	 0.673751
MCS8	 11.4	 97.4	 100.0	-28	 0.724407
MCS8	 11.4	 97.4	 97.6	-27	 0.777576
MCS8	 11.4	 97.5	 97.5	-27	 0.829696
MCS8	 11.5	 98.1	 100.0	-20	 0.881091
MCS8	 11.5	 97.9	 97.5	-29	 0.932684
MCS8	 11.4	 97.2	 95.2	-27	 0.985671
MCS8	 11.4	 96.7	 95.2	-28	 1.037493
MCS8	 11.2	 95.1	 90.2	-29	 1.089482
MCS8	 11.0	 93.9	 90.4	-31	 1.143791
MCS8	 11.1	 94.2	 95.1	-31	 1.193312
MCS8	 10.9	 92.7	 88.0	-31	 1.245503
MCS8	 11.0	 93.3	 95.2	-32	 1.297828
MCS8	 11.1	 94.4	 97.5	-32	 1.348835
MCS8	 11.1	 94.6	 95.2	-32	 1.401499
MCS8	 11.0	 94.1	 92.6	-36	 1.452969
MCS8	 11.1	 94.9	 97.5	-33	 1.504511
MCS8	 11.2	 95.6	 97.6	-33	 1.557264
MCS8	 11.3	 96.1	 97.5	-33	 1.609000
MCS8	 11.2	 95.3	 93.0	-31	 1.662084
MCS8	 11.2	 95.2	 94.9	-31	 1.713168
MCS8	 11.3	 96.4	 100.0	-29	 1.765675
MCS8	 11.4	 96.7	 97.6	-28	 1.817789
MCS8	 11.4	 96.9	 97.5	-29	 1.869442
MCS8	 10.9	 92.5	 79.4	-30	 1.920827
MCS8	 11.0	 93.8	 97.5	-33	 1.973102
MCS8	 11.0	 94.1	 95.1	-33	 2.025437
MCS8	 11.0	 93.8	 93.0	-33	 2.078254
MCS8	 11.1	 94.1	 95.1	-35	 2.129934
MCS8	 10.9	 92.5	 87.8	-35	 2.181123
MCS8	 11.0	 93.8	 97.6	-36	 2.233873
MCS8	 11.1	 94.7	 97.6	-36	 2.285802
MCS8	 11.3	 96.0	 100.0	-37	 2.337643
MCS8	 11.3	 95.8	 95.2	-36	 2.389472
MCS8	 11.2	 95.6	 95.1	-36	 2.440968
MCS8	 11.2	 95.5	 95.1	-36	 2.492931
MCS8	 11.1	 94.9	 93.0	-37	 2.545659
MCS8	 11.1	 94.9	 95.1	-36	 2.596808
MCS8	 11.1	 94.4	 93.0	-37	 2.650167
MCS8	 11.1	 94.6	 95.1	-38	 2.701047
MCS8	 11.1	 94.2	 93.0	-37	 2.753625
MCS8	 11.0	 93.8	 92.4	-38	 2.805339
MCS8	 11.2	 95.3	 100.0	-37	 2.857604
MCS8	 11.3	 95.9	 97.5	-37	 2.908824
MCS8	 11.2	 95.1	 92.8	-36	 2.961758
MCS8	 11.3	 96.3	 100.0	-34	 3.013063
MCS8	 11.4	 97.2	 100.0	-37	 3.064510
MCS8	 11.4	 97.3	 97.5	-38	 3.117191
MCS8	 11.5	 98.0	 100.0	-37	 3.168828
MCS8	 11.6	 98.5	 100.0	-37	 3.222005
MCS8	 11.2	 95.8	 87.8	-38	 3.273286
MCS8	 11.2	 95.6	 95.2	-37	 3.325722
MCS8	 11.1	 94.9	 92.6	-38	 3.377103
MCS8	 11.2	 95.0	 95.2	-38	 3.429003
MCS8	 11.3	 96.2	 100.0	-38	 3.481772
MCS8	 11.2	 95.4	 92.8	-36	 3.533913
MCS8	 11.2	 95.3	 95.1	-35	 3.585091
MCS8	 11.3	 95.8	 97.5	-42	 3.636862
MCS8	 11.3	 96.3	 97.6	-39	 3.690208
MCS8	 11.3	 96.0	 95.1	-41	 3.740480
MCS8	 11.3	 96.4	 97.6	-39	 3.793229
MCS8	 11.1	 94.9	 90.4	-40	 3.845530
MCS8	 11.1	 94.3	 92.6	-40	 3.896416
MCS8	 11.0	 94.0	 93.0	-33	 3.950874
MCS8	 11.1	 94.9	 97.5	-41	 4.001372
MCS8	 11.1	 94.9	 95.2	-47	 4.053117
MCS8	 11.2	 95.6	 97.6	-45	 4.105743
MCS8	 11.3	 96.1	 97.6	-42	 4.158620
MCS8	 11.2	 95.2	 92.6	-40	 4.209649
MCS8	 11.1	 94.6	 92.6	-41	 4.261118
MCS8	 11.2	 95.3	 97.6	-44	 4.313710
MCS8	 11.3	 95.9	 97.5	-41	 4.364859
MCS8	 11.2	 95.1	 92.8	-42	 4.417490
MCS8	 11.3	 96.3	 100.0	-39	 4.469400
MCS8	 11.2	 95.5	 93.0	-39	 4.522758
MCS8	 11.1	 94.7	 92.4	-43	 4.573394
MCS8	 11.3	 96.0	 100.0	-42	 4.625604
MCS8	 11.3	 96.4	 97.5	-44	 4.677203
MCS8	 11.2	 95.5	 92.8	-44	 4.730602
MCS8	 11.1	 94.2	 90.2	-41	 4.781647
MCS8	 11.2	 95.0	 97.5	-42	 4.833071
MCS8	 11.2	 95.6	 97.5	-40	 4.884883
MCS8	 11.3	 96.1	 97.6	-44	 4.936844
MCS8	 11.4	 97.1	 100.0	-41	 4.989818
MCS8	 11.4	 97.2	 97.5	-43	 5.040484
MCS8	 11.3	 96.0	 92.6	-42	 5.093158
MCS8	 11.3	 96.4	 97.6	-42	 5.144681
MCS8	 11.2	 95.6	 93.0	-44	 5.196877
MCS8	 11.2	 95.5	 95.2	-43	 5.248845
MCS8	 11.3	 96.6	 100.0	-41	 5.300953
MCS8	 11.4	 96.8	 97.5	-42	 5.353239
MCS8	 11.5	 97.6	 100.0	-45	 5.404989
MCS8	 11.2	 95.1	 87.8	-45	 5.456916
MCS8	 11.3	 96.3	 100.0	-44	 5.509371
MCS8	 11.3	 96.0	 95.1	-43	 5.561662
MCS8	 11.2	 95.2	 92.8	-49	 5.614049
MCS8	 11.1	 94.6	 92.6	-46	 5.664770
MCS8	 11.2	 95.3	 97.6	-46	 5.717059
MCS8	 11.3	 95.9	 97.5	-48	 5.768836
MCS8	 11.3	 96.3	 97.6	-49	 5.821927
MCS8	 11.3	 96.6	 97.5	-47	 5.873172
MCS8	 11.2	 95.1	 90.4	-46	 5.925697
MCS8	 11.2	 95.7	 97.5	-45	 5.976609
MCS8	 11.2	 94.9	 92.8	-45	 6.028975
MCS8	 11.2	 95.5	 94.9	-47	 7.285504
MCS8	 11.3	 96.0	 97.5	-47	 7.329229
MCS8	 11.3	 95.8	 95.2	-48	 7.380648
MCS8	 11.2	 95.6	 95.2	-39	 7.434175
MCS8	 11.3	 96.1	 97.6	-47	 7.487680
MCS8	 11.3	 95.8	 94.9	-48	 7.536261
MCS8	 11.3	 96.3	 97.6	-48	 7.589683
MCS8	 11.3	 96.0	 95.1	-48	 7.641047
MCS8	 11.2	 95.8	 95.1	-50	 7.692803
MCS8	 11.1	 94.4	 90.4	-49	 7.745224
MCS8	 11.2	 95.2	 97.6	-48	 7.798030
MCS8	 11.2	 95.2	 95.1	-46	 7.848856
MCS8	 11.2	 95.2	 95.2	-47	 7.902308
MCS8	 11.2	 95.8	 97.5	-49	 7.952851
MCS8	 11.3	 96.2	 97.5	-47	 8.005722
MCS8	 11.3	 96.5	 97.5	-47	 8.057320
MCS8	 11.4	 96.8	 97.6	-49	 8.120873
MCS8	 11.3	 96.4	 95.1	-49	 8.160571
MCS8	 11.2	 95.5	 93.0	-48	 8.215437
MCS8	 11.2	 95.4	 94.9	-48	 8.264733
MCS8	 11.3	 96.5	 100.0	-47	 8.316531
MCS8	 11.4	 97.4	 100.0	-48	 8.369788
MCS8	 11.5	 98.0	 100.0	-46	 8.421451
MCS8	 11.4	 96.8	 93.0	-46	 8.474326
MCS8	 11.3	 96.3	 94.9	-47	 8.524673
MCS8	 11.3	 96.6	 97.6	-46	 8.578134
MCS8	 11.3	 96.2	 95.1	-46	 8.629097
MCS8	 11.4	 97.2	 100.0	-47	 8.681584
MCS8	 11.4	 96.7	 95.2	-47	 8.733237
MCS8	 11.4	 96.9	 97.5	-49	 8.785267
MCS8	 11.5	 97.6	 100.0	-50	 8.837727
MCS8	 11.5	 98.2	 100.0	-49	 8.889986
MCS8	 11.4	 97.5	 95.2	-49	 8.941259
MCS8	 11.5	 98.1	 100.0	-50	 8.993440
MCS8	 11.4	 96.8	 92.8	-50	 9.045048
MCS8	 11.3	 96.3	 95.1	-49	 9.097147
MCS8	 11.4	 96.6	 97.6	-52	 9.150097
MCS8	 11.2	 95.0	 90.2	-51	 9.201286
MCS8	 11.3	 96.3	 100.0	-49	 9.254246
MCS8	 11.2	 95.4	 92.6	-50	 9.304896
MCS8	 10.9	 92.9	 85.7	-51	 9.357639
MCS8	 11.1	 94.7	 100.0	-52	 9.410501
MCS8	 11.1	 94.2	 92.6	-51	 9.461448
MCS8	 11.1	 94.4	 95.2	-51	 9.514075
MCS8	 11.1	 94.6	 95.2	-53	 9.565832
MCS8	 11.1	 94.7	 95.1	-55	 9.616919
MCS8	 11.2	 95.4	 97.4	-55	 9.669403
MCS8	 11.2	 95.4	 95.2	-55	 9.722054
MCS8	 11.2	 95.3	 95.1	-56	 9.773836
MCS8	 11.3	 95.9	 97.6	-56	 9.825278
MCS8	 11.3	 96.3	 97.6	-53	 9.877084
MCS8	 11.4	 97.2	 100.0	-53	 9.929908
MCS8	 11.4	 96.7	 95.1	-52	 9.980990
MCS8	 11.4	 97.5	 100.0	-52	 10.032592
MCS8	 11.4	 96.9	 95.2	-55	 10.086170
MCS8	 11.3	 96.5	 95.2	-53	 10.137189
MCS8	 11.3	 96.1	 95.1	-54	 10.189542
MCS8	 11.3	 95.9	 95.1	-55	 10.241539
MCS8	 11.3	 96.3	 97.5	-56	 10.293336
MCS8	 11.3	 96.6	 97.4	-56	 10.344806
MCS8	 11.4	 97.4	 100.0	-57	 10.397566
MCS8	 11.5	 98.0	 100.0	-57	 10.448554
MCS8	 11.4	 96.7	 92.8	-55	 10.501705
MCS8	 11.3	 96.3	 94.9	-55	 10.552669
MCS8	 11.1	 94.9	 90.6	-56	 10.606049
MCS8	 11.1	 94.9	 95.1	-56	 10.657616
MCS8	 11.3	 96.2	 100.0	-55	 10.709745
MCS8	 11.3	 96.5	 97.5	-54	 10.760586
MCS8	 11.3	 96.2	 95.2	-55	 10.813143
MCS8	 11.3	 96.5	 97.6	-54	 10.865239
MCS8	 11.2	 95.6	 92.6	-53	 10.917104
MCS8	 11.1	 94.9	 92.8	-55	 10.969621
MCS8	 11.2	 95.5	 97.5	-54	 11.022166
MCS8	 11.1	 94.8	 92.4	-54	 11.073054
MCS8	 11.1	 94.9	 95.2	-52	 11.125025
MCS8	 11.1	 94.9	 95.1	-52	 11.177567
MCS8	 11.1	 94.3	 92.6	-55	 11.228871
MCS8	 11.2	 95.1	 97.5	-55	 11.281279
MCS8	 11.2	 95.1	 95.1	-60	 11.333258
MCS8	 11.2	 95.7	 97.5	-63	 11.384995
MCS8	 11.2	 95.6	 95.3	-64	 11.437917
MCS8	 11.1	 94.3	 90.2	-58	 11.489737
MCS8	 11.1	 94.5	 95.1	-61	 11.541063
MCS8	 11.1	 94.6	 95.1	-60	 11.592543
MCS8	 10.9	 92.9	 87.8	-57	 11.644789
MCS8	 11.0	 93.5	 95.2	-63	 11.696617
MCS8	 11.2	 95.1	 100.0	-63	 11.749957
MCS8	 11.1	 94.5	 92.6	-64	 11.800884
MCS8	 11.0	 94.1	 92.8	-59	 11.854585
MCS8	 11.1	 94.9	 97.4	-66	 11.904840
MCS8	 11.2	 95.0	 95.2	-68	 11.957844
MCS8	 11.1	 94.4	 92.8	-65	 12.010097
MCS8	 11.0	 94.0	 92.6	-64	 12.060663
MCS8	 11.0	 93.7	 92.8	-62	 12.114297
MCS8	 11.0	 94.0	 95.1	-61	 12.164902
MCS8	 11.0	 93.7	 92.8	-62	 12.217961
MCS8	 11.0	 94.1	 95.1	-61	 12.269183
MCS8	 11.1	 94.9	 97.6	-59	 12.320931
MCS8	 11.3	 96.3	 97.6	-69	 13.519876
MCS8	 11.3	 96.6	 97.6	-69	 13.569971
MCS8	 11.4	 96.8	 97.4	-70	 13.620642
MCS8	 11.4	 97.0	 97.6	-70	 13.673442
MCS8	 11.5	 97.8	 100.0	-71	 13.725718
MCS8	 11.5	 97.7	 97.5	-72	 13.778073
MCS8	 11.5	 98.3	 100.0	-70	 13.828750
MCS8	 11.6	 98.7	 100.0	-71	 13.882438
MCS8	 11.6	 99.0	 100.0	-74	 13.933107
MCS8	 11.6	 98.6	 97.5	-70	 13.985185
MCS8	 11.4	 97.1	 92.6	-73	 14.036372
MCS8	 11.3	 96.6	 95.1	-73	 14.089182
MCS8	 11.4	 96.9	 97.6	-74	 14.141331
MCS8	 11.3	 96.4	 95.2	-75	 14.193711
MCS8	 11.3	 96.1	 95.2	-71	 14.245188
MCS8	 11.4	 97.1	 100.0	-74	 14.297269
MCS8	 11.4	 97.2	 97.5	-71	 14.349943
MCS8	 11.4	 97.3	 97.5	-71	 14.401510
MCS8	 11.3	 96.1	 92.6	-70	 14.452802
MCS8	 11.3	 96.5	 97.6	-69	 14.505501
MCS8	 11.4	 97.4	 100.0	-70	 14.558061
MCS8	 11.4	 97.4	 97.4	-70	 14.609158
MCS8	 11.4	 96.8	 95.1	-67	 14.660300
MCS8	 11.2	 95.8	 92.6	-70	 14.712578
MCS8	 11.1	 94.4	 90.4	-70	 14.764915
MCS8	 11.0	 94.0	 92.8	-69	 14.817843
MCS8	 11.1	 94.3	 95.1	-71	 14.868871
MCS8	 11.0	 93.3	 90.2	-70	 14.921985
MCS8	 10.9	 92.5	 90.4	-69	 14.973896
MCS8	 11.0	 93.8	 97.5	-71	 15.024745
MCS8	 11.1	 94.1	 95.1	-70	 15.077307
MCS8	 11.2	 95.6	 100.0	-71	 15.128254
MCS8	 11.4	 96.7	 100.0	-74	 15.180458
MCS8	 11.3	 96.2	 94.9	-68	 15.232651
MCS8	 11.3	 96.0	 95.2	-70	 15.285496
MCS8	 11.3	 96.3	 97.4	-71	 15.337757
MCS8	 11.3	 96.0	 95.1	-73	 15.389505
MCS8	 11.1	 94.6	 90.2	-73	 15.441328
MCS8	 11.1	 94.1	 92.8	-73	 15.493421
MCS8	 11.0	 93.7	 92.4	-70	 15.545103
MCS8	 11.0	 94.0	 95.1	-70	 15.597516
MCS8	 11.1	 94.9	 97.5	-71	 15.649450
MCS8	 11.2	 95.0	 95.1	-71	 15.701869
MCS8	 11.3	 96.2	 100.0	-72	 15.753334
MCS8	 11.2	 95.4	 92.8	-72	 15.806387
MCS8	 11.2	 95.3	 94.9	-73	 15.857788
MCS8	 11.2	 95.2	 95.1	-74	 15.908970
MCS8	 11.1	 94.6	 92.6	-73	 15.961210
MCS8	 11.3	 95.9	 100.0	-75	 16.012665
MCS8	 11.0	 93.9	 87.8	-71	 16.065170
MCS8	 11.1	 94.8	 97.5	-71	 16.117687
MCS8	 11.1	 94.8	 94.9	-75	 16.168724
MCS8	 11.1	 94.9	 95.2	-72	 16.220697
MCS8	 11.2	 95.0	 95.3	-71	 16.274912
MCS8	 11.2	 95.6	 97.4	-76	 16.325460
MCS8	 11.1	 94.8	 92.4	-74	 16.377422
MCS8	 11.1	 94.9	 95.2	-72	 16.429544
MCS8	 11.3	 96.2	 100.0	-71	 16.481089
MCS8	 11.3	 95.9	 95.2	-68	 16.534445
MCS8	 11.3	 96.3	 97.5	-71	 16.585382
MCS8	 11.2	 95.4	 92.8	-71	 16.637531
MCS8	 11.3	 96.0	 97.5	-70	 16.689590
MCS8	 11.1	 94.5	 90.2	-70	 16.740902
MCS8	 11.0	 93.5	 90.4	-68	 16.797337
MCS8	 11.0	 93.9	 95.1	-66	 16.844749
MCS8	 11.1	 94.2	 95.1	-69	 16.897947
MCS8	 10.8	 92.0	 85.3	-70	 16.949553
MCS8	 10.9	 92.7	 95.1	-66	 17.001816
MCS8	 11.0	 93.9	 97.4	-70	 17.052937
MCS8	 11.2	 95.4	 100.0	-72	 17.105280
MCS8	 11.3	 96.6	 100.0	-69	 17.157742
MCS8	 11.3	 96.2	 95.1	-69	 17.209663
MCS8	 11.3	 95.8	 94.8	-65	 17.261925
MCS8	 11.2	 95.0	 92.4	-72	 17.312992
MCS8	 11.3	 96.2	 100.0	-77	 17.364994
MCS8	 11.1	 94.8	 90.4	-76	 17.417839
MCS8	 11.2	 95.4	 97.4	-77	 17.468622
MCS8	 11.1	 94.8	 93.0	-74	 17.522017
MCS8	 11.3	 96.1	 100.0	-75	 17.573429
MCS8	 11.2	 95.3	 92.8	-73	 17.625284
MCS8	 11.3	 95.9	 97.6	-74	 17.678663
MCS8	 11.2	 95.7	 95.2	-72	 17.731199
MCS8	 11.1	 94.9	 92.4	-74	 17.781609
MCS8	 11.2	 95.0	 95.2	-72	 17.833517
MCS8	 11.2	 95.0	 95.1	-73	 17.884832
MCS8	 11.3	 96.2	 100.0	-72	 17.936941
MCS8	 11.3	 96.6	 97.6	-70	 17.989513
MCS8	 11.4	 96.8	 97.5	-73	 18.041344
MCS8	 11.3	 96.4	 95.1	-72	 18.092506
MCS8	 11.4	 97.3	 100.0	-64	 18.145184
MCS8	 11.3	 96.2	 93.0	-63	 18.199417
MCS8	 11.2	 95.3	 92.4	-65	 18.249636
MCS8	 11.2	 95.2	 94.9	-74	 18.300816
MCS8	 11.1	 94.6	 92.8	-72	 18.353334
MCS8	 11.2	 95.3	 97.5	-68	 18.405140
MCS8	 11.3	 96.5	 100.0	-69	 18.457134
MCS8	 11.4	 97.3	 100.0	-67	 18.510277
MCS8	 11.3	 96.2	 92.6	-65	 18.561413
MCS8	 11.4	 96.9	 100.0	-70	 19.397785
MCS8	 11.4	 97.0	 97.5	-69	 19.446028
MCS8	 11.2	 95.4	 90.4	-75	 19.497799
MCS8	 11.3	 96.5	 100.0	-70	 19.549929
MCS8	 11.4	 96.7	 97.4	-69	 19.601667
MCS8	 11.4	 96.9	 97.5	-69	 19.653006
MCS8	 11.5	 97.7	 100.0	-71	 19.705914
MCS8	 11.5	 97.6	 97.5	-72	 19.756725
MCS8	 11.4	 97.0	 95.1	-73	 19.808502
MCS8	 11.4	 97.1	 97.5	-71	 19.861277
MCS8	 11.1	 94.8	 87.8	-69	 19.912310
MCS8	 11.1	 94.2	 92.6	-70	 19.965288
MCS8	 11.2	 95.1	 97.6	-71	 20.016682
MCS8	 11.2	 95.7	 97.5	-68	 20.069212
MCS8	 11.1	 94.9	 92.6	-69	 20.120983
MCS8	 11.2	 95.0	 95.2	-66	 20.173750
MCS8	 11.2	 95.6	 97.5	-67	 20.224911
MCS8	 11.4	 96.7	 100.0	-66	 20.277739
MCS8	 11.5	 97.5	 100.0	-67	 20.328945
MCS8	 11.4	 96.9	 95.1	-70	 20.381344
MCS8	 11.3	 96.5	 95.2	-68	 20.435196
MCS8	 11.1	 94.2	 87.5	-69	 20.485275
MCS8	 11.2	 95.1	 97.6	-61	 20.538988
MCS8	 11.2	 95.1	 95.1	-66	 20.588858
MCS8	 11.1	 94.5	 92.8	-67	 20.642057
MCS8	 11.3	 95.9	 100.0	-64	 20.692959
MCS8	 11.1	 94.5	 90.4	-65	 20.745630
MCS8	 11.0	 93.4	 90.2	-68	 20.797764
MCS8	 11.2	 95.1	 100.0	-65	 20.850018
MCS8	 11.2	 95.7	 97.5	-63	 20.902002
MCS8	 11.3	 96.1	 97.6	-64	 20.954979
MCS8	 11.3	 96.5	 97.4	-63	 21.005173
MCS8	 11.3	 96.1	 95.2	-62	 21.057783
MCS8	 11.3	 96.5	 97.6	-65	 21.109928
MCS8	 11.4	 97.4	 100.0	-65	 21.160877
MCS8	 11.4	 97.4	 97.5	-67	 21.212591
MCS8	 11.4	 97.4	 97.6	-66	 21.265650
MCS8	 11.3	 96.2	 92.6	-67	 21.317652
MCS8	 11.3	 95.9	 95.1	-66	 21.368988
MCS8	 11.3	 96.4	 97.6	-66	 21.421459
MCS8	 11.4	 97.2	 100.0	-65	 21.473305
MCS8	 11.2	 95.5	 90.2	-66	 21.524912
MCS8	 11.3	 96.6	 100.0	-67	 21.577057
MCS8	 11.4	 97.4	 100.0	-67	 21.628914
MCS8	 11.3	 96.3	 92.8	-71	 21.685225
MCS8	 11.3	 96.0	 95.1	-67	 21.733738
MCS8	 11.3	 96.4	 97.5	-66	 21.785957
MCS8	 11.3	 96.0	 95.1	-65	 21.837023
MCS8	 11.3	 95.8	 95.1	-67	 21.890198
MCS8	 11.2	 95.0	 92.8	-65	 21.942291
MCS8	 11.2	 95.6	 97.4	-64	 21.992790
MCS8	 11.2	 95.5	 95.2	-65	 22.045490
MCS8	 11.1	 94.8	 92.6	-67	 22.097404
MCS8	 11.1	 94.3	 92.8	-64	 22.149960
MCS8	 11.0	 93.9	 92.8	-65	 22.201769
MCS8	 11.0	 93.6	 92.6	-68	 22.253801
MCS8	 11.0	 93.4	 92.6	-68	 22.304781
MCS8	 10.9	 93.2	 92.8	-67	 22.357534
MCS8	 11.0	 93.7	 95.2	-66	 22.409840
MCS8	 11.1	 94.7	 97.5	-65	 22.461363
MCS8	 11.2	 95.4	 97.5	-65	 22.513962
MCS8	 10.9	 92.9	 85.3	-64	 22.565605
MCS8	 11.0	 93.4	 95.1	-67	 22.616299
MCS8	 11.1	 94.5	 97.6	-68	 22.669559
MCS8	 11.2	 95.2	 97.5	-68	 22.721373
MCS8	 11.2	 95.2	 95.1	-64	 22.772793
MCS8	 11.2	 95.8	 97.5	-60	 22.824572
MCS8	 11.3	 96.2	 97.5	-58	 22.877138
MCS8	 11.0	 94.1	 87.8	-58	 22.928799
MCS8	 11.2	 95.0	 97.6	-59	 22.981203
MCS8	 11.1	 94.4	 92.6	-59	 23.032997
MCS8	 11.1	 94.6	 95.2	-58	 23.085535
MCS8	 11.0	 94.1	 92.6	-58	 23.137190
MCS8	 11.2	 95.6	 100.0	-57	 23.188520
MCS8	 11.2	 95.4	 95.1	-57	 23.241283
MCS8	 11.2	 95.4	 95.2	-58	 23.293880
MCS8	 11.3	 95.9	 97.5	-59	 23.345207
MCS8	 11.2	 95.7	 95.2	-63	 23.397917
MCS8	 11.3	 96.2	 97.4	-61	 23.449839
MCS8	 11.3	 96.5	 97.5	-59	 23.500845
MCS8	 11.3	 96.2	 95.3	-55	 23.554693
MCS8	 11.3	 96.5	 97.4	-53	 23.605064
MCS8	 11.4	 96.7	 97.4	-52	 23.656715
MCS8	 11.2	 95.8	 92.8	-55	 23.709106
MCS8	 11.2	 95.6	 95.2	-56	 23.761662
MCS8	 11.4	 96.7	 100.0	-55	 23.813894
MCS8	 11.3	 96.3	 95.1	-55	 23.864977
MCS8	 11.3	 96.0	 95.2	-56	 23.917625
MCS8	 11.3	 96.4	 97.6	-56	 23.969440
MCS8	 11.3	 96.0	 94.9	-59	 24.021347
MCS8	 11.4	 97.0	 100.0	-59	 24.073204
MCS8	 11.5	 97.7	 100.0	-56	 24.124990
MCS8	 11.3	 96.5	 92.8	-55	 24.177774
MCS8	 11.1	 94.9	 90.2	-55	 24.229309
MCS8	 11.1	 94.4	 92.8	-55	 24.281229
MCS8	 11.1	 94.6	 95.2	-56	 24.333469
MCS8	 11.1	 94.7	 95.1	-56	 24.385406
MCS8	 11.1	 94.8	 95.1	-56	 24.437075
MCS8	 11.1	 94.4	 92.6	-46	 25.683722
MCS8	 11.2	 95.8	 100.0	-45	 25.685709
MCS8	 11.3	 96.2	 97.5	-53	 25.737185
MCS8	 11.2	 95.3	 92.8	-50	 25.789948
MCS8	 11.1	 94.7	 92.6	-47	 25.840899
MCS8	 11.1	 94.8	 95.2	-48	 25.893223
MCS8	 11.1	 94.3	 92.8	-50	 25.945677
MCS8	 11.2	 95.7	 100.0	-54	 25.996960
MCS8	 11.2	 95.6	 95.2	-50	 26.052858
MCS8	 11.2	 95.5	 95.1	-47	 26.101343
MCS8	 11.1	 94.7	 92.6	-49	 26.153061
MCS8	 11.1	 94.9	 95.2	-50	 26.205536
MCS8	 11.3	 96.1	 100.0	-50	 26.257082
MCS8	 11.3	 95.8	 94.9	-50	 26.308386
MCS8	 11.2	 95.1	 92.8	-48	 26.361429
MCS8	 11.2	 95.1	 95.2	-51	 26.413677
MCS8	 11.2	 95.1	 95.2	-51	 26.465174
MCS8	 11.2	 95.7	 97.5	-52	 26.516371
MCS8	 11.2	 95.6	 95.2	-51	 26.569000
MCS8	 11.3	 96.1	 97.5	-51	 26.621771
MCS8	 11.2	 95.3	 92.8	-51	 26.673861
MCS8	 11.1	 94.6	 92.6	-49	 26.725821
MCS8	 11.1	 94.7	 95.1	-47	 26.777168
MCS8	 11.2	 95.4	 97.5	-48	 26.829712
MCS8	 11.3	 96.5	 100.0	-39	 26.881569
MCS8	 11.2	 95.6	 92.6	-49	 26.933502
MCS8	 11.3	 96.1	 97.5	-51	 26.985756
MCS8	 11.3	 96.4	 97.5	-52	 27.037039
MCS8	 11.1	 94.3	 88.0	-52	 27.088905
MCS8	 11.0	 93.9	 92.8	-54	 27.140512
MCS8	 11.1	 94.8	 97.5	-53	 27.193590
MCS8	 11.3	 96.1	 100.0	-55	 27.245531
MCS8	 11.1	 94.6	 89.9	-52	 27.297773
MCS8	 11.1	 94.7	 95.1	-54	 27.348656
MCS8	 11.1	 94.8	 95.1	-57	 27.400948
MCS8	 11.1	 94.3	 92.8	-51	 27.453573
MCS8	 11.0	 93.9	 92.6	-56	 27.504845
MCS8	 11.1	 94.8	 97.5	-57	 27.557846
MCS8	 11.2	 95.5	 97.5	-57	 27.609755
MCS8	 11.3	 96.0	 97.5	-63	 27.661585
MCS8	 11.2	 95.7	 95.1	-61	 27.713413
MCS8	 11.2	 95.6	 95.1	-63	 27.765167
MCS8	 11.3	 96.1	 97.6	-64	 27.818317
MCS8	 11.3	 96.4	 97.4	-66	 27.869440
MCS8	 11.4	 96.7	 97.6	-67	 27.922640
MCS8	 11.3	 96.3	 94.9	-63	 27.973099
MCS8	 11.3	 96.0	 95.2	-66	 28.025127
MCS8	 10.4	 88.2	 64.7	-65	 28.306334
MCS8	 11.2	 95.0	 100.0	-63	 29.009897
MCS8	 11.2	 95.5	 97.0	-66	 29.185116
MCS8	 11.2	 95.4	 95.2	-70	 29.238323
MCS8	 11.1	 94.7	 92.4	-71	 29.288525
MCS8	 11.1	 94.2	 92.6	-69	 29.340931
MCS8	 11.0	 93.8	 92.6	-70	 29.393305
MCS8	 11.0	 93.3	 91.8	-68	 29.569439
MCS8	 10.9	 92.5	 90.2	-67	 29.621424
MCS8	 11.0	 93.8	 97.5	-70	 29.673641
MCS8	 11.1	 94.7	 97.5	-70	 29.724291
MCS8	 11.1	 94.8	 95.2	-72	 29.777496
MCS8	 11.2	 95.3	 96.9	-73	 29.949680
MCS8	 11.3	 96.5	 100.0	-69	 30.001326
MCS8	 11.4	 96.8	 94.9	-69	 30.109682
MCS8	 11.2	 95.7	 92.4	-68	 30.161018
MCS8	 11.4	 96.7	 100.0	-69	 30.325235
MCS8	 11.3	 96.3	 94.9	-64	 30.377794
MCS8	 11.4	 96.6	 94.9	-70	 30.485861
MCS8	 11.3	 96.3	 95.2	-69	 30.539204
MCS8	 11.4	 97.2	 100.0	-64	 30.705925
MCS8	 11.1	 94.2	 97.5	-75	 32.155769
MCS8	 11.0	 94.0	 93.3	-75	 32.213779
MCS8	 11.1	 94.8	 97.4	-75	 32.266148
MCS8	 11.3	 95.9	 95.1	-77	 32.373165
MCS8	 11.4	 96.9	 100.0	-79	 32.424923
MCS8	 11.5	 97.6	 100.0	-78	 32.593639
MCS8	 11.5	 97.6	 97.5	-79	 32.644779
MCS8	 11.4	 97.0	 95.2	-76	 32.698181
MCS8	 11.4	 97.1	 97.5	-75	 32.749710
MCS8	 11.3	 96.0	 92.6	-77	 32.800926
MCS8	 11.3	 96.3	 97.1	-79	 32.973198
MCS8	 11.3	 95.9	 94.8	-79	 33.025551
MCS8	 11.3	 96.4	 94.8	-72	 33.134499
MCS8	 11.4	 96.7	 97.4	-69	 33.184769
MCS8	 11.4	 96.7	 96.7	-69	 33.353718
MCS8	 11.5	 97.5	 100.0	-70	 33.462055
MCS8	 11.5	 98.1	 100.0	-74	 33.513355
MCS8	 11.4	 97.3	 94.9	-71	 33.565704
MCS8	 11.5	 98.0	 100.0	-68	 33.729561
MCS8	 11.4	 97.2	 95.1	-75	 33.782059
MCS8	 11.5	 97.9	 100.0	-74	 33.833141
MCS8	 11.6	 98.4	 100.0	-71	 33.884926
MCS8	 11.5	 98.2	 97.6	-73	 33.936581
MCS8	 11.3	 96.2	 90.3	-73	 34.105537
MCS8	 11.4	 97.2	 100.0	-74	 34.213558
MCS8	 11.1	 94.6	 87.1	-74	 34.264942
MCS8	 11.2	 95.3	 97.4	-78	 34.317780
MCS8	 11.1	 94.9	 93.5	-78	 34.486084
MCS8	 11.1	 94.4	 92.8	-72	 34.536888
MCS8	 11.0	 93.9	 92.6	-73	 34.600746
MCS8	 11.1	 94.2	 94.9	-74	 34.640739
MCS8	 11.2	 95.0	 97.6	-75	 34.675606
MCS8	 11.3	 96.3	 100.0	-74	 34.745728
MCS8	 11.3	 96.0	 95.1	-73	 34.805782
MCS8	 11.1	 94.6	 90.4	-71	 34.852558
MCS8	 11.1	 94.7	 94.9	-74	 34.901131
MCS8	 11.1	 94.2	 92.6	-75	 34.970261
MCS8	 11.2	 95.6	 100.0	-75	 35.005791
MCS8	 11.4	 96.7	 100.0	-74	 35.056576
MCS8	 11.3	 96.3	 95.1	-71	 35.100204
MCS8	 11.1	 94.8	 90.2	-77	 35.165161
MCS8	 11.2	 95.5	 97.6	-77	 35.213654
MCS8	 11.2	 95.3	 94.9	-76	 35.268429
MCS8	 11.2	 95.3	 95.1	-74	 35.317741
MCS8	 11.1	 94.7	 92.8	-73	 35.369968
MCS8	 11.3	 96.0	 100.0	-74	 35.421055
MCS8	 11.2	 95.1	 92.6	-73	 35.473209
MCS8	 11.0	 93.4	 88.0	-75	 35.525684
MCS8	 11.1	 94.4	 97.5	-75	 35.577114
MCS8	 11.2	 95.2	 97.4	-77	 35.635342
MCS8	 11.1	 94.6	 92.8	-77	 35.684589
MCS8	 11.1	 94.6	 94.8	-76	 35.733089
MCS8	 11.1	 94.1	 92.6	-76	 35.785400
MCS8	 11.1	 94.3	 94.9	-76	 35.840992
MCS8	 11.2	 95.1	 97.6	-76	 35.889488
MCS8	 11.3	 96.3	 100.0	-76	 35.940880
MCS8	 11.1	 94.9	 90.4	-76	 35.994312
MCS8	 11.1	 94.9	 94.9	-76	 36.045143
MCS8	 11.2	 95.0	 95.2	-71	 36.097580
MCS8	 11.3	 96.2	 100.0	-75	 36.148540
MCS8	 11.3	 96.5	 97.5	-75	 36.201332
MCS8	 11.3	 96.2	 95.2	-73	 36.250298
MCS8	 11.3	 96.5	 97.6	-76	 36.305004
MCS8	 11.4	 97.4	 100.0	-78	 36.356892
MCS8	 11.3	 96.2	 92.6	-78	 36.410065
MCS8	 11.2	 95.1	 91.8	-76	 36.460854
MCS8	 11.2	 95.8	 97.7	-74	 36.513428
MCS8	 11.0	 93.8	 88.0	-75	 36.565845
MCS8	 11.0	 94.1	 94.8	-76	 36.617298
MCS8	 11.1	 94.9	 97.6	-75	 36.669048
MCS8	 11.2	 95.6	 97.4	-75	 36.720985
MCS8	 11.1	 94.2	 90.2	-77	 36.773727
MCS8	 11.0	 93.8	 92.4	-75	 36.824650
MCS8	 11.0	 93.5	 92.6	-76	 36.876904
MCS8	 11.0	 93.3	 92.6	-78	 36.929432
MCS8	 10.9	 93.1	 92.6	-76	 36.981174
MCS8	 10.7	 91.2	 85.3	-75	 37.033142
MCS8	 10.7	 91.5	 92.6	-77	 37.084812
MCS8	 10.6	 90.6	 87.8	-75	 37.137875
MCS8	 10.8	 92.3	 97.5	-76	 37.189556
MCS8	 11.2	 95.2	 92.4	-77	 38.386719
MCS8	 11.2	 95.7	 97.5	-75	 38.437378
MCS8	 11.4	 96.8	 100.0	-74	 38.489269
MCS8	 11.4	 97.0	 97.5	-73	 38.541168
MCS8	 11.4	 97.1	 97.5	-76	 38.593456
MCS8	 11.3	 95.9	 92.4	-76	 38.644905
MCS8	 11.2	 95.2	 92.8	-75	 38.697609
MCS8	 11.2	 95.1	 95.1	-76	 38.749290
MCS8	 11.2	 95.1	 95.1	-76	 38.801746
MCS8	 11.2	 95.1	 95.1	-77	 38.853123
MCS8	 11.1	 94.4	 92.3	-77	 38.904858
MCS8	 11.1	 94.6	 95.1	-77	 38.956482
MCS8	 11.1	 94.7	 95.1	-77	 39.009041
MCS8	 10.8	 91.8	 83.3	-76	 39.061771
MCS8	 10.8	 92.0	 92.6	-80	 39.113926
MCS8	 10.8	 91.6	 90.2	-78	 39.164310
MCS8	 10.9	 93.1	 97.6	-77	 39.218632
MCS8	 10.9	 93.0	 92.6	-76	 39.270054
MCS8	 10.8	 91.6	 87.5	-78	 39.321461
MCS8	 10.8	 91.9	 92.6	-78	 39.373562
MCS8	 10.8	 92.0	 92.4	-77	 39.425369
MCS8	 10.8	 92.2	 92.6	-76	 39.477619
MCS8	 10.9	 92.9	 95.1	-78	 39.529091
MCS8	 11.0	 94.0	 97.5	-80	 39.581535
MCS8	 11.2	 95.5	 100.0	-78	 39.633556
MCS8	 11.3	 96.0	 97.5	-76	 39.685490
MCS8	 11.2	 95.8	 95.1	-75	 39.737762
MCS8	 11.2	 95.0	 92.6	-76	 39.790268
MCS8	 11.3	 96.2	 100.0	-78	 39.841335
MCS8	 11.3	 95.9	 94.9	-80	 39.893013
MCS8	 10.9	 92.7	 82.9	-80	 39.945492
MCS8	 10.9	 92.7	 92.8	-79	 39.999355
MCS8	 10.8	 92.0	 89.9	-79	 40.049816
MCS8	 10.9	 92.8	 95.1	-79	 40.101475
MCS8	 11.0	 94.0	 97.5	-80	 40.153122
MCS8	 11.0	 93.6	 92.6	-81	 40.204533
MCS8	 11.2	 95.2	 100.0	-81	 40.257393
MCS8	 11.1	 94.6	 92.6	-80	 40.309994
MCS8	 11.0	 93.5	 90.2	-80	 40.361668
MCS8	 10.0	 85.5	 61.5	-81	 40.422985
MCS8	 7.5	 64.1	 0.0	-83	 40.478062
MCS8	 7.3	 62.5	 57.8	-82	 40.528763
MCS8	 7.5	 64.2	 69.2	-81	 40.581230
MCS8	 7.7	 65.6	 69.7	-83	 40.635414
MCS8	 6.2	 52.7	 14.2	-82	 40.692101
MCS8	 6.1	 52.4	 51.5	-82	 40.742199
MCS8	 7.4	 63.1	 94.9	-82	 40.792881
MCS8	 8.3	 70.4	 92.4	-80	 40.846210
MCS8	 9.1	 77.8	 100.0	-79	 40.896667
MCS8	 9.6	 81.6	 93.0	-79	 40.950150
MCS8	 10.0	 85.5	 97.4	-78	 41.000706
MCS8	 10.3	 87.4	 92.8	-78	 41.054733
MCS8	 10.5	 89.3	 94.9	-78	 41.105453
MCS8	 10.7	 90.7	 95.1	-80	 41.157513
MCS8	 10.8	 91.8	 94.9	-79	 41.209827
MCS8	 10.6	 90.7	 87.5	-80	 41.261295
MCS8	 10.7	 91.2	 92.8	-80	 41.313339
MCS8	 10.6	 90.3	 87.5	-79	 41.365784
MCS8	 10.6	 90.2	 89.9	-79	 41.418198
MCS8	 10.8	 92.0	 97.4	-78	 41.468819
MCS8	 10.9	 92.8	 95.1	-79	 41.521423
MCS8	 11.0	 94.0	 97.5	-78	 41.573215
MCS8	 11.0	 93.6	 92.6	-79	 41.624508
MCS8	 11.0	 93.3	 92.4	-79	 41.676304
MCS8	 11.1	 94.4	 97.5	-79	 41.729023
MCS8	 10.3	 87.6	 67.4	-81	 41.783554
MCS8	 7.7	 65.7	 0.0	-80	 41.836571
MCS8	 6.9	 59.1	 39.4	-82	 41.886669
MCS8	 5.4	 46.6	 8.8	-80	 41.944664
MCS8	 4.1	 34.9	 0.0	-82	 41.999702
MCS8	 3.0	 26.2	 0.0	-83	 42.055000
MCS8	 3.8	 32.4	 51.3	-82	 42.105946
MCS8	 4.8	 41.5	 68.5	-81	 42.157173
MCS8	 4.0	 34.2	 12.5	-83	 42.208858
MCS8	 3.3	 28.6	 11.7	-81	 42.262932
MCS8	 3.5	 30.2	 34.9	-82	 42.315250
MCS8	 4.8	 40.8	 72.7	-81	 42.365582
MCS8	 5.2	 44.7	 56.5	-81	 42.417034
MCS8	 6.3	 53.8	 81.2	-78	 42.473427
MCS8	 6.1	 52.3	 47.6	-77	 42.527405
MCS8	 4.6	 39.2	 0.0	-82	 42.593445
MCS8	 3.4	 29.4	 0.0	-82	 42.651230
MCS8	 2.7	 22.9	 3.3	-81	 42.707088
MCS8	 2.0	 17.1	 0.0	-82	 42.763115
MCS8	 2.6	 22.8	 39.9	-82	 42.813217
MCS8	 2.5	 21.5	 17.6	-81	 42.866718
MCS8	 4.4	 37.9	 87.0	-79	 42.920017
MCS8	 6.2	 52.8	 97.3	-80	 42.969383
MCS8	 6.6	 56.6	 67.9	-83	 43.020939
MCS8	 5.0	 42.4	 0.0	-84	 43.075821
MCS8	 4.3	 37.0	 20.6	-81	 43.126682
MCS8	 3.6	 31.0	 13.3	-80	 43.178307
MCS8	 5.3	 45.1	 87.1	-82	 43.229073
MCS8	 6.2	 52.8	 75.9	-83	 43.280640
MCS8	 6.8	 58.3	 75.0	-83	 43.332912
MCS8	 5.3	 45.0	 5.2	-82	 43.385693
MCS8	 6.3	 54.1	 33.3	-82	 43.397911
MCS8	 5.0	 43.2	 10.3	-82	 44.816757
MCS8	 3.8	 32.4	 0.0	-81	 44.874153
MCS8	 4.2	 36.0	 47.0	-81	 44.925014
MCS8	 5.8	 50.0	 91.8	-82	 44.977783
MCS8	 6.9	 58.6	 84.3	-84	 45.032696
MCS8	 6.1	 52.2	 33.3	-81	 45.083023
MCS8	 6.2	 53.3	 56.5	-82	 45.135651
MCS8	 4.8	 40.7	 3.1	-81	 45.192532
MCS8	 3.6	 30.5	 0.0	-82	 45.245281
MCS8	 2.7	 22.9	 0.0	-82	 45.298618
MCS8	 2.0	 17.2	 0.0	-81	 45.350208
MCS8	 1.5	 12.9	 0.0	-82	 45.407982
MCS8	 0.0	 9.6	 0.0	-82	 45.462067
MCS8	 0.0	 7.2	 0.0	-84	 45.515545
MCS8	 0.0	 8.6	 12.9	-84	 45.566875
MCS8	 0.0	 6.5	 0.0	-84	 45.620819
MCS8	 0.0	 4.8	 0.0	-81	 45.672955
MCS8	 0.0	 5.3	 6.6	-82	 45.726532
MCS8	 0.0	 3.9	 0.0	-84	 45.784016
MCS8	 0.0	 2.9	 0.0	-83	 45.837906
MCS8	 1.5	 13.4	 44.9	-82	 45.889793
MCS8	 1.4	 11.9	 7.1	-82	 45.944996
MCS8	 0.0	 8.9	 0.0	-81	 45.995178
MCS8	 0.0	 6.6	 0.0	-81	 46.046272
MCS8	 0.0	 5.0	 0.0	-83	 46.099281
MCS8	 0.0	 3.7	 0.0	-83	 46.158409
MCS8	 0.0	 2.8	 0.0	-83	 46.210655
MCS8	 0.0	 2.1	 0.0	-82	 46.267296
MCS8	 0.0	 1.5	 0.0	-82	 46.327827
MCS8	 0.0	 1.1	 0.0	-82	 46.379833
MCS8	 0.0	 0.8	 0.0	-81	 46.431973
MCS8	 0.0	 0.6	 0.0	-81	 46.481171
MCS8	 0.0	 0.5	 0.0	-80	 46.536037
MCS8	 0.0	 0.3	 0.0	-81	 46.587875
MCS8	 0.0	 0.2	 0.0	-80	 46.638515
MCS8	 0.0	 0.2	 0.0	-80	 46.688683
MCS8	 0.0	 0.1	 0.0	-80	 46.741936
MCS8	 0.0	 0.1	 0.0	-84	 46.792599
MCS8	 0.0	 5.6	 22.2	-82	 46.844952
MCS8	 2.3	 20.2	 63.9	-83	 46.897629
MCS8	 3.2	 27.6	 50.0	-83	 46.953083
MCS8	 2.4	 20.7	 0.0	-82	 47.003948
MCS8	 1.8	 15.5	 0.0	-84	 47.054714
MCS8	 1.3	 11.6	 0.0	-81	 47.104836
MCS8	 2.4	 20.6	 47.6	-83	 47.156948
MCS8	 2.4	 21.0	 22.2	-82	 47.209507
MCS8	 3.7	 32.1	 65.3	-84	 47.264053
MCS8	 2.8	 24.0	 0.0	-84	 47.315475
MCS8	 2.1	 18.0	 0.0	-84	 47.365536
MCS8	 1.5	 13.5	 0.0	-82	 47.418404
MCS8	 1.1	 10.1	 0.0	-80	 47.469460
MCS8	 0.0	 7.6	 0.0	-81	 47.521328
MCS8	 0.0	 5.7	 0.0	-82	 47.574711
MCS8	 0.0	 4.2	 0.0	-81	 47.628082
MCS8	 1.7	 14.9	 47.0	-81	 47.677307
MCS8	 3.7	 31.3	 80.6	-81	 47.731262
MCS8	 4.3	 37.2	 54.9	-83	 47.782562
MCS8	 5.8	 49.6	 86.6	-85	 47.833580
MCS8	 6.9	 59.1	 87.8	-83	 47.886070
MCS8	 7.6	 64.5	 80.4	-83	 47.936810
MCS8	 8.0	 67.9	 78.0	-83	 47.991547
MCS8	 8.5	 72.8	 87.8	-83	 48.041229
MCS8	 9.2	 78.4	 94.9	-82	 48.093098
MCS8	 9.5	 81.4	 90.4	-85	 48.147163
MCS8	 9.5	 80.8	 78.9	-83	 48.197056
MCS8	 9.0	 76.5	 63.6	-83	 48.253052
MCS8	 8.5	 72.6	 60.9	-83	 48.305222
MCS8	 8.7	 73.8	 77.4	-83	 48.356838
MCS8	 9.1	 77.3	 87.8	-83	 48.410248
MCS8	 9.4	 80.5	 90.2	-84	 48.461395
MCS8	 9.9	 84.1	 94.9	-82	 48.513012
MCS8	 10.1	 85.6	 90.2	-84	 48.566620
MCS8	 10.0	 85.4	 84.6	-84	 48.618874
MCS8	 10.1	 85.9	 87.5	-83	 48.670227
MCS8	 10.0	 85.6	 84.6	-83	 48.721630
MCS8	 8.8	 74.7	 42.1	-80	 48.775547
MCS8	 6.6	 56.0	 0.0	-84	 48.825085
MCS8	 5.0	 42.8	 3.3	-81	 48.879303
MCS8	 3.8	 33.0	 3.7	-84	 48.931252
MCS8	 3.2	 27.4	 10.7	-83	 48.981941
MCS8	 2.5	 21.4	 3.3	-83	 49.034248
MCS8	 1.8	 16.0	 0.0	-83	 49.090054
MCS8	 1.8	 15.8	 15.1	-83	 49.141060
MCS8	 1.8	 15.6	 15.1	-83	 49.196014
MCS8	 1.5	 13.2	 5.8	-85	 49.247154
MCS8	 2.2	 19.1	 36.8	-84	 49.298641
MCS8	 2.9	 24.8	 42.1	-84	 49.348846
MCS8	 2.8	 24.5	 23.5	-84	 49.403736
MCS8	 3.4	 29.6	 44.9	-84	 49.454498
MCS8	 4.1	 35.3	 52.3	-83	 49.505150
MCS8	 5.4	 46.4	 79.9	-85	 49.557266
MCS8	 6.7	 57.6	 90.9	-82	 49.608532
MCS8	 7.7	 66.1	 91.6	-82	 49.661934
MCS8	 8.3	 70.7	 84.6	-83	 49.713554
MCS8	 8.2	 69.9	 67.4	-85	 49.769630
MCS8	 6.1	 52.4	 0.0	-83	 49.823490
MCS8	 0.0	 1.2	 0.0	-84	 51.071232
MCS8	 0.0	 0.9	 0.0	-84	 51.729782
MCS8	 0.0	 0.3	 0.0	-84	 52.218628
MCS8	 9.8	 83.5	 83.3	-82	 36.338409
MCS8	 10.2	 86.6	 96.1	-81	 36.389194
MCS8	 10.4	 88.2	 92.8	-78	 36.441422
MCS8	 10.7	 91.1	 100.0	-79	 36.496761
MCS8	 10.3	 88.0	 85.7	-79	 36.804054
MCS8	 11.3	 96.2	 100.0	-82	 37.477448
MCS8	 11.4	 97.3	 95.9	-82	 37.733826
MCS8	 10.0	 85.0	 47.9	-81	 37.798649
MCS8	 10.2	 86.8	 92.3	-80	 37.849262
MCS8	 9.1	 77.6	 50.0	-81	 37.901375
MCS8	 7.6	 64.8	 26.6	-83	 37.954346
MCS8	 8.4	 71.8	 92.5	-81	 38.005638
MCS8	 9.8	 83.5	 81.8	-83	 38.240906
MCS8	 10.1	 85.8	 92.5	-82	 38.293034
MCS8	 9.5	 81.0	 66.6	-82	 38.350426
MCS8	 7.1	 60.7	 0.0	-82	 38.402615
MCS8	 6.7	 57.1	 46.1	-82	 38.453568
MCS8	 7.3	 62.6	 79.1	-83	 38.631977
MCS8	 5.7	 48.8	 7.4	-82	 38.684937
MCS8	 6.7	 57.3	 82.7	-82	 38.739254
MCS8	 8.0	 67.9	 100.0	-81	 38.790070
MCS8	 6.8	 58.1	 28.5	-82	 38.894146
MCS8	 7.9	 67.2	 94.4	-80	 39.064514
MCS8	 7.5	 63.7	 53.5	-80	 39.118347
MCS8	 8.2	 69.9	 88.4	-80	 39.160748
MCS8	 8.7	 74.2	 86.9	-83	 39.220829
MCS8	 8.2	 69.9	 57.1	-80	 39.284103
MCS8	 8.1	 68.8	 65.5	-83	 39.329811
MCS8	 9.0	 76.6	 100.0	-82	 39.389111
MCS8	 10.1	 85.8	 96.1	-80	 39.481186
MCS8	 10.3	 87.5	 92.5	-83	 39.539410
MCS8	 10.3	 87.8	 88.8	-83	 39.596973
MCS8	 9.9	 84.2	 73.3	-81	 39.642899
MCS8	 8.4	 71.8	 34.4	-81	 39.694302
MCS8	 7.3	 61.9	 32.3	-81	 39.760983
MCS8	 5.5	 47.3	 3.5	-82	 39.809586
MCS8	 4.1	 35.5	 0.0	-82	 39.866203
MCS8	 3.1	 26.6	 0.0	-82	 39.915066
MCS8	 2.7	 22.9	 11.9	-82	 39.971420
MCS8	 2.6	 22.5	 21.4	-82	 40.026508
MCS8	 2.7	 23.3	 25.8	-83	 40.083118
