MCS9	 20.0	 96.4	 97.1	-27	 0.013697
MCS9	 20.1	 96.9	 98.5	-27	 0.065269
MCS9	 20.2	 97.3	 98.5	-28	 0.118517
MCS9	 20.1	 96.5	 94.1	-29	 0.172340
MCS9	 19.9	 95.9	 94.2	-29	 0.221144
MCS9	 20.0	 96.2	 97.0	-29	 0.273897
MCS9	 19.7	 94.6	 89.9	-29	 0.324701
MCS9	 19.8	 95.2	 96.9	-29	 0.377224
MCS9	 19.9	 95.7	 97.1	-29	 0.429068
MCS9	 19.7	 94.6	 91.3	-29	 0.481098
MCS9	 19.8	 95.2	 97.1	-30	 0.532297
MCS9	 19.9	 95.7	 97.1	-31	 0.584548
MCS9	 20.0	 96.4	 98.5	-30	 0.637028
MCS9	 20.0	 96.2	 95.7	-30	 0.689488
MCS9	 20.2	 97.1	 100.0	-30	 0.740564
MCS9	 20.0	 96.4	 94.2	-30	 0.793279
MCS9	 19.9	 95.9	 94.4	-28	 0.845249
MCS9	 19.9	 95.8	 95.6	-29	 0.896755
MCS9	 20.0	 96.1	 97.1	-28	 0.949240
MCS9	 20.1	 96.7	 98.5	-30	 1.001309
MCS9	 20.1	 96.4	 95.6	-27	 1.052334
MCS9	 20.1	 96.6	 97.1	-27	 1.104982
MCS9	 20.3	 97.5	 100.0	-29	 1.157163
MCS9	 20.3	 97.7	 98.6	-29	 1.208496
MCS9	 20.3	 97.4	 96.5	-30	 1.261192
MCS9	 20.4	 98.1	 100.0	-30	 1.312732
MCS9	 20.3	 97.8	 97.1	-31	 1.365073
MCS9	 20.2	 97.3	 95.7	-29	 1.417103
MCS9	 20.1	 96.9	 95.7	-30	 1.469029
MCS9	 20.0	 96.2	 94.3	-30	 1.522031
MCS9	 20.1	 96.8	 98.5	-31	 1.572596
MCS9	 20.2	 97.2	 98.5	-33	 1.624502
MCS9	 20.4	 97.9	 100.0	-32	 1.677164
MCS9	 20.1	 96.6	 92.6	-33	 1.728720
MCS9	 20.2	 97.1	 98.5	-35	 1.780926
MCS9	 20.1	 96.7	 95.5	-35	 1.832961
MCS9	 20.3	 97.5	 100.0	-31	 1.887694
MCS9	 20.3	 97.7	 98.2	-32	 1.936524
MCS9	 20.4	 97.9	 98.6	-31	 1.989286
MCS9	 20.4	 98.0	 98.5	-31	 2.040752
MCS9	 20.4	 98.2	 98.6	-33	 2.093551
MCS9	 20.4	 98.2	 98.5	-33	 2.146178
MCS9	 20.3	 97.6	 95.7	-34	 2.197106
MCS9	 20.3	 97.5	 97.1	-35	 2.248532
MCS9	 20.2	 97.4	 97.1	-35	 2.300611
MCS9	 20.2	 97.3	 97.1	-34	 2.352698
MCS9	 20.3	 97.6	 98.6	-34	 2.404602
MCS9	 20.2	 97.3	 96.3	-33	 2.457284
MCS9	 20.3	 97.6	 98.5	-31	 2.509113
MCS9	 20.1	 96.7	 94.1	-31	 2.560751
MCS9	 20.1	 96.8	 97.1	-32	 2.613158
MCS9	 20.2	 97.2	 98.5	-32	 2.665339
MCS9	 20.1	 96.8	 95.7	-34	 2.716651
MCS9	 20.1	 96.9	 97.0	-33	 2.768944
MCS9	 20.1	 96.5	 95.5	-31	 2.820969
MCS9	 20.1	 96.7	 97.1	-32	 2.872893
MCS9	 20.1	 96.8	 97.0	-32	 2.924701
MCS9	 20.2	 97.2	 98.5	-33	 2.976544
MCS9	 20.2	 97.2	 97.1	-33	 3.028815
MCS9	 20.1	 96.8	 95.8	-33	 3.080956
MCS9	 20.3	 97.6	 100.0	-35	 3.133280
MCS9	 20.2	 97.1	 95.7	-36	 3.173431
MCS9	 20.2	 97.1	 97.1	-36	 3.237319
MCS9	 20.0	 96.0	 92.7	-34	 3.288120
MCS9	 20.0	 96.3	 97.1	-36	 3.341348
MCS9	 20.1	 96.8	 98.5	-38	 3.392850
MCS9	 20.1	 96.9	 97.1	-38	 3.445637
MCS9	 20.2	 96.9	 97.1	-38	 3.497619
MCS9	 20.2	 97.3	 98.5	-41	 3.548254
MCS9	 19.9	 95.8	 91.1	-44	 3.600742
MCS9	 19.9	 95.7	 95.5	-44	 3.652789
MCS9	 19.7	 94.7	 91.5	-43	 3.704962
MCS9	 19.8	 95.2	 97.0	-40	 3.757315
MCS9	 20.0	 96.1	 98.5	-41	 3.809339
MCS9	 20.1	 96.7	 98.5	-40	 3.860319
MCS9	 20.1	 96.8	 97.2	-41	 3.913511
MCS9	 20.1	 96.5	 95.6	-40	 3.964747
MCS9	 20.0	 96.3	 95.7	-42	 4.017615
MCS9	 20.1	 96.8	 98.5	-45	 4.069252
MCS9	 20.0	 96.1	 94.1	-45	 4.121489
MCS9	 19.9	 95.7	 94.3	-43	 4.173828
MCS9	 19.8	 95.4	 94.4	-41	 4.225655
MCS9	 19.8	 95.4	 95.5	-33	 4.276973
MCS9	 19.8	 95.1	 94.2	-42	 4.328460
MCS9	 19.9	 95.6	 97.1	-32	 4.382091
MCS9	 19.9	 95.6	 95.6	-41	 4.432461
MCS9	 19.9	 96.0	 97.0	-34	 4.484755
MCS9	 20.1	 96.6	 98.5	-44	 4.536320
MCS9	 20.1	 96.7	 97.1	-43	 4.589136
MCS9	 20.1	 96.8	 97.0	-44	 4.640624
MCS9	 20.1	 96.5	 95.6	-47	 4.692726
MCS9	 20.0	 96.3	 95.7	-48	 4.744808
MCS9	 19.9	 95.7	 93.9	-43	 4.797249
MCS9	 20.0	 96.1	 97.2	-46	 4.849099
MCS9	 20.1	 96.7	 98.5	-47	 4.900931
MCS9	 20.0	 96.0	 94.1	-47	 4.952708
MCS9	 19.9	 95.9	 95.6	-37	 5.004419
MCS9	 20.0	 96.2	 97.1	-46	 5.056962
MCS9	 20.0	 96.4	 97.0	-45	 5.109090
MCS9	 20.0	 96.2	 95.5	-45	 5.160557
MCS9	 20.0	 96.0	 95.6	-46	 5.212867
MCS9	 19.7	 94.8	 91.3	-47	 5.264957
MCS9	 19.8	 95.0	 95.5	-45	 5.316087
MCS9	 19.9	 95.5	 97.1	-47	 5.369748
MCS9	 20.1	 96.6	 100.0	-50	 5.420494
MCS9	 20.2	 97.1	 98.5	-47	 5.472674
MCS9	 20.2	 97.1	 97.1	-44	 5.524961
MCS9	 20.1	 96.7	 95.7	-45	 5.577509
MCS9	 20.1	 96.8	 97.1	-43	 5.629030
MCS9	 20.3	 97.6	 100.0	-42	 5.681508
MCS9	 20.3	 97.8	 98.5	-45	 5.732313
MCS9	 20.2	 97.3	 95.7	-45	 5.785147
MCS9	 20.0	 96.1	 92.7	-44	 5.836944
MCS9	 20.0	 96.4	 97.1	-41	 5.889042
MCS9	 20.1	 96.9	 98.5	-43	 5.941077
MCS9	 20.0	 96.2	 94.2	-41	 5.993525
MCS9	 20.0	 96.0	 95.5	-43	 6.044925
MCS9	 19.8	 95.3	 92.9	-34	 6.097100
MCS9	 20.0	 96.1	 98.5	-43	 6.148739
MCS9	 20.2	 97.0	 100.0	-36	 6.200391
MCS9	 20.3	 97.8	 100.0	-43	 6.257092
MCS9	 20.4	 98.0	 98.5	-48	 6.304748
MCS9	 20.3	 97.7	 97.1	-48	 6.356724
MCS9	 20.3	 97.6	 97.1	-45	 6.409098
MCS9	 20.3	 97.8	 98.5	-44	 6.460916
MCS9	 20.1	 96.9	 94.2	-45	 6.513268
MCS9	 20.1	 96.9	 97.0	-48	 6.565129
MCS9	 20.2	 97.3	 98.5	-47	 6.617406
MCS9	 19.9	 95.8	 91.3	-50	 6.668847
MCS9	 19.8	 95.4	 94.1	-50	 6.720987
MCS9	 19.8	 95.5	 95.7	-50	 6.772913
MCS9	 19.8	 95.5	 95.5	-51	 6.825157
MCS9	 19.9	 95.9	 97.1	-49	 6.876734
MCS9	 20.1	 96.5	 98.5	-52	 6.928899
MCS9	 19.9	 95.6	 92.7	-48	 6.980959
MCS9	 19.8	 95.2	 94.1	-50	 7.032563
MCS9	 19.7	 94.9	 94.2	-51	 7.084121
MCS9	 19.8	 95.5	 97.1	-50	 7.137504
MCS9	 19.9	 95.9	 97.0	-50	 7.188681
MCS9	 19.9	 95.8	 95.5	-49	 7.240958
MCS9	 20.0	 96.1	 97.1	-46	 7.292519
MCS9	 19.9	 96.0	 95.5	-44	 7.344881
MCS9	 20.2	 97.0	 100.0	-48	 7.396970
MCS9	 19.9	 95.9	 92.7	-45	 7.448942
MCS9	 20.0	 96.2	 97.1	-46	 7.501003
MCS9	 19.9	 95.7	 94.2	-48	 7.553002
MCS9	 20.1	 96.7	 100.0	-52	 7.604522
MCS9	 20.1	 96.5	 95.7	-52	 7.657061
MCS9	 20.2	 97.3	 100.0	-51	 7.708318
MCS9	 20.1	 96.9	 95.6	-51	 7.761178
MCS9	 20.1	 96.6	 95.6	-51	 7.812499
MCS9	 20.1	 96.7	 97.0	-50	 7.865233
MCS9	 20.2	 97.1	 98.5	-50	 7.916451
MCS9	 20.1	 96.8	 95.6	-53	 7.968572
MCS9	 20.2	 97.2	 98.5	-54	 8.021595
MCS9	 20.3	 97.5	 98.5	-52	 8.073143
MCS9	 20.4	 98.1	 100.0	-52	 8.125233
MCS9	 20.3	 97.5	 95.5	-52	 8.176915
MCS9	 20.3	 97.7	 98.5	-54	 8.229316
MCS9	 20.1	 96.8	 94.2	-50	 8.280684
MCS9	 19.8	 95.5	 91.4	-50	 8.332173
MCS9	 19.8	 95.1	 94.2	-51	 8.384725
MCS9	 19.7	 94.9	 94.2	-53	 8.436134
MCS9	 19.8	 95.4	 97.1	-52	 8.488871
MCS9	 20.1	 96.6	 100.0	-52	 8.540879
MCS9	 20.2	 97.0	 98.5	-51	 8.592833
MCS9	 20.0	 96.0	 92.9	-53	 8.644697
MCS9	 20.0	 96.3	 97.1	-54	 8.696732
MCS9	 20.1	 96.8	 98.3	-56	 8.748730
MCS9	 20.3	 97.6	 100.0	-54	 8.800806
MCS9	 20.3	 97.8	 98.6	-53	 8.852867
MCS9	 20.2	 97.3	 95.8	-53	 8.904642
MCS9	 20.1	 96.9	 95.7	-54	 8.957864
MCS9	 20.1	 96.9	 97.0	-52	 9.008657
MCS9	 20.2	 97.3	 98.5	-54	 9.060511
MCS9	 20.3	 97.6	 98.5	-55	 9.112682
MCS9	 20.2	 97.1	 95.6	-54	 9.165316
MCS9	 20.2	 97.1	 97.0	-54	 9.216978
MCS9	 20.3	 97.8	 100.0	-55	 9.268449
MCS9	 20.3	 97.6	 97.0	-56	 9.320775
MCS9	 20.3	 97.8	 98.5	-58	 9.373135
MCS9	 20.4	 98.0	 98.5	-55	 9.424909
MCS9	 20.5	 98.5	 100.0	-58	 9.477521
MCS9	 20.6	 98.8	 100.0	-56	 9.529431
MCS9	 20.4	 98.0	 95.5	-55	 9.581389
MCS9	 20.4	 98.1	 98.5	-54	 9.632908
MCS9	 20.3	 97.5	 95.5	-57	 9.684789
MCS9	 20.1	 96.7	 94.3	-57	 9.736989
MCS9	 20.3	 97.5	 100.0	-58	 9.789396
MCS9	 20.1	 96.6	 94.1	-61	 9.841046
MCS9	 20.0	 96.3	 95.5	-58	 9.893021
MCS9	 20.0	 96.2	 95.7	-60	 9.944696
MCS9	 20.1	 96.7	 98.5	-58	 9.996566
MCS9	 20.0	 96.1	 94.2	-58	 10.048984
MCS9	 20.0	 96.3	 97.1	-62	 10.100863
MCS9	 20.0	 96.2	 95.6	-59	 10.153014
MCS9	 20.2	 97.1	 100.0	-58	 10.205458
MCS9	 20.3	 97.5	 98.5	-59	 10.256829
MCS9	 20.3	 97.7	 98.5	-57	 10.308524
MCS9	 20.2	 97.2	 95.6	-57	 10.361499
MCS9	 20.1	 96.7	 95.3	-55	 10.414000
MCS9	 20.2	 97.2	 98.5	-57	 10.465034
MCS9	 20.2	 97.1	 97.1	-56	 10.516425
MCS9	 20.3	 97.5	 98.5	-59	 10.569578
MCS9	 20.3	 97.7	 98.4	-64	 10.621222
MCS9	 20.3	 97.5	 97.1	-60	 10.673545
MCS9	 20.2	 97.0	 95.5	-59	 10.724277
MCS9	 20.3	 97.8	 100.0	-59	 10.777561
MCS9	 20.1	 96.8	 94.1	-59	 10.829926
MCS9	 20.1	 96.9	 97.1	-62	 10.880957
MCS9	 20.3	 97.7	 100.0	-63	 10.933335
MCS9	 20.3	 97.5	 96.9	-64	 10.985214
MCS9	 20.3	 97.7	 98.5	-61	 11.036882
MCS9	 20.2	 97.2	 95.7	-58	 11.088644
MCS9	 20.1	 96.8	 95.5	-55	 11.140930
MCS9	 20.0	 96.1	 94.1	-56	 11.192526
MCS9	 19.9	 96.0	 95.5	-60	 11.244992
MCS9	 20.1	 96.6	 98.5	-59	 11.297701
MCS9	 20.1	 96.7	 97.1	-63	 11.349045
MCS9	 20.0	 96.1	 94.2	-67	 11.400997
MCS9	 19.9	 95.6	 94.0	-65	 11.453702
MCS9	 19.6	 94.5	 91.3	-66	 11.505343
MCS9	 19.8	 95.5	 98.5	-66	 11.556644
MCS9	 19.8	 95.1	 94.1	-63	 11.609128
MCS9	 19.9	 95.6	 97.1	-64	 11.661478
MCS9	 19.8	 95.3	 94.2	-69	 11.713327
MCS9	 19.9	 95.7	 96.9	-73	 11.764655
MCS9	 20.0	 96.4	 98.5	-69	 11.816830
MCS9	 20.0	 96.2	 95.5	-69	 11.869573
MCS9	 20.1	 96.8	 98.5	-66	 11.920928
MCS9	 20.0	 96.4	 95.5	-68	 11.973282
MCS9	 20.0	 96.2	 95.3	-71	 12.024752
MCS9	 20.1	 96.7	 98.5	-72	 12.076985
MCS9	 20.1	 96.8	 97.0	-73	 12.129075
MCS9	 20.2	 97.2	 98.5	-75	 12.180591
MCS9	 20.2	 97.2	 97.1	-72	 12.233940
MCS9	 20.0	 96.0	 92.4	-71	 12.284685
MCS9	 19.9	 95.9	 95.6	-72	 12.337008
MCS9	 19.9	 95.8	 95.5	-73	 12.388412
MCS9	 19.9	 95.7	 95.6	-72	 12.441312
MCS9	 20.0	 96.1	 97.0	-73	 12.493722
MCS9	 20.2	 97.0	 100.0	-73	 12.546644
MCS9	 20.2	 97.4	 98.5	-72	 12.596530
MCS9	 20.0	 96.2	 92.7	-71	 12.649496
MCS9	 20.0	 96.4	 97.0	-73	 12.700178
MCS9	 20.0	 96.2	 95.5	-73	 12.753071
MCS9	 20.1	 96.8	 98.5	-74	 12.805638
MCS9	 20.1	 96.5	 95.5	-70	 12.857387
MCS9	 20.0	 96.3	 95.7	-72	 12.908855
MCS9	 20.2	 97.2	 100.0	-68	 12.961079
MCS9	 20.0	 96.4	 94.1	-74	 13.013189
MCS9	 20.2	 96.9	 98.5	-72	 13.064884
MCS9	 19.9	 95.9	 92.7	-73	 13.117047
MCS9	 20.1	 96.5	 98.4	-74	 13.169178
MCS9	 19.8	 95.2	 91.4	-70	 13.221064
MCS9	 19.8	 95.3	 95.5	-73	 13.273487
MCS9	 19.9	 95.7	 97.0	-71	 13.324942
MCS9	 19.9	 95.7	 95.5	-72	 13.377608
MCS9	 20.0	 96.0	 96.9	-69	 13.428725
MCS9	 20.2	 97.0	 100.0	-71	 13.480414
MCS9	 20.1	 96.6	 95.5	-73	 13.532290
MCS9	 20.1	 96.7	 97.0	-71	 13.584690
MCS9	 20.0	 96.1	 94.2	-70	 13.637489
MCS9	 19.9	 96.0	 95.5	-68	 13.689123
MCS9	 20.0	 96.2	 97.0	-66	 13.741267
MCS9	 19.9	 95.7	 94.2	-67	 13.793350
MCS9	 20.0	 96.0	 97.0	-68	 13.844937
MCS9	 20.0	 96.2	 96.9	-74	 13.896468
MCS9	 19.8	 95.4	 92.8	-70	 13.949250
MCS9	 19.9	 95.8	 97.0	-72	 14.000640
MCS9	 19.8	 95.4	 94.2	-73	 14.053466
MCS9	 20.0	 96.2	 98.5	-75	 14.104242
MCS9	 20.2	 97.1	 100.0	-73	 14.156409
MCS9	 20.1	 96.7	 95.6	-74	 14.208605
MCS9	 20.0	 96.4	 95.5	-73	 14.260705
MCS9	 19.9	 95.5	 92.7	-73	 14.313266
MCS9	 20.0	 96.2	 98.5	-75	 14.364942
MCS9	 20.0	 96.1	 95.5	-73	 14.416540
MCS9	 20.0	 96.3	 97.0	-76	 14.468321
MCS9	 19.8	 95.4	 92.7	-74	 14.521605
MCS9	 19.6	 94.3	 91.0	-77	 14.573534
MCS9	 19.6	 94.2	 94.0	-77	 14.625022
MCS9	 19.6	 94.2	 94.1	-74	 14.676591
MCS9	 19.7	 94.5	 95.6	-75	 14.728855
MCS9	 19.5	 93.7	 91.1	-74	 14.780697
MCS9	 19.5	 93.8	 94.3	-74	 14.832776
MCS9	 19.7	 95.0	 98.5	-73	 14.884906
MCS9	 20.0	 96.2	 100.0	-74	 14.937221
MCS9	 19.9	 95.7	 94.2	-75	 14.989128
MCS9	 20.0	 96.4	 98.5	-79	 15.041305
MCS9	 20.1	 96.6	 97.0	-75	 15.092966
MCS9	 20.3	 97.4	 100.0	-72	 15.144647
MCS9	 20.0	 96.3	 92.8	-74	 15.197251
MCS9	 20.1	 96.8	 98.5	-75	 15.249433
MCS9	 19.9	 95.8	 92.6	-73	 15.300266
MCS9	 20.0	 96.4	 98.5	-73	 15.353075
MCS9	 20.2	 96.9	 98.5	-74	 15.404959
MCS9	 20.0	 96.2	 94.2	-69	 15.456880
MCS9	 20.0	 96.1	 95.5	-72	 15.508772
MCS9	 19.8	 95.2	 92.5	-75	 15.561251
MCS9	 20.0	 96.4	 100.0	-72	 15.613649
MCS9	 20.1	 96.9	 98.5	-74	 15.664977
MCS9	 20.0	 96.2	 94.2	-72	 15.716839
MCS9	 19.8	 95.3	 92.6	-74	 15.768285
MCS9	 19.6	 94.3	 91.3	-74	 15.821388
MCS9	 19.7	 95.0	 97.0	-76	 15.873423
MCS9	 19.8	 95.1	 95.7	-78	 15.925291
MCS9	 19.5	 93.8	 89.7	-73	 15.976794
MCS9	 19.3	 93.1	 91.0	-77	 16.028133
MCS9	 19.4	 93.3	 93.9	-79	 16.080631
MCS9	 19.5	 93.8	 95.4	-75	 16.133051
MCS9	 19.4	 93.2	 91.3	-77	 16.184944
MCS9	 19.6	 94.1	 97.0	-78	 16.236507
MCS9	 19.2	 92.4	 87.3	-75	 16.288727
MCS9	 19.6	 94.3	 100.0	-78	 16.340904
MCS9	 19.8	 95.3	 98.5	-75	 16.393394
MCS9	 19.8	 95.4	 95.5	-78	 16.444986
MCS9	 20.0	 96.2	 98.5	-77	 16.497730
MCS9	 20.0	 96.4	 97.1	-78	 16.549500
MCS9	 20.1	 96.5	 97.0	-77	 16.600512
MCS9	 20.2	 97.4	 100.0	-75	 16.652939
MCS9	 20.2	 97.3	 97.0	-74	 16.704708
MCS9	 20.1	 96.9	 95.6	-72	 16.757338
MCS9	 20.1	 96.6	 95.7	-74	 16.808580
MCS9	 20.2	 97.0	 98.5	-74	 16.861046
MCS9	 20.3	 97.4	 98.5	-74	 16.913429
MCS9	 20.3	 97.7	 98.5	-70	 16.964474
MCS9	 20.1	 96.7	 93.9	-72	 17.016914
MCS9	 19.9	 95.7	 92.6	-73	 17.069103
MCS9	 20.1	 96.8	 100.0	-73	 17.121126
MCS9	 20.0	 96.1	 94.0	-73	 17.173296
MCS9	 20.0	 96.3	 97.1	-72	 17.225195
MCS9	 19.9	 95.7	 94.0	-78	 17.276869
MCS9	 19.9	 95.7	 95.5	-75	 17.328112
MCS9	 19.4	 93.5	 87.1	-78	 17.381025
MCS9	 19.5	 94.0	 95.5	-76	 17.432638
MCS9	 19.8	 95.1	 98.5	-75	 17.485315
MCS9	 19.8	 95.3	 95.6	-77	 17.536522
MCS9	 19.9	 95.7	 97.1	-74	 17.589207
MCS9	 20.0	 96.0	 96.9	-74	 17.641230
MCS9	 19.9	 95.5	 94.2	-75	 17.693523
MCS9	 20.0	 96.3	 98.5	-77	 17.744482
MCS9	 20.1	 96.8	 98.5	-77	 17.797379
MCS9	 20.1	 96.5	 95.5	-73	 17.848602
MCS9	 20.2	 97.0	 98.5	-74	 17.900433
MCS9	 20.2	 97.0	 97.1	-74	 17.953657
MCS9	 20.2	 97.4	 98.5	-73	 18.005653
MCS9	 20.0	 96.2	 92.7	-71	 18.056696
MCS9	 20.0	 96.0	 95.5	-72	 18.109114
MCS9	 19.9	 95.9	 95.5	-73	 18.160601
MCS9	 20.1	 96.9	 100.0	-72	 18.212849
MCS9	 20.2	 97.0	 97.1	-71	 18.264736
MCS9	 20.1	 96.6	 95.5	-70	 18.316568
MCS9	 20.2	 97.1	 98.5	-72	 18.368511
MCS9	 20.3	 97.8	 100.0	-73	 18.420624
MCS9	 20.4	 98.3	 100.0	-72	 18.472605
MCS9	 20.5	 98.4	 98.5	-70	 18.524843
MCS9	 20.5	 98.8	 100.0	-69	 18.576981
MCS9	 20.4	 98.3	 96.7	-70	 18.629225
MCS9	 20.4	 98.3	 98.5	-73	 18.681137
MCS9	 20.3	 97.6	 95.5	-72	 18.732779
MCS9	 20.3	 97.5	 97.0	-72	 18.787811
MCS9	 20.1	 96.6	 94.0	-70	 18.836580
MCS9	 20.1	 96.7	 97.1	-68	 18.889158
MCS9	 20.1	 96.8	 97.0	-69	 18.940849
MCS9	 20.1	 96.8	 97.1	-69	 18.993469
MCS9	 19.9	 95.8	 92.7	-71	 19.044689
MCS9	 20.1	 96.5	 98.5	-72	 19.096716
MCS9	 20.0	 96.3	 95.7	-73	 19.148966
MCS9	 20.2	 97.2	 100.0	-69	 19.200468
MCS9	 20.0	 96.4	 94.1	-72	 19.252682
MCS9	 20.1	 96.9	 98.4	-72	 19.304941
MCS9	 20.2	 97.3	 98.5	-73	 19.356802
MCS9	 20.1	 96.5	 94.0	-70	 19.409483
MCS9	 20.2	 97.0	 98.5	-72	 19.460386
MCS9	 20.1	 96.6	 95.5	-70	 19.513350
MCS9	 19.9	 95.6	 92.7	-69	 19.564659
MCS9	 20.0	 96.3	 98.5	-67	 19.616999
MCS9	 20.0	 96.2	 95.6	-70	 19.668680
MCS9	 19.9	 95.6	 94.0	-72	 19.720474
MCS9	 20.0	 96.0	 97.1	-70	 19.773203
MCS9	 20.0	 96.2	 97.0	-69	 19.824932
MCS9	 20.0	 96.1	 95.8	-68	 19.877111
MCS9	 19.9	 95.6	 94.2	-66	 19.929607
MCS9	 19.9	 95.6	 95.6	-65	 19.980669
MCS9	 20.0	 96.3	 98.5	-67	 20.032530
MCS9	 19.8	 95.1	 91.3	-71	 20.084652
MCS9	 19.6	 94.5	 92.7	-65	 20.136900
MCS9	 19.8	 95.1	 97.1	-64	 20.189165
MCS9	 19.9	 95.6	 97.1	-64	 20.241709
MCS9	 19.8	 95.3	 94.2	-66	 20.292866
MCS9	 19.7	 94.6	 92.7	-68	 20.345367
MCS9	 19.7	 94.8	 95.5	-74	 20.396334
MCS9	 19.8	 95.0	 95.5	-71	 20.448429
MCS9	 19.7	 94.8	 94.2	-68	 20.500731
MCS9	 19.7	 95.0	 95.5	-68	 20.552517
MCS9	 20.0	 96.2	 100.0	-66	 20.605448
MCS9	 20.0	 96.0	 95.5	-66	 20.656431
MCS9	 20.1	 96.7	 98.5	-69	 20.709135
MCS9	 20.0	 96.4	 95.5	-70	 20.760466
MCS9	 20.1	 96.6	 97.1	-68	 20.813391
MCS9	 19.9	 95.6	 92.6	-74	 20.867207
MCS9	 19.8	 95.2	 94.1	-72	 20.916323
MCS9	 20.0	 96.4	 100.0	-70	 20.968817
MCS9	 20.1	 96.5	 97.0	-68	 21.020544
MCS9	 19.8	 95.2	 91.4	-68	 21.073755
MCS9	 19.9	 95.7	 97.1	-68	 21.125784
MCS9	 20.0	 96.0	 97.0	-68	 21.176819
MCS9	 19.9	 95.6	 94.3	-68	 21.229101
MCS9	 19.9	 95.9	 97.0	-63	 21.281090
MCS9	 19.9	 95.9	 95.6	-62	 21.333193
MCS9	 20.0	 96.2	 97.1	-66	 21.384277
MCS9	 20.0	 96.0	 95.5	-68	 21.437086
MCS9	 20.0	 96.2	 97.0	-64	 21.489100
MCS9	 20.0	 96.4	 97.0	-63	 21.540834
MCS9	 20.2	 96.9	 98.5	-66	 21.593058
MCS9	 20.0	 96.2	 94.1	-65	 21.645021
MCS9	 20.0	 96.1	 95.7	-64	 21.697317
MCS9	 20.2	 97.1	 100.0	-62	 21.748693
MCS9	 20.3	 97.4	 98.5	-62	 21.800871
MCS9	 20.2	 97.0	 95.7	-62	 21.852888
MCS9	 20.3	 97.7	 100.0	-60	 21.905340
MCS9	 20.3	 97.6	 97.1	-56	 21.957071
MCS9	 20.3	 97.8	 98.5	-59	 22.008892
MCS9	 20.3	 97.6	 97.0	-55	 22.060810
MCS9	 20.0	 96.4	 92.8	-53	 22.113043
MCS9	 20.1	 96.9	 98.5	-51	 22.164642
MCS9	 20.1	 96.6	 95.7	-54	 22.217047
MCS9	 20.0	 96.3	 95.5	-54	 22.268595
MCS9	 20.0	 96.1	 95.5	-54	 22.321264
MCS9	 20.0	 96.3	 97.1	-55	 22.372871
MCS9	 20.2	 97.2	 100.0	-54	 22.424513
MCS9	 20.1	 96.8	 95.5	-53	 22.476959
MCS9	 20.2	 97.2	 98.5	-54	 22.528719
MCS9	 20.1	 96.8	 95.5	-56	 22.580664
MCS9	 20.0	 96.1	 94.2	-55	 22.632809
MCS9	 20.1	 96.7	 98.5	-55	 22.684660
MCS9	 20.3	 97.5	 100.0	-58	 22.736847
MCS9	 20.2	 97.4	 96.9	-55	 22.788649
MCS9	 20.3	 97.7	 98.5	-58	 22.841047
MCS9	 20.2	 97.1	 95.4	-53	 22.893110
MCS9	 20.3	 97.4	 98.5	-55	 22.945963
MCS9	 20.3	 97.7	 98.5	-51	 22.997492
MCS9	 20.4	 98.3	 100.0	-55	 23.049004
MCS9	 20.2	 97.2	 94.0	-51	 23.101078
MCS9	 20.0	 96.4	 94.2	-53	 23.153067
MCS9	 19.5	 93.6	 85.2	-46	 23.204370
MCS9	 19.4	 93.5	 92.9	-52	 23.257153
MCS9	 19.5	 93.6	 94.1	-50	 23.308413
MCS9	 19.5	 93.8	 94.3	-49	 23.360657
MCS9	 19.6	 94.3	 95.7	-50	 23.413275
MCS9	 19.7	 95.0	 97.1	-53	 23.464323
MCS9	 19.6	 94.4	 92.7	-47	 23.517282
MCS9	 19.8	 95.4	 98.4	-48	 23.568756
MCS9	 19.9	 95.8	 97.1	-42	 23.621164
MCS9	 20.1	 96.8	 100.0	-58	 23.673195
MCS9	 20.2	 97.2	 98.4	-44	 23.724615
MCS9	 20.3	 97.6	 98.5	-46	 23.776878
MCS9	 20.0	 96.3	 92.6	-53	 23.829144
MCS9	 20.1	 96.9	 98.5	-42	 23.881084
MCS9	 20.2	 97.3	 98.5	-51	 23.934614
MCS9	 20.4	 97.9	 100.0	-42	 23.984573
MCS9	 20.1	 96.9	 93.8	-54	 24.036316
MCS9	 20.2	 96.9	 97.1	-45	 24.088942
MCS9	 20.2	 97.3	 98.5	-46	 24.141088
MCS9	 20.0	 96.2	 92.6	-54	 24.192631
MCS9	 19.9	 95.6	 94.1	-49	 24.245392
MCS9	 20.0	 96.0	 97.0	-48	 24.305204
MCS9	 19.9	 95.9	 95.5	-51	 24.352810
MCS9	 20.1	 96.5	 98.4	-48	 24.400892
MCS9	 20.1	 96.7	 97.1	-46	 24.453419
MCS9	 20.0	 96.4	 95.5	-50	 24.505276
MCS9	 20.1	 96.9	 98.5	-46	 24.556572
MCS9	 20.2	 96.9	 97.0	-48	 24.608908
MCS9	 20.2	 97.3	 98.5	-48	 24.660835
MCS9	 20.2	 97.2	 97.0	-54	 24.712589
MCS9	 20.2	 97.2	 97.0	-50	 24.764711
MCS9	 20.2	 97.2	 97.1	-52	 24.816776
MCS9	 20.2	 97.1	 97.1	-53	 24.868841
MCS9	 20.1	 96.7	 95.6	-53	 24.920509
MCS9	 20.1	 96.8	 97.0	-55	 24.972755
MCS9	 20.1	 96.9	 97.1	-61	 25.024616
MCS9	 20.0	 96.1	 94.0	-58	 25.077465
MCS9	 20.2	 97.1	 100.0	-57	 25.129068
MCS9	 19.9	 95.9	 92.5	-57	 25.181065
MCS9	 19.9	 95.9	 95.6	-61	 25.233320
MCS9	 19.9	 95.7	 95.4	-63	 25.285587
MCS9	 19.8	 95.3	 94.2	-66	 25.337534
MCS9	 20.1	 96.5	 100.0	-71	 25.388643
MCS9	 20.2	 97.0	 98.5	-68	 25.440884
MCS9	 20.2	 97.4	 98.5	-67	 25.492764
MCS9	 20.1	 96.5	 94.1	-68	 25.544682
MCS9	 20.0	 96.3	 95.5	-68	 25.597008
MCS9	 20.0	 96.1	 95.5	-68	 25.648865
MCS9	 20.0	 96.0	 95.6	-69	 25.701399
MCS9	 20.0	 96.2	 97.0	-69	 25.753052
MCS9	 20.0	 96.0	 95.5	-69	 25.805159
MCS9	 19.8	 95.5	 93.7	-71	 25.857615
MCS9	 20.1	 96.6	 100.0	-68	 25.909012
MCS9	 20.3	 97.4	 100.0	-70	 25.961424
MCS9	 20.2	 97.0	 95.6	-75	 26.012957
MCS9	 20.1	 96.5	 95.2	-67	 26.064579
MCS9	 20.2	 97.0	 98.5	-72	 26.117596
MCS9	 20.3	 97.7	 100.0	-73	 26.168407
MCS9	 20.2	 97.2	 95.5	-73	 26.221085
MCS9	 20.1	 96.8	 95.6	-74	 26.273458
MCS9	 20.2	 97.2	 98.5	-73	 26.324863
MCS9	 20.2	 97.2	 97.0	-71	 26.377060
MCS9	 20.1	 96.8	 95.5	-73	 26.429197
MCS9	 20.1	 96.8	 96.9	-71	 26.480579
MCS9	 20.1	 96.9	 97.1	-66	 26.533396
MCS9	 20.3	 97.6	 100.0	-73	 26.584595
MCS9	 20.2	 97.1	 95.5	-69	 26.636745
MCS9	 20.0	 96.3	 94.1	-72	 26.688976
MCS9	 20.1	 96.5	 97.0	-72	 26.741201
MCS9	 20.0	 96.3	 95.6	-71	 26.792877
MCS9	 20.1	 96.5	 97.1	-71	 26.844746
MCS9	 20.1	 96.6	 97.0	-71	 26.897242
MCS9	 20.2	 97.1	 98.5	-70	 26.949497
MCS9	 20.3	 97.4	 98.5	-72	 27.001350
MCS9	 20.4	 98.1	 100.0	-71	 27.052982
MCS9	 20.3	 97.4	 95.5	-73	 27.110088
MCS9	 20.4	 98.1	 100.0	-75	 27.157373
MCS9	 20.4	 98.2	 98.5	-69	 27.208359
MCS9	 20.2	 97.2	 94.2	-71	 27.262688
MCS9	 20.2	 97.1	 96.9	-74	 27.313181
MCS9	 20.2	 97.1	 97.0	-70	 27.364586
MCS9	 20.3	 97.4	 98.5	-65	 27.416876
MCS9	 20.3	 97.5	 97.6	-72	 27.469437
MCS9	 19.9	 95.5	 89.5	-74	 27.521677
MCS9	 20.0	 96.2	 98.5	-72	 27.572716
MCS9	 20.1	 96.8	 98.5	-71	 27.625319
MCS9	 20.1	 96.9	 97.1	-73	 27.676868
MCS9	 19.9	 95.8	 92.5	-73	 27.728823
MCS9	 20.1	 96.4	 98.5	-72	 27.780697
MCS9	 20.2	 97.0	 98.5	-72	 27.832106
MCS9	 20.0	 96.2	 94.1	-75	 27.885710
MCS9	 20.0	 96.1	 95.5	-74	 27.936666
MCS9	 20.2	 97.0	 100.0	-73	 27.989136
MCS9	 19.9	 96.0	 92.7	-73	 28.040335
MCS9	 20.1	 96.6	 98.5	-76	 28.092136
MCS9	 20.1	 96.7	 97.0	-72	 28.145823
MCS9	 20.0	 96.0	 94.0	-71	 28.196659
MCS9	 19.7	 94.8	 91.1	-72	 28.248484
MCS9	 19.5	 93.9	 91.4	-76	 28.301365
MCS9	 19.7	 94.7	 97.0	-76	 28.353128
MCS9	 19.8	 95.3	 97.0	-77	 28.404306
MCS9	 19.6	 94.2	 91.1	-77	 28.456347
MCS9	 19.8	 95.3	 98.5	-77	 28.508167
MCS9	 19.7	 95.0	 94.1	-73	 28.561209
MCS9	 19.9	 95.9	 98.5	-72	 28.613173
MCS9	 19.9	 95.7	 95.4	-78	 28.664553
MCS9	 19.8	 95.3	 94.2	-73	 28.717239
MCS9	 19.7	 95.0	 94.0	-75	 28.768709
MCS9	 19.9	 95.9	 98.5	-74	 28.820980
MCS9	 19.9	 95.8	 95.5	-74	 28.872499
MCS9	 19.9	 95.8	 95.7	-76	 28.924822
MCS9	 19.8	 95.3	 94.0	-73	 28.976728
MCS9	 19.8	 95.4	 95.6	-79	 29.028522
MCS9	 19.7	 95.0	 93.8	-76	 29.080790
MCS9	 19.6	 94.4	 92.6	-73	 29.132992
MCS9	 19.8	 95.4	 98.5	-72	 29.185129
MCS9	 19.9	 95.8	 97.0	-72	 29.237082
MCS9	 20.1	 96.5	 98.5	-75	 29.289282
MCS9	 20.1	 96.6	 97.0	-74	 29.340979
MCS9	 20.1	 96.7	 97.0	-75	 29.392824
MCS9	 20.0	 96.0	 94.0	-76	 29.443968
MCS9	 20.1	 96.6	 98.5	-76	 29.497807
MCS9	 20.0	 96.3	 95.5	-74	 29.548294
MCS9	 20.1	 96.9	 98.5	-75	 29.600634
MCS9	 20.1	 96.6	 95.6	-74	 29.653486
MCS9	 20.1	 96.7	 97.0	-73	 29.705585
MCS9	 20.2	 97.1	 98.5	-74	 29.757200
MCS9	 20.1	 96.7	 95.5	-74	 29.809332
MCS9	 20.0	 96.4	 95.5	-76	 29.860504
MCS9	 19.8	 95.1	 91.1	-79	 29.913092
MCS9	 19.9	 95.6	 97.0	-76	 29.964994
MCS9	 19.7	 94.8	 92.4	-76	 30.016642
MCS9	 19.8	 95.3	 97.0	-76	 30.068169
MCS9	 19.9	 95.8	 97.1	-76	 30.124662
MCS9	 19.8	 95.3	 94.1	-75	 30.176470
MCS9	 19.9	 95.8	 97.0	-73	 30.224655
MCS9	 19.8	 95.4	 94.2	-73	 30.278730
MCS9	 20.0	 96.1	 98.5	-73	 30.328239
MCS9	 20.0	 96.0	 95.5	-75	 30.380596
MCS9	 20.2	 97.0	 100.0	-73	 30.432943
MCS9	 20.2	 97.0	 97.0	-73	 30.484938
MCS9	 19.9	 95.8	 92.4	-77	 30.536938
MCS9	 19.9	 95.7	 95.5	-76	 30.588352
MCS9	 19.8	 95.4	 94.2	-78	 30.640934
MCS9	 19.7	 94.6	 92.3	-76	 30.692617
MCS9	 19.6	 94.1	 92.5	-78	 30.745169
MCS9	 19.5	 94.0	 93.9	-77	 30.797022
MCS9	 19.5	 94.0	 94.1	-76	 30.848700
MCS9	 19.7	 94.8	 97.0	-75	 30.900257
MCS9	 19.7	 94.6	 94.2	-78	 30.952393
MCS9	 19.9	 95.6	 98.5	-79	 31.004978
MCS9	 19.9	 95.6	 95.5	-77	 31.056673
MCS9	 19.9	 95.9	 97.1	-77	 31.108828
MCS9	 19.9	 95.8	 95.5	-78	 31.160624
MCS9	 19.8	 95.4	 94.2	-76	 31.212301
MCS9	 19.6	 94.3	 91.1	-75	 31.264692
MCS9	 19.7	 95.0	 97.0	-76	 31.316032
MCS9	 19.6	 94.4	 92.8	-76	 31.369265
MCS9	 19.7	 94.7	 95.5	-74	 31.420164
MCS9	 19.7	 94.9	 95.5	-71	 31.472670
MCS9	 19.8	 95.1	 95.5	-74	 31.525200
MCS9	 19.9	 95.9	 98.5	-73	 31.578506
MCS9	 19.8	 95.1	 92.8	-74	 31.628977
MCS9	 20.0	 96.0	 98.4	-77	 31.681135
MCS9	 19.8	 95.4	 93.9	-78	 31.733042
MCS9	 19.8	 95.1	 93.9	-77	 31.784563
MCS9	 19.9	 95.5	 97.0	-79	 31.837143
MCS9	 19.9	 95.9	 97.0	-77	 31.888929
MCS9	 19.9	 95.8	 95.5	-79	 31.940920
MCS9	 19.7	 94.6	 91.1	-77	 31.993458
MCS9	 19.6	 94.1	 92.6	-78	 32.044819
MCS9	 19.4	 93.4	 91.1	-78	 32.096104
MCS9	 19.8	 95.0	 100.0	-74	 32.361675
MCS9	 20.2	 97.2	 100.0	-78	 32.900806
MCS9	 20.3	 97.9	 100.0	-72	 33.005466
MCS9	 20.3	 97.5	 96.6	-78	 33.056328
MCS9	 19.3	 92.9	 79.1	-78	 33.109291
MCS9	 18.9	 90.8	 84.6	-78	 33.257648
MCS9	 19.2	 92.4	 97.1	-72	 33.365196
MCS9	 19.4	 93.5	 96.9	-77	 33.416737
MCS9	 19.6	 94.4	 96.9	-77	 33.468418
MCS9	 19.9	 95.8	 100.0	-78	 33.612576
MCS9	 19.8	 95.5	 94.5	-73	 33.718079
MCS9	 19.8	 95.4	 95.4	-77	 33.769825
MCS9	 20.0	 96.2	 98.4	-76	 33.821373
MCS9	 19.7	 95.0	 91.3	-76	 33.968758
MCS9	 19.9	 95.6	 97.4	-76	 34.077957
MCS9	 19.8	 95.5	 95.1	-75	 34.128082
MCS9	 20.1	 96.6	 100.0	-75	 34.180637
MCS9	 20.3	 97.4	 100.0	-75	 34.320850
MCS9	 20.1	 96.9	 95.3	-75	 34.429634
MCS9	 20.3	 97.7	 100.0	-76	 34.481541
MCS9	 20.4	 98.2	 100.0	-76	 34.532394
MCS9	 20.5	 98.7	 100.0	-76	 34.676552
MCS9	 20.1	 96.8	 91.1	-78	 34.785011
MCS9	 16.5	 79.4	 27.2	-80	 34.839024
MCS9	 16.7	 80.3	 83.0	-79	 34.889111
MCS9	 16.5	 79.6	 77.7	-80	 35.044403
MCS9	 16.0	 77.2	 69.9	-78	 35.093430
MCS9	 18.0	 86.4	 96.9	-80	 35.201118
MCS9	 18.4	 88.3	 94.2	-79	 35.253574
MCS9	 18.6	 89.7	 93.7	-79	 35.397247
MCS9	 18.8	 90.3	 92.3	-81	 35.448933
MCS9	 19.2	 92.3	 98.3	-80	 35.501217
MCS9	 19.2	 92.4	 92.7	-81	 35.553059
MCS9	 19.4	 93.2	 95.6	-81	 35.605087
MCS9	 19.0	 91.3	 85.7	-81	 35.750683
MCS9	 15.2	 73.0	 18.1	-78	 35.801147
MCS9	 11.4	 54.8	 0.0	-78	 35.859352
MCS9	 8.5	 41.1	 0.0	-82	 35.910126
MCS9	 6.4	 30.8	 0.0	-81	 35.967850
MCS9	 4.8	 23.1	 0.0	-81	 36.018166
MCS9	 4.4	 21.3	 16.0	-81	 36.077957
MCS9	 3.5	 17.2	 4.8	-81	 36.132313
MCS9	 2.6	 12.9	 0.0	-79	 36.183949
MCS9	 0.0	 9.6	 0.0	-82	 36.338409
MCS9	 0.0	 9.1	 7.4	-81	 36.389194
MCS9	 0.0	 6.8	 0.0	-78	 36.441422
MCS9	 5.3	 25.7	 82.3	-79	 36.496761
MCS9	 8.9	 43.0	 95.2	-81	 36.544960
MCS9	 11.0	 52.9	 82.3	-81	 36.693378
MCS9	 11.5	 55.4	 63.2	-79	 36.804054
MCS9	 8.6	 41.6	 0.0	-82	 36.858727
MCS9	 6.5	 31.2	 0.0	-81	 36.916763
MCS9	 4.8	 23.4	 0.0	-82	 36.974667
MCS9	 3.9	 18.7	 4.8	-81	 37.027634
MCS9	 3.0	 14.7	 2.5	-81	 37.078842
MCS9	 2.3	 11.0	 0.0	-78	 37.136848
MCS9	 0.0	 8.2	 0.0	-82	 37.184601
MCS9	 5.6	 27.2	 90.4	-77	 37.426147
MCS9	 7.6	 36.7	 65.1	-82	 37.477448
MCS9	 10.7	 51.7	 96.8	-82	 37.528736
MCS9	 12.4	 59.8	 83.9	-82	 37.681961
MCS9	 9.9	 47.6	 11.1	-82	 37.733826
MCS9	 7.4	 35.7	 0.0	-81	 37.798649
MCS9	 5.5	 26.8	 0.0	-80	 37.849262
MCS9	 4.1	 20.1	 0.0	-81	 37.901375
MCS9	 3.1	 15.0	 0.0	-83	 37.954346
MCS9	 2.3	 11.3	 0.0	-81	 38.005638
MCS9	 8.3	 39.9	 96.7	-81	 38.188469
MCS9	 8.6	 41.3	 45.4	-83	 38.240906
MCS9	 6.4	 30.9	 0.0	-82	 38.293034
MCS9	 4.8	 23.2	 0.0	-82	 38.350426
MCS9	 3.6	 17.4	 0.0	-82	 38.402615
MCS9	 2.7	 13.0	 0.0	-82	 38.453568
MCS9	 0.0	 9.8	 0.0	-83	 38.631977
MCS9	 0.0	 7.3	 0.0	-82	 38.684937
MCS9	 0.0	 5.5	 0.0	-82	 38.739254
MCS9	 0.0	 4.1	 0.0	-81	 38.790070
MCS9	 0.0	 3.0	 0.0	-84	 38.842621
MCS9	 0.0	 2.3	 0.0	-82	 38.894146
MCS9	 2.1	 10.3	 34.6	-80	 39.064514
MCS9	 0.0	 7.7	 0.0	-80	 39.118347
MCS9	 0.0	 5.8	 0.0	-80	 39.160748
MCS9	 0.0	 4.3	 0.0	-83	 39.220829
MCS9	 0.0	 3.2	 0.0	-80	 39.284103
MCS9	 0.0	 2.4	 0.0	-83	 39.329811
MCS9	 3.3	 16.2	 57.4	-82	 39.389111
MCS9	 7.4	 35.5	 93.4	-83	 39.449745
MCS9	 6.1	 29.3	 10.7	-80	 39.481186
MCS9	 4.5	 21.9	 0.0	-83	 39.539410
MCS9	 3.4	 16.4	 0.0	-83	 39.596973
MCS9	 2.5	 12.3	 0.0	-81	 39.642899
MCS9	 0.0	 9.2	 0.0	-81	 39.694302
MCS9	 0.0	 6.9	 0.0	-81	 39.760983
MCS9	 0.0	 5.2	 0.0	-82	 39.809586
MCS9	 0.0	 3.9	 0.0	-82	 39.866203
MCS9	 0.0	 2.9	 0.0	-82	 39.915066
MCS9	 0.0	 2.2	 0.0	-82	 39.971420
MCS9	 0.0	 1.6	 0.0	-82	 40.026508
MCS9	 0.0	 1.2	 0.0	-83	 40.083118
MCS9	 0.0	 0.9	 0.0	-82	 40.134205
MCS9	 0.0	 0.6	 0.0	-82	 40.185299
MCS9	 0.0	 0.5	 0.0	-83	 40.237782
MCS9	 0.0	 0.3	 0.0	-83	 40.288879
MCS9	 0.0	 0.2	 0.0	-83	 40.345020
MCS9	 0.0	 0.2	 0.0	-83	 40.401779
MCS9	 0.0	 0.1	 0.0	-83	 40.439880
MCS9	 0.0	 0.1	 0.0	-83	 40.502190
MCS9	 0.0	 0.0	 0.0	-84	 40.554798
MCS9	 0.0	 0.0	 0.0	-83	 40.600452
MCS9	 0.0	 0.0	 0.0	-83	 40.653793
MCS9	 0.0	 0.0	 0.0	-82	 40.704395
MCS9	 0.0	 0.0	 0.0	-82	 40.758270
MCS9	 0.0	 0.0	 0.0	-82	 40.809593
MCS9	 0.0	 0.0	 0.0	-83	 40.860989
MCS9	 0.0	 0.0	 0.0	-83	 40.913712
MCS9	 0.0	 0.0	 0.0	-83	 40.970364
MCS9	 0.0	 0.0	 0.0	-82	 41.021244
MCS9	 0.0	 0.0	 0.0	-83	 41.073730
MCS9	 0.0	 0.0	 0.0	-81	 41.127289
MCS9	 0.0	 0.0	 0.0	-84	 41.176678
MCS9	 0.0	 0.0	 0.0	-83	 41.229057
MCS9	 0.0	 0.0	 0.0	-81	 41.283115
MCS9	 0.0	 0.0	 0.0	-80	 41.333447
MCS9	 0.0	 0.0	 0.0	-80	 41.385342
MCS9	 0.0	 0.0	 0.0	-79	 41.437737
MCS9	 0.0	 0.0	 0.0	-82	 41.490479
MCS9	 0.0	 0.0	 0.0	-82	 41.541103
MCS9	 0.0	 0.0	 0.0	-82	 41.593422
MCS9	 0.0	 0.0	 0.0	-82	 41.645596
MCS9	 0.0	 0.0	 0.0	-83	 41.696884
MCS9	 0.0	 0.0	 0.0	-83	 41.751003
MCS9	 0.0	 0.0	 0.0	-83	 41.800953
MCS9	 0.0	 0.0	 0.0	-82	 41.852844
MCS9	 0.0	 0.0	 0.0	-83	 41.906898
MCS9	 0.0	 0.0	 0.0	-83	 41.959137
MCS9	 0.0	 0.0	 0.0	-83	 42.012924
MCS9	 0.0	 0.0	 0.0	-84	 42.062248
MCS9	 0.0	 0.0	 0.0	-81	 42.112743
MCS9	 0.0	 0.0	 0.0	-82	 42.168694
MCS9	 0.0	 0.0	 0.0	-82	 42.217709
MCS9	 0.0	 0.0	 0.0	-82	 42.271244
MCS9	 0.0	 0.0	 0.0	-83	 42.320637
MCS9	 0.0	 0.0	 0.0	-84	 42.373039
MCS9	 0.0	 0.0	 0.0	-83	 42.425789
MCS9	 0.0	 0.0	 0.0	-83	 42.477917
MCS9	 0.0	 0.0	 0.0	-84	 42.528469
MCS9	 0.0	 0.0	 0.0	-83	 42.581104
MCS9	 0.0	 0.0	 0.0	-84	 42.635002
MCS9	 0.0	 0.0	 0.0	-83	 42.686005
MCS9	 0.0	 0.0	 0.0	-84	 42.737141
MCS9	 0.0	 0.0	 0.0	-81	 42.789288
MCS9	 0.0	 1.3	 5.5	-82	 42.841572
MCS9	 0.0	 8.1	 28.5	-81	 42.893208
MCS9	 3.0	 14.4	 33.3	-81	 42.947865
MCS9	 2.5	 12.1	 5.2	-82	 42.998695
MCS9	 2.4	 11.9	 11.1	-81	 43.049259
MCS9	 0.0	 8.9	 0.0	-83	 43.101490
MCS9	 0.0	 6.6	 0.0	-82	 43.153233
MCS9	 0.0	 5.0	 0.0	-83	 43.209843
MCS9	 0.0	 3.7	 0.0	-84	 43.262466
MCS9	 0.0	 2.8	 0.0	-83	 43.317097
MCS9	 0.0	 2.1	 0.0	-83	 43.370731
MCS9	 0.0	 1.5	 0.0	-85	 43.421703
MCS9	 0.0	 1.1	 0.0	-84	 43.472530
MCS9	 0.0	 0.8	 0.0	-82	 43.524998
MCS9	 0.0	 1.9	 5.2	-83	 43.578621
MCS9	 0.0	 1.4	 0.0	-83	 43.631165
MCS9	 0.0	 1.1	 0.0	-79	 43.681427
MCS9	 0.0	 0.8	 0.0	-82	 43.734280
MCS9	 0.0	 0.6	 0.0	-83	 43.787041
MCS9	 0.0	 0.4	 0.0	-82	 43.838486
MCS9	 0.0	 0.3	 0.0	-83	 43.890026
MCS9	 0.0	 0.2	 0.0	-83	 43.940624
MCS9	 0.0	 0.1	 0.0	-83	 43.995033
MCS9	 0.0	 0.1	 0.0	-83	 44.046387
MCS9	 0.0	 0.1	 0.0	-83	 44.099609
MCS9	 0.0	 0.0	 0.0	-82	 44.149277
MCS9	 0.0	 0.0	 0.0	-84	 44.206722
MCS9	 0.0	 0.0	 0.0	-84	 44.257374
MCS9	 0.0	 0.0	 0.0	-81	 44.309837
MCS9	 0.0	 0.0	 0.0	-85	 44.362705
MCS9	 0.0	 0.0	 0.0	-85	 44.414230
MCS9	 0.0	 0.0	 0.0	-85	 44.465984
MCS9	 0.0	 0.0	 0.0	-84	 44.519028
MCS9	 0.0	 0.0	 0.0	-85	 44.570816
MCS9	 0.0	 0.0	 0.0	-81	 44.622803
MCS9	 0.0	 0.0	 0.0	-85	 44.673786
MCS9	 0.0	 0.0	 0.0	-82	 44.729099
MCS9	 0.0	 0.0	 0.0	-85	 44.795601
MCS9	 0.0	 0.0	 0.0	-84	 44.845524
MCS9	 0.0	 0.0	 0.0	-84	 44.900436
MCS9	 0.0	 0.0	 0.0	-84	 45.145538
MCS9	 0.0	 0.0	 0.0	-85	 45.202068
MCS9	 0.0	 0.0	 0.0	-84	 45.251564
MCS9	 0.0	 0.0	 0.0	-83	 45.301785
MCS9	 0.0	 0.0	 0.0	-85	 45.353313
MCS9	 0.0	 0.0	 0.0	-84	 45.406567
MCS9	 0.0	 0.0	 0.0	-84	 45.457653
MCS9	 0.0	 0.0	 0.0	-85	 45.511009
MCS9	 0.0	 0.0	 0.0	-84	 45.562370
MCS9	 0.0	 0.0	 0.0	-85	 45.612492
MCS9	 0.0	 0.0	 0.0	-84	 45.670090
MCS9	 0.0	 0.0	 0.0	-85	 45.721443
MCS9	 0.0	 0.0	 0.0	-84	 45.775124
MCS9	 0.0	 0.0	 0.0	-84	 45.826569
MCS9	 0.0	 0.0	 0.0	-84	 45.878376
MCS9	 0.0	 0.0	 0.0	-87	 48.160515
MCS9	 0.0	 0.0	 0.0	-87	 48.216003
MCS9	 0.0	 0.0	 0.0	-85	 48.272717
MCS9	 0.0	 0.0	 0.0	-85	 48.321972
MCS9	 0.0	 0.0	 0.0	-85	 48.377979
MCS9	 0.0	 0.0	 0.0	-86	 48.430595
MCS9	 20.2	 97.0	 97.0	-30	 0.011253
MCS9	 20.1	 96.6	 95.6	-29	 0.063462
MCS9	 19.8	 95.3	 91.3	-28	 0.115826
MCS9	 20.0	 96.1	 98.5	-28	 0.167555
MCS9	 20.1	 96.7	 98.5	-28	 0.220014
MCS9	 20.0	 96.0	 94.2	-29	 0.271586
MCS9	 19.7	 94.8	 91.1	-29	 0.323775
MCS9	 19.8	 95.0	 95.7	-29	 0.376211
MCS9	 19.9	 95.9	 98.5	-29	 0.427973
MCS9	 20.1	 96.5	 98.5	-27	 0.478718
MCS9	 20.0	 96.0	 94.4	-28	 0.532054
MCS9	 19.9	 95.5	 94.0	-27	 0.583172
MCS9	 19.7	 94.8	 92.7	-26	 0.635108
MCS9	 19.5	 93.9	 91.3	-26	 0.687317
MCS9	 19.6	 94.3	 95.6	-26	 0.739364
MCS9	 19.6	 94.3	 94.2	-27	 0.791496
MCS9	 19.9	 95.7	 100.0	-27	 0.843233
MCS9	 19.9	 95.7	 95.6	-28	 0.895324
MCS9	 19.7	 94.6	 91.4	-28	 0.947596
MCS9	 19.6	 94.2	 92.8	-28	 0.999915
MCS9	 19.5	 93.8	 92.9	-30	 1.051833
MCS9	 19.5	 93.9	 94.1	-28	 1.103380
MCS9	 19.5	 93.6	 92.9	-32	 1.156552
MCS9	 19.6	 94.1	 95.6	-32	 1.207646
MCS9	 19.7	 94.9	 97.1	-30	 1.259743
MCS9	 19.9	 95.8	 98.5	-31	 1.311067
MCS9	 19.9	 95.8	 95.7	-31	 1.363656
MCS9	 20.1	 96.8	 100.0	-29	 1.415953
MCS9	 19.9	 95.8	 92.9	-30	 1.468205
MCS9	 19.8	 95.1	 92.8	-29	 1.519483
MCS9	 19.6	 94.5	 92.8	-29	 1.572316
MCS9	 19.7	 94.8	 95.6	-29	 1.624064
MCS9	 19.7	 94.6	 94.2	-29	 1.675154
MCS9	 19.9	 95.6	 98.5	-31	 1.727952
MCS9	 20.0	 96.0	 97.1	-34	 1.779969
MCS9	 19.9	 95.5	 94.2	-34	 1.831057
MCS9	 20.1	 96.6	 100.0	-32	 1.883563
MCS9	 20.2	 97.1	 98.5	-33	 1.935026
MCS9	 20.2	 97.1	 97.0	-33	 1.987514
MCS9	 20.3	 97.8	 100.0	-32	 2.039594
MCS9	 20.4	 98.3	 100.0	-33	 2.092385
MCS9	 20.3	 97.6	 95.5	-34	 2.143205
MCS9	 20.4	 98.2	 100.0	-32	 2.196382
MCS9	 20.2	 97.3	 94.4	-32	 2.248130
MCS9	 20.1	 96.5	 94.2	-32	 2.299722
MCS9	 20.1	 96.6	 97.1	-31	 2.351153
MCS9	 20.1	 96.7	 97.0	-30	 2.403264
MCS9	 19.9	 95.7	 92.7	-30	 2.455570
MCS9	 19.8	 95.4	 94.4	-23	 2.508703
MCS9	 19.7	 94.7	 92.7	-31	 2.559213
MCS9	 19.5	 93.8	 91.1	-30	 2.611811
MCS9	 19.5	 93.9	 94.3	-32	 2.663684
MCS9	 19.7	 94.7	 97.1	-32	 2.715506
MCS9	 19.7	 94.6	 94.2	-34	 2.767851
MCS9	 19.6	 94.1	 92.7	-34	 2.819963
MCS9	 19.7	 94.9	 97.1	-34	 2.871552
MCS9	 19.8	 95.4	 97.0	-36	 2.922950
MCS9	 19.9	 95.8	 97.1	-36	 2.976036
MCS9	 19.9	 95.8	 95.7	-38	 3.027791
MCS9	 19.9	 95.7	 95.6	-43	 3.079557
MCS9	 20.0	 96.4	 98.5	-42	 3.131808
MCS9	 20.2	 97.3	 100.0	-41	 3.183626
MCS9	 20.3	 97.6	 98.5	-42	 3.234750
MCS9	 20.3	 97.5	 97.1	-39	 3.288186
MCS9	 20.0	 96.3	 92.6	-38	 3.339180
MCS9	 20.1	 96.8	 98.5	-39	 3.391915
MCS9	 20.3	 97.6	 100.0	-38	 3.442917
MCS9	 20.3	 97.8	 98.5	-41	 3.495608
MCS9	 20.3	 97.6	 97.1	-43	 3.547382
MCS9	 20.2	 97.1	 95.7	-42	 3.599561
MCS9	 20.3	 97.5	 98.5	-43	 3.651466
MCS9	 20.2	 97.4	 97.1	-43	 3.704108
MCS9	 20.2	 97.3	 97.0	-42	 3.755111
MCS9	 20.0	 96.2	 92.9	-40	 3.807646
MCS9	 20.0	 96.1	 95.7	-39	 3.859787
MCS9	 20.0	 96.3	 97.0	-41	 3.911212
MCS9	 20.1	 96.5	 97.1	-40	 3.963558
MCS9	 20.1	 96.6	 97.1	-41	 4.014979
MCS9	 20.1	 96.7	 97.1	-40	 4.067528
MCS9	 20.3	 97.5	 100.0	-46	 4.120700
MCS9	 20.3	 97.8	 98.5	-46	 4.172095
MCS9	 20.3	 97.9	 98.2	-45	 4.223614
MCS9	 20.4	 98.0	 98.5	-43	 4.275277
MCS9	 20.3	 97.8	 97.1	-40	 4.327119
MCS9	 20.4	 98.0	 98.5	-41	 4.378878
MCS9	 20.3	 97.7	 97.1	-43	 4.431701
MCS9	 20.3	 97.6	 97.1	-43	 4.484338
MCS9	 20.3	 97.8	 98.5	-42	 4.535378
MCS9	 20.4	 98.3	 100.0	-41	 4.587397
MCS9	 20.2	 97.3	 94.2	-45	 4.639867
MCS9	 20.2	 97.2	 97.0	-44	 4.692265
MCS9	 20.2	 97.2	 97.0	-44	 4.744007
MCS9	 20.0	 96.4	 94.2	-44	 4.795321
MCS9	 20.1	 96.6	 97.1	-46	 4.847165
MCS9	 20.0	 96.3	 95.6	-45	 4.899296
MCS9	 20.0	 96.2	 95.7	-44	 4.951413
MCS9	 20.0	 96.4	 97.1	-48	 5.003230
MCS9	 20.1	 96.6	 97.1	-47	 5.055852
MCS9	 20.0	 96.0	 94.4	-47	 5.107491
MCS9	 20.2	 97.0	 100.0	-46	 5.159714
MCS9	 20.3	 97.7	 100.0	-48	 5.211982
MCS9	 20.4	 97.9	 98.4	-46	 5.263712
MCS9	 20.2	 97.3	 95.7	-44	 5.314902
MCS9	 20.1	 96.6	 94.3	-44	 5.367466
MCS9	 20.1	 96.7	 97.1	-42	 5.419830
MCS9	 20.0	 96.1	 94.2	-43	 5.471243
MCS9	 19.9	 95.9	 95.6	-43	 5.523313
MCS9	 19.9	 95.9	 95.6	-40	 5.575325
MCS9	 20.1	 96.9	 100.0	-40	 5.627461
MCS9	 20.1	 96.6	 95.6	-42	 5.680202
MCS9	 20.3	 97.4	 100.0	-44	 5.731669
MCS9	 20.3	 97.7	 98.5	-40	 5.784017
MCS9	 20.0	 96.0	 91.1	-41	 5.835161
MCS9	 20.1	 96.7	 98.5	-37	 5.887437
MCS9	 20.1	 96.8	 97.1	-45	 5.940184
MCS9	 20.1	 96.8	 97.0	-44	 5.991210
MCS9	 20.1	 96.9	 97.1	-48	 6.043119
MCS9	 20.1	 96.9	 97.0	-44	 6.095374
MCS9	 20.2	 97.3	 98.5	-49	 6.147300
MCS9	 20.3	 97.6	 98.5	-49	 6.199800
MCS9	 20.0	 96.4	 92.7	-49	 6.251391
MCS9	 19.8	 95.5	 92.8	-49	 6.304131
MCS9	 20.0	 96.2	 98.5	-48	 6.355488
MCS9	 20.1	 96.8	 98.5	-45	 6.407215
MCS9	 20.2	 97.2	 98.5	-46	 6.459277
MCS9	 20.2	 97.2	 97.1	-48	 6.511269
MCS9	 20.2	 97.1	 97.1	-47	 6.563363
MCS9	 20.3	 97.5	 98.5	-47	 6.615700
MCS9	 20.3	 97.7	 98.5	-47	 6.667262
MCS9	 20.2	 97.2	 95.6	-49	 6.720111
MCS9	 20.2	 97.2	 97.1	-50	 6.771324
MCS9	 20.0	 96.4	 94.1	-50	 6.823240
MCS9	 19.9	 95.8	 94.1	-49	 6.876123
MCS9	 20.0	 96.1	 97.0	-51	 6.927746
MCS9	 19.9	 95.6	 94.2	-52	 6.979964
MCS9	 20.0	 96.3	 98.5	-52	 7.031127
MCS9	 20.0	 96.2	 95.7	-49	 7.082839
MCS9	 20.2	 97.1	 100.0	-50	 7.135913
MCS9	 20.3	 97.5	 98.5	-50	 7.187775
MCS9	 20.2	 97.4	 97.1	-50	 7.239409
MCS9	 20.1	 96.9	 95.5	-50	 7.290974
MCS9	 20.1	 96.6	 95.6	-49	 7.343891
MCS9	 20.1	 96.7	 97.1	-47	 7.395429
MCS9	 20.3	 97.5	 100.0	-49	 7.446943
MCS9	 20.3	 97.8	 98.5	-50	 7.499020
MCS9	 20.1	 96.9	 94.4	-51	 7.550971
MCS9	 20.0	 96.2	 94.2	-53	 7.603581
MCS9	 19.8	 95.0	 91.4	-53	 7.656309
MCS9	 19.9	 95.9	 98.5	-53	 7.707874
MCS9	 20.0	 96.2	 97.1	-53	 7.758993
MCS9	 20.0	 96.0	 95.6	-53	 7.811694
MCS9	 20.0	 96.3	 97.1	-52	 7.864046
MCS9	 20.0	 96.1	 95.7	-52	 7.915729
MCS9	 20.0	 96.0	 95.5	-52	 7.967448
MCS9	 20.0	 96.3	 97.1	-49	 8.019825
MCS9	 20.2	 97.2	 100.0	-50	 8.071463
MCS9	 20.2	 97.2	 97.1	-51	 8.123446
MCS9	 20.0	 96.4	 94.1	-53	 8.176307
MCS9	 19.9	 95.9	 94.3	-51	 8.227062
MCS9	 19.9	 95.8	 95.6	-51	 8.279386
MCS9	 20.0	 96.1	 97.1	-51	 8.331924
MCS9	 20.2	 97.1	 100.0	-51	 8.383231
MCS9	 20.3	 97.4	 98.5	-52	 8.435846
MCS9	 20.4	 98.1	 100.0	-52	 8.486743
MCS9	 20.0	 96.4	 91.5	-52	 8.540114
MCS9	 20.0	 96.2	 95.5	-52	 8.591137
MCS9	 20.0	 96.4	 97.1	-52	 8.643310
MCS9	 20.1	 96.6	 97.1	-53	 8.694934
MCS9	 20.1	 96.7	 97.1	-53	 8.753308
MCS9	 20.1	 96.5	 95.7	-53	 8.803184
MCS9	 20.2	 97.3	 100.0	-54	 8.855227
MCS9	 20.1	 96.5	 94.2	-56	 8.906977
MCS9	 20.0	 96.3	 95.6	-49	 8.959385
MCS9	 19.9	 95.8	 94.2	-56	 9.011959
MCS9	 20.0	 96.1	 97.0	-46	 9.063298
MCS9	 19.9	 96.0	 95.7	-56	 9.115949
MCS9	 20.1	 96.6	 98.5	-53	 9.167864
MCS9	 20.3	 97.4	 100.0	-59	 9.220041
MCS9	 20.2	 96.9	 95.5	-60	 9.271467
MCS9	 20.2	 97.0	 97.1	-57	 9.323841
MCS9	 20.3	 97.7	 100.0	-60	 9.375459
MCS9	 20.3	 97.6	 97.1	-57	 9.429387
MCS9	 20.1	 96.7	 94.2	-57	 9.479893
MCS9	 20.2	 97.2	 98.5	-57	 9.530926
MCS9	 20.2	 97.1	 97.1	-60	 9.584123
MCS9	 20.3	 97.5	 98.6	-57	 9.636460
MCS9	 20.4	 98.1	 100.0	-60	 9.687913
MCS9	 20.3	 97.8	 97.1	-62	 9.740320
MCS9	 20.1	 96.9	 94.1	-60	 9.791602
MCS9	 19.8	 95.2	 89.9	-60	 9.843757
MCS9	 19.8	 95.3	 95.6	-61	 9.895195
MCS9	 19.8	 95.4	 95.6	-59	 9.947808
MCS9	 19.9	 95.8	 97.0	-55	 9.999754
MCS9	 20.0	 96.1	 97.0	-56	 10.051896
MCS9	 20.2	 97.0	 100.0	-60	 10.103779
MCS9	 20.2	 97.0	 97.1	-62	 10.155369
MCS9	 20.3	 97.8	 100.0	-62	 10.207647
MCS9	 20.0	 96.0	 90.9	-57	 10.259711
MCS9	 20.2	 97.0	 100.0	-59	 10.312326
MCS9	 19.9	 95.9	 92.7	-60	 10.363609
MCS9	 20.2	 96.9	 100.0	-60	 10.415840
MCS9	 20.2	 97.3	 98.5	-60	 10.467847
MCS9	 20.1	 96.5	 94.1	-59	 10.519918
MCS9	 20.2	 97.4	 100.0	-60	 10.571089
MCS9	 20.3	 97.6	 98.5	-63	 10.623099
MCS9	 20.2	 97.1	 95.5	-63	 10.675833
MCS9	 20.1	 96.7	 95.6	-62	 10.726740
MCS9	 19.9	 95.7	 92.7	-58	 10.779248
MCS9	 19.9	 95.7	 95.6	-63	 10.831782
MCS9	 20.0	 96.0	 97.1	-62	 10.884308
MCS9	 20.0	 96.3	 97.0	-64	 10.935108
MCS9	 20.1	 96.5	 97.1	-66	 10.987429
MCS9	 19.9	 95.9	 94.2	-67	 11.039965
MCS9	 20.1	 96.9	 100.0	-72	 11.091412
MCS9	 20.1	 96.9	 96.9	-71	 11.143423
MCS9	 20.1	 96.8	 96.6	-70	 11.195442
MCS9	 20.3	 97.6	 100.0	-68	 11.247700
MCS9	 20.4	 98.2	 100.0	-64	 11.299835
MCS9	 20.4	 98.3	 98.5	-66	 11.352468
MCS9	 20.4	 98.3	 98.5	-64	 11.403832
MCS9	 20.3	 97.7	 95.7	-68	 11.455200
MCS9	 20.3	 97.9	 98.4	-71	 11.507504
MCS9	 20.5	 98.4	 100.0	-69	 11.559571
MCS9	 20.3	 97.7	 95.5	-68	 11.611703
MCS9	 20.3	 97.5	 97.0	-70	 11.663633
MCS9	 20.2	 97.0	 95.6	-72	 11.716565
MCS9	 20.2	 97.0	 97.0	-71	 11.767672
MCS9	 20.2	 97.0	 97.0	-69	 11.819638
MCS9	 20.2	 97.0	 97.1	-69	 11.871297
MCS9	 20.2	 97.4	 98.5	-72	 11.923570
MCS9	 20.3	 97.7	 98.5	-67	 11.975679
MCS9	 20.2	 97.1	 95.3	-69	 12.027649
MCS9	 20.2	 97.0	 97.0	-70	 12.079469
MCS9	 20.2	 97.0	 97.1	-70	 12.131073
MCS9	 20.2	 97.0	 97.1	-69	 12.183178
MCS9	 20.2	 97.4	 98.5	-68	 12.235364
MCS9	 20.3	 97.7	 98.5	-68	 12.286980
MCS9	 20.3	 97.9	 98.5	-68	 12.339839
MCS9	 20.1	 96.6	 92.6	-65	 12.391769
MCS9	 20.2	 97.0	 98.5	-69	 12.443253
MCS9	 20.1	 96.6	 95.2	-71	 12.495031
MCS9	 20.0	 96.0	 94.2	-69	 12.547138
MCS9	 20.1	 96.6	 98.5	-69	 12.598971
MCS9	 20.2	 97.1	 98.5	-70	 12.651998
MCS9	 20.3	 97.4	 98.5	-73	 12.704095
MCS9	 20.3	 97.7	 98.5	-71	 12.755588
MCS9	 20.2	 97.2	 95.6	-69	 12.806975
MCS9	 20.3	 97.5	 98.5	-65	 12.859232
MCS9	 19.9	 95.9	 91.1	-68	 12.910982
MCS9	 20.0	 96.2	 97.0	-69	 12.963016
MCS9	 20.1	 96.8	 98.5	-69	 13.015088
MCS9	 20.1	 96.8	 97.1	-71	 13.068172
MCS9	 19.8	 95.0	 89.7	-68	 13.119065
MCS9	 19.9	 95.5	 97.0	-69	 13.172049
MCS9	 19.9	 95.9	 97.1	-72	 13.224176
MCS9	 19.8	 95.1	 92.7	-69	 13.275425
MCS9	 19.8	 95.2	 95.5	-72	 13.328114
MCS9	 19.9	 95.7	 97.0	-72	 13.379096
MCS9	 20.0	 96.4	 98.5	-72	 13.430842
MCS9	 20.1	 96.9	 98.5	-73	 13.483351
MCS9	 20.1	 96.9	 97.0	-73	 13.535142
MCS9	 20.1	 96.6	 95.5	-75	 13.587499
MCS9	 20.1	 96.7	 97.1	-73	 13.639469
MCS9	 20.0	 96.0	 94.0	-74	 13.691350
MCS9	 19.7	 94.8	 91.1	-75	 13.743705
MCS9	 19.9	 95.7	 92.7	-76	 15.135541
MCS9	 20.0	 96.4	 98.5	-75	 15.147704
MCS9	 20.0	 96.2	 95.7	-80	 15.200605
MCS9	 19.7	 94.8	 90.6	-76	 15.252296
MCS9	 19.4	 93.5	 89.8	-76	 15.303866
MCS9	 19.5	 93.6	 93.9	-75	 15.355084
MCS9	 19.6	 94.1	 95.5	-72	 15.407872
MCS9	 19.6	 94.1	 94.0	-75	 15.459975
MCS9	 19.7	 94.8	 97.0	-76	 15.512077
MCS9	 19.7	 95.0	 95.6	-74	 15.563735
MCS9	 19.7	 94.7	 94.0	-75	 15.615357
MCS9	 19.7	 94.9	 95.5	-76	 15.667708
MCS9	 19.7	 94.7	 94.1	-76	 15.719105
MCS9	 19.9	 95.7	 98.5	-75	 15.772085
MCS9	 19.9	 95.6	 95.5	-77	 15.823722
MCS9	 19.6	 94.5	 91.1	-74	 15.875634
MCS9	 19.2	 92.6	 86.9	-72	 15.927304
MCS9	 19.5	 93.7	 97.0	-75	 15.979378
MCS9	 19.6	 94.5	 96.9	-72	 16.030941
MCS9	 19.8	 95.1	 97.0	-74	 16.084351
MCS9	 20.0	 96.0	 98.5	-74	 16.135166
MCS9	 19.9	 95.8	 95.4	-76	 16.187920
MCS9	 20.0	 96.1	 97.0	-76	 16.239904
MCS9	 20.2	 97.1	 100.0	-75	 16.313042
MCS9	 20.2	 97.0	 96.8	-74	 16.363552
MCS9	 20.1	 96.6	 95.5	-75	 16.415627
MCS9	 20.1	 96.7	 97.1	-73	 16.467566
MCS9	 19.8	 95.3	 91.1	-72	 16.519861
MCS9	 20.1	 96.5	 100.0	-75	 16.571972
MCS9	 20.0	 96.3	 95.6	-72	 16.623905
MCS9	 19.9	 95.7	 94.2	-74	 16.674965
MCS9	 20.0	 96.0	 96.9	-76	 16.728182
MCS9	 20.0	 96.3	 97.0	-76	 16.779325
MCS9	 20.1	 96.8	 98.5	-70	 16.831364
MCS9	 20.1	 96.5	 95.5	-73	 16.883846
MCS9	 20.1	 96.6	 97.1	-70	 16.935734
MCS9	 20.1	 96.7	 96.9	-73	 16.987631
MCS9	 20.1	 96.8	 97.1	-70	 17.039631
MCS9	 20.1	 96.8	 96.9	-72	 17.091421
MCS9	 20.2	 97.2	 98.5	-74	 17.143709
MCS9	 20.3	 97.5	 98.5	-72	 17.195547
MCS9	 20.3	 97.8	 98.5	-74	 17.247726
MCS9	 20.3	 97.6	 96.9	-71	 17.299179
MCS9	 20.3	 97.4	 97.1	-72	 17.355074
MCS9	 20.2	 97.0	 95.6	-73	 17.403692
MCS9	 20.2	 97.4	 98.5	-73	 17.455942
MCS9	 20.1	 96.8	 95.3	-71	 17.507544
MCS9	 20.3	 97.6	 100.0	-73	 17.559740
MCS9	 20.1	 96.8	 94.2	-72	 17.611485
MCS9	 20.2	 97.2	 98.5	-73	 17.662725
MCS9	 19.9	 95.7	 91.4	-73	 17.715874
MCS9	 20.0	 96.3	 98.1	-73	 17.769657
MCS9	 20.2	 97.2	 100.0	-73	 17.820803
MCS9	 20.4	 97.9	 100.0	-72	 17.870888
MCS9	 20.3	 97.7	 97.1	-72	 17.922968
MCS9	 20.4	 97.9	 98.5	-69	 17.975863
MCS9	 20.4	 98.1	 98.5	-71	 18.027746
MCS9	 20.5	 98.5	 100.0	-66	 18.079489
MCS9	 20.6	 98.9	 100.0	-75	 18.131874
MCS9	 20.5	 98.4	 97.0	-70	 18.183821
MCS9	 20.1	 96.6	 91.0	-72	 18.235285
MCS9	 20.2	 97.0	 98.5	-71	 18.287422
MCS9	 20.1	 96.7	 95.5	-69	 18.339901
MCS9	 20.0	 96.4	 95.6	-70	 18.391029
MCS9	 20.2	 97.3	 100.0	-66	 18.444120
MCS9	 20.2	 97.2	 97.1	-67	 18.495329
MCS9	 20.2	 97.2	 97.1	-67	 18.548285
MCS9	 20.1	 96.8	 95.6	-65	 18.599073
MCS9	 20.0	 96.1	 94.1	-66	 18.651262
MCS9	 20.0	 96.0	 95.6	-63	 18.704203
MCS9	 20.1	 96.6	 98.5	-65	 18.755964
MCS9	 19.9	 95.7	 92.8	-67	 18.807322
MCS9	 20.0	 96.4	 98.5	-66	 18.860188
MCS9	 20.0	 96.2	 95.5	-65	 18.912094
MCS9	 20.0	 96.0	 95.5	-63	 18.963081
MCS9	 20.0	 96.3	 97.1	-63	 19.015200
MCS9	 20.1	 96.8	 98.5	-63	 19.067690
MCS9	 20.2	 97.2	 98.5	-65	 19.119432
MCS9	 20.1	 96.8	 95.5	-65	 19.171782
MCS9	 20.3	 97.6	 100.0	-65	 19.223061
MCS9	 20.3	 97.5	 97.1	-64	 19.275791
MCS9	 20.4	 98.1	 100.0	-65	 19.327150
MCS9	 20.3	 97.4	 95.5	-64	 19.379288
MCS9	 20.3	 97.7	 98.5	-64	 19.431158
MCS9	 20.2	 97.2	 95.5	-65	 19.483568
MCS9	 20.1	 96.7	 95.4	-68	 19.534916
MCS9	 20.2	 97.2	 98.5	-66	 19.586784
MCS9	 20.1	 96.8	 95.5	-64	 19.639824
MCS9	 20.2	 97.2	 98.5	-63	 19.691093
MCS9	 20.2	 97.2	 97.1	-61	 19.743561
MCS9	 20.3	 97.9	 100.0	-62	 19.795668
MCS9	 20.2	 97.3	 95.6	-62	 19.848021
MCS9	 20.2	 97.2	 97.0	-65	 19.900295
MCS9	 20.1	 96.8	 95.5	-65	 19.951857
MCS9	 19.9	 95.8	 92.8	-64	 20.003510
MCS9	 20.0	 96.1	 97.0	-62	 20.055651
MCS9	 19.9	 96.0	 95.5	-62	 20.107197
MCS9	 19.9	 95.9	 95.6	-59	 20.160221
MCS9	 20.2	 97.3	 97.1	-58	 21.529598
MCS9	 20.3	 97.6	 98.5	-58	 21.564058
MCS9	 20.3	 97.4	 97.0	-56	 21.615177
MCS9	 19.9	 95.9	 91.3	-59	 21.666756
MCS9	 20.1	 96.5	 98.5	-58	 21.720348
MCS9	 20.0	 96.3	 95.5	-57	 21.771580
MCS9	 20.2	 97.2	 100.0	-55	 21.823469
MCS9	 20.2	 97.2	 97.1	-55	 21.875019
MCS9	 20.2	 97.1	 97.1	-55	 21.928076
MCS9	 20.1	 96.7	 95.5	-54	 21.979027
MCS9	 20.0	 96.1	 94.2	-54	 22.032034
MCS9	 19.9	 96.0	 95.6	-55	 22.082870
MCS9	 19.9	 95.9	 95.6	-55	 22.135487
MCS9	 20.1	 96.5	 98.5	-56	 22.187933
MCS9	 20.0	 96.3	 95.7	-50	 22.239756
MCS9	 19.7	 94.7	 89.8	-54	 22.292274
MCS9	 19.9	 95.6	 98.5	-54	 22.344299
MCS9	 20.0	 96.0	 97.0	-52	 22.395287
MCS9	 19.6	 94.4	 89.8	-56	 22.447687
MCS9	 19.8	 95.5	 98.5	-55	 22.499973
MCS9	 20.0	 96.2	 98.5	-52	 22.551254
MCS9	 19.9	 95.7	 94.2	-54	 22.603848
MCS9	 20.0	 96.4	 98.5	-54	 22.656202
MCS9	 19.9	 95.8	 94.2	-56	 22.707272
MCS9	 19.8	 95.4	 94.2	-53	 22.759583
MCS9	 19.8	 95.5	 95.7	-55	 22.811689
MCS9	 19.9	 95.9	 97.1	-50	 22.863806
MCS9	 19.9	 95.8	 95.5	-50	 22.915213
MCS9	 20.1	 96.8	 100.0	-50	 22.967232
MCS9	 20.1	 96.9	 97.1	-49	 23.018959
MCS9	 20.1	 96.9	 97.1	-53	 23.070974
MCS9	 20.2	 97.3	 98.5	-51	 23.123539
MCS9	 20.3	 97.6	 98.5	-54	 23.175888
MCS9	 20.3	 97.5	 97.0	-51	 23.227793
MCS9	 20.3	 97.7	 98.5	-48	 23.279690
MCS9	 20.4	 98.3	 100.0	-57	 23.331390
MCS9	 20.5	 98.7	 100.0	-48	 23.384134
MCS9	 20.3	 97.9	 95.5	-52	 23.434942
MCS9	 20.2	 97.3	 95.5	-45	 23.487009
MCS9	 20.3	 97.6	 98.5	-47	 23.539618
MCS9	 20.0	 96.0	 91.4	-46	 23.592463
MCS9	 19.9	 96.0	 95.7	-49	 23.643637
MCS9	 20.1	 96.6	 98.5	-52	 23.695152
MCS9	 20.0	 96.0	 94.2	-54	 23.746706
MCS9	 20.0	 96.2	 97.1	-53	 23.799477
MCS9	 19.8	 95.4	 92.8	-48	 23.855028
MCS9	 19.9	 95.8	 97.0	-52	 23.902969
MCS9	 20.0	 96.1	 97.1	-49	 23.955256
MCS9	 20.1	 96.7	 98.5	-52	 24.007303
MCS9	 20.2	 97.1	 98.5	-49	 24.059534
MCS9	 20.0	 96.1	 92.8	-53	 24.111696
MCS9	 20.1	 96.7	 98.5	-55	 24.163605
MCS9	 20.1	 96.8	 97.1	-53	 24.222183
MCS9	 20.2	 97.2	 98.5	-53	 24.267382
MCS9	 20.2	 97.2	 97.1	-48	 24.319818
MCS9	 20.2	 97.1	 97.1	-55	 24.371489
MCS9	 20.2	 97.1	 97.1	-56	 24.425451
MCS9	 20.3	 97.8	 100.0	-57	 24.475475
MCS9	 20.1	 96.9	 94.2	-56	 24.527987
MCS9	 20.1	 96.6	 95.7	-53	 24.579939
MCS9	 20.1	 96.7	 97.0	-51	 24.631342
MCS9	 20.2	 97.2	 98.5	-54	 24.684160
MCS9	 20.2	 97.1	 97.0	-52	 24.735155
MCS9	 20.0	 96.4	 94.2	-52	 24.791443
MCS9	 20.0	 96.1	 95.5	-53	 24.839130
MCS9	 20.1	 96.7	 98.5	-54	 24.891533
MCS9	 20.2	 97.2	 98.5	-57	 24.944065
MCS9	 20.0	 96.4	 94.2	-60	 24.995113
MCS9	 20.2	 96.9	 98.5	-55	 25.047695
MCS9	 19.9	 95.9	 92.7	-58	 25.100040
MCS9	 19.9	 95.8	 95.5	-59	 25.151157
MCS9	 20.0	 96.1	 97.1	-59	 25.204075
MCS9	 20.0	 96.0	 95.6	-66	 25.255968
MCS9	 19.9	 95.9	 95.7	-66	 25.307957
MCS9	 20.1	 96.9	 100.0	-63	 25.360149
MCS9	 20.2	 97.3	 98.5	-68	 25.411022
MCS9	 20.2	 97.2	 97.1	-68	 25.463097
MCS9	 20.4	 97.9	 100.0	-71	 25.515337
MCS9	 20.3	 97.7	 97.0	-68	 25.568104
MCS9	 20.3	 97.5	 97.1	-64	 25.619608
MCS9	 20.4	 98.1	 100.0	-63	 25.671730
MCS9	 20.3	 97.9	 97.0	-67	 25.723612
MCS9	 20.1	 96.5	 92.5	-71	 25.775257
MCS9	 20.2	 97.0	 98.5	-68	 25.830923
MCS9	 20.2	 97.0	 97.1	-65	 25.879086
MCS9	 20.2	 97.0	 97.1	-67	 25.931126
MCS9	 20.2	 97.4	 98.5	-64	 25.983200
MCS9	 20.2	 97.3	 97.1	-64	 26.035429
MCS9	 20.1	 96.9	 95.6	-66	 26.087641
MCS9	 20.2	 97.3	 98.5	-68	 26.139460
MCS9	 20.4	 97.9	 100.0	-64	 26.191774
MCS9	 20.3	 97.7	 97.0	-65	 26.243683
MCS9	 20.4	 97.9	 98.5	-64	 26.295609
MCS9	 20.4	 98.1	 98.5	-66	 26.347382
MCS9	 20.3	 97.4	 95.5	-70	 26.400076
MCS9	 20.2	 97.0	 95.5	-72	 26.450926
MCS9	 20.2	 97.3	 98.5	-72	 26.503614
MCS9	 20.4	 98.0	 100.0	-71	 26.555607
MCS9	 20.1	 96.5	 95.5	-75	 27.914619
MCS9	 19.9	 95.5	 92.5	-73	 27.959810
MCS9	 19.8	 95.2	 94.2	-76	 28.011517
MCS9	 19.9	 95.6	 97.0	-73	 28.063972
MCS9	 20.0	 96.0	 97.1	-75	 28.115217
MCS9	 19.8	 95.1	 92.6	-79	 28.167522
MCS9	 19.7	 94.8	 93.8	-79	 28.219509
MCS9	 19.7	 95.0	 95.5	-78	 28.271368
MCS9	 19.5	 94.0	 91.0	-78	 28.322998
MCS9	 19.7	 94.7	 97.0	-76	 28.375906
MCS9	 19.8	 95.3	 97.0	-75	 28.427176
MCS9	 19.7	 94.6	 92.6	-76	 28.479801
MCS9	 19.5	 93.8	 91.1	-73	 28.531584
MCS9	 19.8	 95.3	 100.0	-72	 28.583422
MCS9	 19.8	 95.4	 95.5	-72	 28.634979
MCS9	 19.9	 95.8	 97.0	-73	 28.687351
MCS9	 20.0	 96.1	 97.0	-73	 28.739609
MCS9	 19.9	 95.6	 94.1	-76	 28.791473
MCS9	 19.9	 95.9	 97.0	-77	 28.843809
MCS9	 19.8	 95.5	 94.2	-75	 28.895388
MCS9	 20.0	 96.2	 98.5	-75	 28.947798
MCS9	 19.9	 95.7	 94.2	-72	 28.999933
MCS9	 19.9	 95.7	 95.5	-74	 29.052177
MCS9	 20.0	 96.0	 97.0	-74	 29.102983
MCS9	 19.8	 95.2	 92.7	-78	 29.156588
MCS9	 19.9	 95.6	 96.9	-74	 29.207504
MCS9	 20.0	 96.3	 98.5	-72	 29.259949
MCS9	 19.8	 95.0	 91.1	-73	 29.311773
MCS9	 19.9	 95.9	 98.5	-72	 29.364134
MCS9	 19.9	 95.8	 95.5	-73	 29.415174
MCS9	 19.9	 95.7	 95.6	-74	 29.468117
MCS9	 20.0	 96.1	 97.0	-74	 29.520323
MCS9	 20.1	 96.7	 98.5	-75	 29.572432
MCS9	 20.2	 97.1	 98.5	-77	 29.623451
MCS9	 20.3	 97.5	 98.5	-74	 29.676270
MCS9	 20.3	 97.7	 98.5	-75	 29.726974
MCS9	 20.3	 97.5	 96.8	-79	 29.779800
MCS9	 20.2	 97.4	 97.0	-75	 29.836500
MCS9	 20.2	 97.3	 97.1	-71	 29.888556
MCS9	 20.1	 96.8	 95.5	-74	 29.934681
MCS9	 20.2	 97.2	 98.5	-78	 29.987337
MCS9	 20.1	 96.8	 95.5	-77	 30.038984
MCS9	 20.1	 96.5	 95.7	-80	 30.091860
MCS9	 19.8	 95.4	 92.0	-78	 30.143023
MCS9	 19.8	 95.4	 95.5	-77	 30.195753
MCS9	 20.1	 96.5	 100.0	-76	 30.247641
MCS9	 20.1	 96.7	 97.1	-77	 30.299185
MCS9	 20.1	 96.8	 97.1	-77	 30.351387
MCS9	 20.2	 97.2	 98.5	-78	 30.403337
MCS9	 20.0	 96.4	 94.2	-76	 30.455309
MCS9	 20.1	 96.5	 96.9	-78	 30.507763
MCS9	 19.9	 96.0	 94.2	-78	 30.559738
MCS9	 20.1	 96.6	 98.5	-77	 30.611021
MCS9	 20.2	 97.1	 98.5	-76	 30.663910
MCS9	 20.3	 97.4	 98.5	-78	 30.715820
MCS9	 20.2	 97.0	 95.6	-76	 30.768026
MCS9	 20.0	 96.2	 94.1	-77	 30.819313
MCS9	 20.0	 96.1	 95.5	-76	 30.871523
MCS9	 20.0	 96.3	 97.0	-76	 30.923313
MCS9	 20.2	 97.2	 100.0	-76	 30.976145
MCS9	 20.1	 96.8	 95.5	-77	 31.027430
MCS9	 19.8	 95.2	 90.6	-76	 31.078751
MCS9	 18.8	 90.5	 76.5	-76	 31.131742
MCS9	 18.9	 91.1	 92.6	-75	 31.183548
MCS9	 19.4	 93.3	 100.0	-74	 31.235073
MCS9	 19.6	 94.2	 97.0	-77	 31.287767
MCS9	 19.7	 94.9	 97.0	-76	 31.338921
MCS9	 19.9	 95.8	 98.5	-74	 31.391520
MCS9	 20.0	 96.1	 97.1	-75	 31.443909
MCS9	 20.2	 97.1	 100.0	-76	 31.495651
MCS9	 20.2	 97.1	 97.0	-75	 31.547834
MCS9	 20.2	 97.0	 97.0	-74	 31.599810
MCS9	 20.2	 97.0	 97.1	-76	 31.651663
MCS9	 20.1	 96.6	 95.5	-76	 31.703468
MCS9	 20.0	 96.3	 95.3	-78	 31.755022
MCS9	 19.9	 95.8	 94.1	-77	 31.808228
MCS9	 20.0	 96.1	 97.0	-76	 31.859318
MCS9	 19.9	 95.9	 95.6	-78	 31.912590
MCS9	 20.0	 96.2	 96.8	-77	 31.964174
MCS9	 20.2	 97.1	 100.0	-78	 32.015488
MCS9	 20.1	 96.7	 95.6	-78	 32.067581
MCS9	 20.0	 96.0	 93.8	-74	 32.119335
MCS9	 20.1	 96.6	 98.5	-76	 32.171394
MCS9	 19.9	 96.0	 94.0	-74	 32.223175
MCS9	 19.8	 95.1	 92.5	-79	 32.275169
MCS9	 19.9	 95.9	 98.5	-73	 32.327244
MCS9	 19.7	 94.6	 90.7	-77	 32.380638
MCS9	 19.4	 93.5	 89.9	-80	 32.441437
MCS9	 18.7	 90.2	 80.3	-76	 32.491901
MCS9	 18.9	 91.1	 94.0	-79	 32.543385
MCS9	 19.0	 91.5	 92.6	-77	 32.595619
MCS9	 19.2	 92.2	 94.2	-79	 32.648228
MCS9	 19.2	 92.2	 92.1	-76	 32.699314
MCS9	 19.3	 92.6	 94.1	-76	 32.752319
MCS9	 19.4	 93.3	 95.4	-81	 32.803650
MCS9	 19.6	 94.2	 97.0	-82	 32.854828
MCS9	 19.4	 93.4	 91.0	-78	 32.908298
MCS9	 18.1	 87.1	 94.2	-78	 32.948788
MCS9	 18.4	 88.3	 92.1	-78	 34.211472
MCS9	 18.2	 87.5	 85.0	-81	 34.263283
MCS9	 18.7	 89.9	 97.0	-78	 34.315769
MCS9	 18.8	 90.5	 92.5	-79	 34.367107
MCS9	 18.2	 87.4	 77.9	-78	 34.422302
MCS9	 14.5	 69.8	 17.0	-78	 34.471092
MCS9	 15.3	 73.7	 85.7	-79	 34.523529
MCS9	 16.4	 78.8	 94.0	-77	 34.575348
MCS9	 13.2	 63.3	 17.0	-80	 34.627914
MCS9	 11.8	 56.9	 37.7	-80	 34.682343
MCS9	 12.3	 59.3	 66.6	-79	 34.731495
MCS9	 14.3	 68.8	 97.0	-79	 34.783539
MCS9	 15.6	 75.1	 94.0	-80	 34.834724
MCS9	 15.2	 73.1	 67.1	-80	 34.888695
MCS9	 12.8	 61.5	 26.9	-82	 34.939819
MCS9	 11.0	 52.9	 26.9	-83	 34.996895
MCS9	 8.6	 41.3	 6.6	-82	 35.053783
MCS9	 6.4	 31.0	 0.0	-83	 35.105694
MCS9	 4.8	 23.2	 0.0	-85	 35.163021
MCS9	 3.6	 17.4	 0.0	-83	 35.221230
MCS9	 2.7	 13.0	 0.0	-80	 35.278526
MCS9	 0.0	 9.8	 0.0	-83	 35.331749
MCS9	 0.0	 7.3	 0.0	-81	 35.385906
MCS9	 0.0	 6.2	 2.8	-82	 35.435577
MCS9	 4.5	 21.8	 68.5	-82	 35.487705
MCS9	 6.0	 29.2	 51.7	-82	 35.539291
MCS9	 9.4	 45.2	 93.2	-81	 35.591274
MCS9	 9.6	 46.2	 49.0	-83	 35.644394
MCS9	 7.7	 37.4	 11.1	-82	 35.699932
MCS9	 5.9	 28.6	 2.2	-83	 35.755753
MCS9	 4.8	 23.1	 6.8	-82	 35.812878
MCS9	 4.7	 22.7	 21.5	-82	 35.865150
MCS9	 4.4	 21.2	 16.6	-81	 35.915089
MCS9	 7.8	 37.5	 86.3	-80	 35.967628
MCS9	 10.6	 50.9	 91.0	-80	 36.019661
MCS9	 13.0	 62.8	 98.5	-80	 36.072067
MCS9	 14.7	 71.0	 95.6	-80	 36.122875
MCS9	 16.1	 77.5	 97.0	-79	 36.175053
MCS9	 16.9	 81.6	 93.8	-80	 36.227108
MCS9	 17.2	 82.5	 85.5	-79	 36.280087
MCS9	 15.3	 73.4	 46.1	-80	 36.331257
MCS9	 15.4	 74.1	 76.1	-81	 36.382793
MCS9	 15.4	 74.3	 75.0	-80	 36.435474
MCS9	 14.2	 68.4	 50.7	-81	 36.492081
MCS9	 11.3	 54.5	 12.7	-81	 36.549084
MCS9	 9.4	 45.3	 17.9	-81	 36.599400
MCS9	 8.2	 39.6	 22.4	-81	 36.656403
MCS9	 7.6	 36.6	 27.6	-80	 36.715790
MCS9	 5.8	 28.2	 2.9	-82	 36.767925
MCS9	 4.4	 21.1	 0.0	-80	 36.827080
MCS9	 3.3	 15.8	 0.0	-82	 36.879166
MCS9	 4.7	 22.7	 43.3	-83	 36.933163
MCS9	 6.4	 30.8	 55.1	-83	 36.983521
MCS9	 5.6	 26.8	 14.9	-81	 37.035763
MCS9	 9.0	 43.4	 92.9	-79	 37.087025
MCS9	 11.7	 56.4	 95.3	-79	 37.139702
MCS9	 13.0	 62.6	 81.4	-82	 37.194935
MCS9	 10.4	 50.1	 12.8	-84	 37.249935
MCS9	 7.8	 37.6	 0.0	-83	 37.307140
MCS9	 5.8	 28.2	 0.0	-83	 37.361599
MCS9	 4.4	 21.1	 0.0	-82	 37.416290
MCS9	 3.3	 15.8	 0.0	-82	 37.474987
MCS9	 2.4	 11.9	 0.0	-80	 37.523575
MCS9	 0.0	 8.9	 0.0	-80	 37.580212
MCS9	 0.0	 7.9	 4.9	-80	 37.633015
MCS9	 0.0	 5.9	 0.0	-85	 37.684093
MCS9	 0.0	 4.4	 0.0	-81	 37.736958
MCS9	 0.0	 3.3	 0.0	-83	 37.789661
MCS9	 0.0	 2.5	 0.0	-79	 37.839085
MCS9	 0.0	 1.8	 0.0	-81	 37.891869
MCS9	 0.0	 1.4	 0.0	-83	 37.945766
MCS9	 0.0	 1.0	 0.0	-84	 37.995499
MCS9	 0.0	 0.7	 0.0	-84	 38.049526
MCS9	 0.0	 0.5	 0.0	-84	 38.100498
MCS9	 0.0	 0.4	 0.0	-82	 38.152622
MCS9	 0.0	 0.3	 0.0	-80	 38.205597
MCS9	 0.0	 0.2	 0.0	-82	 38.256519
MCS9	 0.0	 0.1	 0.0	-83	 38.308681
MCS9	 0.0	 0.1	 0.0	-82	 38.360588
MCS9	 0.0	 1.5	 5.8	-80	 38.411133
MCS9	 3.1	 15.3	 56.6	-82	 38.465298
MCS9	 2.6	 12.8	 5.5	-82	 38.516541
MCS9	 0.0	 9.6	 0.0	-81	 38.569111
MCS9	 0.0	 8.6	 5.5	-81	 38.622128
MCS9	 0.0	 6.4	 0.0	-82	 38.674015
MCS9	 0.0	 4.8	 0.0	-83	 38.726105
MCS9	 0.0	 3.6	 0.0	-82	 38.776154
MCS9	 2.1	 10.3	 30.4	-82	 38.827755
MCS9	 2.3	 11.5	 14.9	-82	 38.879742
MCS9	 2.0	 10.0	 5.5	-83	 38.932358
MCS9	 0.0	 7.5	 0.0	-82	 38.986122
MCS9	 0.0	 5.6	 0.0	-81	 39.037125
MCS9	 0.0	 4.2	 0.0	-81	 39.088093
MCS9	 0.0	 3.1	 0.0	-81	 39.140121
MCS9	 0.0	 2.3	 0.0	-81	 39.191875
MCS9	 0.0	 6.8	 0.0	-81	 39.198166
MCS9	 0.0	 5.1	 0.0	-83	 40.596519
MCS9	 0.0	 3.8	 0.0	-79	 40.648369
MCS9	 0.0	 2.8	 0.0	-82	 40.701302
MCS9	 0.0	 2.1	 0.0	-83	 40.752796
MCS9	 0.0	 1.6	 0.0	-85	 40.804165
MCS9	 0.0	 1.2	 0.0	-83	 40.856243
MCS9	 0.0	 0.9	 0.0	-83	 40.917450
MCS9	 0.0	 0.6	 0.0	-84	 41.135956
MCS9	 0.0	 0.5	 0.0	-84	 41.188942
MCS9	 0.0	 0.3	 0.0	-82	 41.242119
MCS9	 0.0	 0.2	 0.0	-80	 41.292732
MCS9	 0.0	 0.2	 0.0	-81	 41.345371
MCS9	 0.0	 0.1	 0.0	-84	 41.398258
MCS9	 0.0	 0.1	 0.0	-84	 41.448776
MCS9	 0.0	 0.0	 0.0	-84	 41.500324
MCS9	 0.0	 0.0	 0.0	-83	 41.552181
MCS9	 0.0	 0.0	 0.0	-82	 41.605927
MCS9	 0.0	 0.0	 0.0	-82	 41.657730
MCS9	 0.0	 0.0	 0.0	-82	 41.711445
MCS9	 0.0	 0.0	 0.0	-84	 41.760269
MCS9	 0.0	 0.0	 0.0	-83	 41.813065
MCS9	 0.0	 0.0	 0.0	-83	 41.864410
MCS9	 0.0	 0.0	 0.0	-82	 41.918003
MCS9	 0.0	 0.0	 0.0	-85	 41.967804
MCS9	 0.0	 0.0	 0.0	-86	 42.021660
MCS9	 0.0	 0.0	 0.0	-83	 44.698505
MCS9	 0.0	 0.0	 0.0	-78	 44.858173
MCS9	 2.9	 14.2	 57.1	-77	 44.907497
MCS9	 7.2	 34.9	 96.8	-77	 44.959248
MCS9	 10.4	 50.3	 96.4	-79	 45.011505
MCS9	 12.8	 61.6	 95.5	-81	 45.064224
MCS9	 14.4	 69.3	 92.6	-81	 45.115101
MCS9	 15.5	 74.4	 89.8	-82	 45.167747
MCS9	 15.3	 73.5	 70.5	-82	 45.219372
MCS9	 13.5	 65.0	 39.7	-83	 45.277512
MCS9	 10.1	 48.7	 0.0	-83	 45.329033
MCS9	 7.6	 36.5	 0.0	-83	 45.382679
MCS9	 5.7	 27.4	 0.0	-82	 45.432491
MCS9	 4.2	 20.5	 0.0	-82	 45.490215
MCS9	 3.2	 15.4	 0.0	-82	 45.541100
MCS9	 2.4	 11.5	 0.0	-82	 45.599056
MCS9	 0.0	 3.5	 0.0	-81	 46.653347
MCS9	 0.0	 2.6	 0.0	-83	 46.704334
MCS9	 0.0	 1.9	 0.0	-83	 46.758064
MCS9	 0.0	 1.4	 0.0	-84	 46.809223
MCS9	 0.0	 1.1	 0.0	-83	 46.859619
MCS9	 0.0	 0.8	 0.0	-83	 46.911041
MCS9	 0.0	 0.6	 0.0	-82	 46.963982
MCS9	 0.0	 0.4	 0.0	-82	 47.015045
MCS9	 0.0	 0.3	 0.0	-83	 47.068420
MCS9	 0.0	 0.2	 0.0	-82	 47.120888
MCS9	 0.0	 0.1	 0.0	-82	 47.173893
MCS9	 0.0	 0.1	 0.0	-84	 47.223183
MCS9	 0.0	 0.1	 0.0	-84	 47.276138
MCS9	 0.0	 0.0	 0.0	-85	 47.328720
MCS9	 0.0	 0.0	 0.0	-85	 47.380764
MCS9	 0.0	 0.0	 0.0	-84	 47.432728
MCS9	 0.0	 0.0	 0.0	-84	 47.485954
MCS9	 0.0	 0.0	 0.0	-84	 47.536533
MCS9	 0.0	 0.0	 0.0	-84	 47.590843
MCS9	 0.0	 0.0	 0.0	-84	 47.657753
MCS9	 0.0	 0.0	 0.0	-84	 47.761494
MCS9	 0.0	 0.0	 0.0	-82	 47.823799
MCS9	 0.0	 0.0	 0.0	-81	 47.868027
MCS9	 0.0	 0.0	 0.0	-81	 47.922157
MCS9	 0.0	 0.0	 0.0	-80	 47.972290
MCS9	 0.0	 0.0	 0.0	-81	 48.025009
MCS9	 0.0	 0.0	 0.0	-82	 48.076515
MCS9	 0.0	 0.0	 0.0	-82	 48.128719
MCS9	 0.0	 0.0	 0.0	-83	 48.187618
MCS9	 0.0	 0.0	 0.0	-84	 48.240330
MCS9	 0.0	 0.0	 0.0	-83	 48.291832
MCS9	 0.0	 0.0	 0.0	-85	 48.346184
MCS9	 0.0	 0.0	 0.0	-84	 48.396572
MCS9	 0.0	 0.0	 0.0	-85	 48.449108
MCS9	 0.0	 0.0	 0.0	-84	 48.502365
MCS9	 0.0	 0.0	 0.0	-83	 48.553535
MCS9	 0.0	 0.0	 0.0	-82	 48.604023
MCS9	 0.0	 0.0	 0.0	-84	 48.657143
MCS9	 0.0	 0.0	 0.0	-82	 48.707447
MCS9	 0.0	 0.0	 0.0	-83	 48.759666
MCS9	 0.0	 0.0	 0.0	-82	 48.812614
MCS9	 0.0	 0.0	 0.0	-82	 48.865105
MCS9	 0.0	 0.0	 0.0	-81	 48.915539
MCS9	 0.0	 0.0	 0.0	-82	 48.969990
MCS9	 0.0	 0.0	 0.0	-85	 49.020756
MCS9	 0.0	 0.0	 0.0	-83	 49.072002
MCS9	 0.0	 0.0	 0.0	-82	 49.128494
MCS9	 0.0	 0.0	 0.0	-82	 49.181065
MCS9	 0.0	 0.0	 0.0	-83	 49.232944
MCS9	 0.0	 0.0	 0.0	-83	 49.284344
MCS9	 0.0	 0.0	 0.0	-85	 49.336861
MCS9	 0.0	 0.0	 0.0	-83	 49.389774
MCS9	 0.0	 0.0	 0.0	-83	 49.439873
MCS9	 0.0	 0.0	 0.0	-83	 49.490696
MCS9	 0.0	 0.0	 0.0	-85	 49.542900
MCS9	 0.0	 0.0	 0.0	-84	 49.604828
MCS9	 0.0	 0.0	 0.0	-84	 49.656670
MCS9	 0.0	 0.0	 0.0	-84	 49.899841
MCS9	 0.0	 0.0	 0.0	-81	 49.954433
MCS9	 0.0	 0.0	 0.0	-82	 50.003315
MCS9	 0.0	 0.0	 0.0	-84	 50.057957
MCS9	 0.0	 0.0	 0.0	-83	 50.111294
MCS9	 0.0	 0.0	 0.0	-85	 50.163807
MCS9	 0.0	 0.0	 0.0	-83	 50.215832
MCS9	 0.0	 0.0	 0.0	-82	 50.267883
MCS9	 0.0	 0.0	 0.0	-83	 50.321945
MCS9	 0.0	 0.0	 0.0	-84	 50.375195
MCS9	 0.0	 0.0	 0.0	-85	 50.429256
MCS9	 0.0	 0.0	 0.0	-85	 50.481281
MCS9	 0.0	 0.0	 0.0	-85	 50.538425
MCS9	 0.0	 0.0	 0.0	-85	 50.588215
MCS9	 0.0	 0.0	 0.0	-83	 50.643379
MCS9	 0.0	 0.0	 0.0	-85	 51.016674
MCS9	 0.0	 0.0	 0.0	-82	 51.072151
MCS9	 0.0	 0.0	 0.0	-83	 51.124748
MCS9	 0.0	 0.0	 0.0	-85	 54.393150
MCS9	 0.0	 0.0	 0.0	-84	 54.442886
MCS9	 0.0	 0.0	 0.0	-86	 54.497631
MCS9	 0.0	 0.0	 0.0	-84	 54.547073
MCS9	 0.0	 0.0	 0.0	-85	 54.601364
MCS9	 0.0	 0.0	 0.0	-84	 54.652447
MCS9	 0.0	 0.0	 0.0	-86	 54.703785
MCS9	 0.0	 0.0	 0.0	-83	 54.755707
MCS9	 0.0	 0.0	 0.0	-83	 54.808495
MCS9	 0.0	 0.0	 0.0	-83	 54.861870
MCS9	 0.0	 0.0	 0.0	-83	 54.912766
MCS9	 0.0	 0.0	 0.0	-85	 54.965683
MCS9	 0.0	 0.0	 0.0	-85	 55.048698
MCS9	 0.0	 0.0	 0.0	-85	 55.399094
MCS9	 0.0	 0.0	 0.0	-86	 55.447662
MCS9	 0.0	 0.0	 0.0	-85	 55.502304
MCS9	 0.0	 0.0	 0.0	-83	 56.819324
MCS9	 0.0	 0.0	 0.0	-83	 56.871632
MCS9	 0.0	 0.0	 0.0	-83	 56.923901
MCS9	 0.0	 0.0	 0.0	-82	 56.975513
MCS9	 0.0	 0.0	 0.0	-82	 57.029385
MCS9	 0.0	 0.0	 0.0	-83	 57.081287
MCS9	 0.0	 0.0	 0.0	-83	 57.134747
MCS9	 0.0	 0.0	 0.0	-83	 57.185127
MCS9	 0.0	 0.0	 0.0	-83	 57.237671
MCS9	 0.0	 0.0	 0.0	-84	 57.484814
MCS9	 0.0	 0.0	 0.0	-83	 57.929054
MCS9	 20.5	 98.7	 100.0	-79	 33.607468
MCS9	 17.4	 83.6	 92.8	-80	 35.328423
MCS9	 15.8	 76.0	 53.4	-80	 35.330105
MCS9	 16.0	 76.9	 79.4	-80	 35.382835
MCS9	 18.4	 88.7	 93.7	-81	 35.535976
MCS9	 18.1	 86.9	 81.8	-82	 35.602665
MCS9	 17.1	 82.1	 67.4	-81	 35.638138
MCS9	 17.7	 85.3	 95.1	-80	 35.692116
MCS9	 18.0	 86.5	 90.2	-80	 35.751087
MCS9	 15.9	 76.8	 47.4	-81	 35.810650
MCS9	 11.9	 57.6	 0.0	-81	 35.858002
MCS9	 9.7	 46.5	 13.5	-82	 35.922646
MCS9	 7.7	 37.2	 9.0	-83	 35.964447
MCS9	 5.8	 27.9	 0.0	-80	 36.023285
MCS9	 5.4	 26.0	 20.5	-80	 36.070889
MCS9	 6.9	 33.5	 56.0	-80	 36.127525
MCS9	 5.2	 25.1	 0.0	-79	 36.186722
MCS9	 3.9	 18.8	 0.0	-82	 36.341938
