MCS9	 20.0	 96.3	 95.7	| 0.956522	 1.000000	 1.000000 |	-42	 4.017615
MCS9	 19.8	 95.4	 94.4	| 0.952381	 1.000000	 1.000000 |	-41	 4.225655
MCS9	 19.8	 95.1	 94.2	| 0.953846	 1.000000	 1.000000 |	-42	 4.328460
MCS9	 20.0	 96.3	 95.7	| 0.962963	 1.000000	 1.000000 |	-48	 4.744808
MCS9	 20.0	 96.4	 97.0	| 0.966667	 1.000000	 1.000000 |	-45	 5.109090
MCS9	 20.1	 96.8	 94.1	| 0.964286	 1.000000	 1.000000 |	-59	 10.829926
MCS9	 20.2	 97.2	 97.1	| 0.979798	 1.000000	 1.000000 |	-72	 12.233940
MCS9	 19.9	 95.8	 92.6	| 0.954545	 1.000000	 1.000000 |	-73	 15.300266
MCS9	 19.8	 95.3	 92.6	| 0.925926	 1.000000	 1.000000 |	-74	 15.768285
MCS9	 20.0	 96.4	 97.1	| 0.976190	 1.000000	 1.000000 |	-78	 16.549500
MCS9	 20.1	 96.7	 97.1	| 0.974576	 1.000000	 1.000000 |	-46	 24.453419
MCS9	 20.2	 97.1	 95.5	| 0.976834	 1.000000	 1.000000 |	-69	 26.636745
MCS9	 19.9	 95.8	 92.5	| 0.965116	 1.000000	 1.000000 |	-73	 27.728823
MCS9	 19.7	 94.8	 92.4	| 0.948718	 1.000000	 1.000000 |	-76	 30.016642
MCS9	 16.0	 77.2	 69.9	| 0.812500	 1.000000	 -nan |	-78	 35.093430
MCS9	 11.4	 54.8	 0.0	| 0.000000	 1.000000	 -nan |	-78	 35.859352
MCS9	 8.5	 41.1	 0.0	| 0.000000	 1.000000	 1.000000 |	-82	 35.910126
MCS9	 4.4	 21.3	 16.0	| 0.250000	 1.000000	 -nan |	-81	 36.077957
MCS9	 3.0	 14.7	 2.5	| 0.000000	 1.000000	 -nan |	-81	 37.078842
MCS9	 3.1	 15.0	 0.0	| 0.000000	 1.000000	 -nan |	-83	 37.954346
MCS9	 2.7	 13.0	 0.0	| 0.000000	 1.000000	 -nan |	-82	 38.453568
MCS9	 0.0	 5.8	 0.0	| 0.000000	 1.000000	 -nan |	-80	 39.160748
MCS9	 0.0	 4.3	 0.0	| 0.000000	 1.000000	 1.000000 |	-83	 39.220829
MCS9	 0.0	 2.4	 0.0	| 0.000000	 1.000000	 1.000000 |	-83	 39.329811
MCS9	 3.3	 16.2	 57.4	| 0.842105	 1.000000	 1.000000 |	-82	 39.389111
MCS9	 7.4	 35.5	 93.4	| 0.819672	 1.000000	 1.000000 |	-83	 39.449745
MCS9	 6.1	 29.3	 10.7	| 0.000000	 1.000000	 1.000000 |	-80	 39.481186
MCS9	 4.5	 21.9	 0.0	| 0.000000	 1.000000	 1.000000 |	-83	 39.539410
MCS9	 3.4	 16.4	 0.0	| 0.000000	 1.000000	 1.000000 |	-83	 39.596973
MCS9	 2.5	 12.3	 0.0	| 0.000000	 1.000000	 1.000000 |	-81	 39.642899
MCS9	 0.0	 9.2	 0.0	| 0.000000	 1.000000	 1.000000 |	-81	 39.694302
MCS9	 0.0	 6.9	 0.0	| 0.000000	 1.000000	 1.000000 |	-81	 39.760983
MCS9	 0.0	 5.2	 0.0	| 0.000000	 1.000000	 1.000000 |	-82	 39.809586
MCS9	 0.0	 2.9	 0.0	| 0.000000	 1.000000	 1.000000 |	-82	 39.915066
MCS9	 0.0	 1.2	 0.0	| 0.000000	 1.000000	 1.000000 |	-83	 40.083118
MCS9	 0.0	 0.2	 0.0	| 0.000000	 1.000000	 1.000000 |	-83	 40.401779
MCS9	 0.0	 0.1	 0.0	| 0.000000	 1.000000	 1.000000 |	-83	 40.439880
MCS9	 0.0	 0.1	 0.0	| 0.000000	 1.000000	 1.000000 |	-83	 40.502190
MCS9	 0.0	 0.0	 0.0	| 0.000000	 1.000000	 1.000000 |	-84	 40.554798
MCS9	 0.0	 0.0	 0.0	| 0.000000	 1.000000	 1.000000 |	-83	 40.970364
MCS9	 0.0	 0.0	 0.0	| 0.000000	 1.000000	 1.000000 |	-79	 41.437737
MCS9	 0.0	 0.0	 0.0	| 0.000000	 1.000000	 1.000000 |	-84	 42.062248
MCS9	 0.0	 0.0	 0.0	| 0.000000	 1.000000	 1.000000 |	-84	 42.737141
MCS9	 0.0	 6.6	 0.0	| 0.000000	 1.000000	 1.000000 |	-82	 43.153233
MCS9	 0.0	 1.1	 0.0	| 0.000000	 1.000000	 1.000000 |	-79	 43.681427
MCS9	 0.0	 0.0	 0.0	| 0.000000	 1.000000	 1.000000 |	-84	 44.206722
MCS9	 0.0	 0.0	 0.0	| 0.000000	 1.000000	 1.000000 |	-85	 44.673786
MCS9	 0.0	 0.0	 0.0	| 0.000000	 1.000000	 1.000000 |	-85	 45.511009
MCS9	 20.2	 97.3	 94.4	| 0.984127	 1.000000	 1.000000 |	-32	 2.248130
MCS9	 19.8	 95.2	 89.9	| 0.894737	 1.000000	 1.000000 |	-60	 9.843757
MCS9	 19.9	 95.7	 92.7	| 0.962348	 1.000000	 1.000000 |	-76	 15.135541
MCS9	 20.2	 97.3	 97.1	| 0.967562	 1.000000	 1.000000 |	-58	 21.529598
MCS9	 20.1	 96.9	 97.1	| 0.976378	 1.000000	 1.000000 |	-49	 23.018959
MCS9	 20.1	 96.6	 98.5	| 0.956835	 1.000000	 1.000000 |	-52	 23.695152
MCS9	 20.1	 96.5	 95.5	| 0.973630	 1.000000	 1.000000 |	-75	 27.914619
MCS9	 20.1	 96.8	 95.5	| 0.962025	 1.000000	 1.000000 |	-74	 29.934681
MCS9	 18.1	 87.1	 94.2	| 0.938776	 1.000000	 1.000000 |	-78	 32.948788
MCS9	 18.2	 87.5	 85.0	| 0.785714	 1.000000	 1.000000 |	-81	 34.263283
MCS9	 15.2	 73.1	 67.1	| 0.333333	 1.000000	 1.000000 |	-80	 34.888695
MCS9	 12.8	 61.5	 26.9	| 0.142857	 1.000000	 1.000000 |	-82	 34.939819
MCS9	 4.8	 23.2	 0.0	| 0.000000	 1.000000	 1.000000 |	-85	 35.163021
MCS9	 4.8	 23.1	 6.8	| 0.000000	 1.000000	 1.000000 |	-82	 35.812878
MCS9	 4.7	 22.7	 21.5	| 0.142857	 1.000000	 1.000000 |	-82	 35.865150
MCS9	 15.3	 73.4	 46.1	| 0.500000	 1.000000	 1.000000 |	-80	 36.331257
MCS9	 9.4	 45.3	 17.9	| 0.000000	 1.000000	 1.000000 |	-81	 36.599400
MCS9	 5.8	 28.2	 2.9	| 0.000000	 1.000000	 1.000000 |	-82	 36.767925
MCS9	 13.0	 62.6	 81.4	| 0.538462	 1.000000	 1.000000 |	-82	 37.194935
MCS9	 0.0	 0.7	 0.0	| 0.000000	 1.000000	 1.000000 |	-84	 38.049526
MCS9	 0.0	 0.4	 0.0	| 0.000000	 1.000000	 1.000000 |	-82	 38.152622
MCS9	 0.0	 0.1	 0.0	| 0.000000	 1.000000	 1.000000 |	-82	 38.360588
MCS9	 0.0	 6.8	 0.0	| 0.000000	 1.000000	 1.000000 |	-81	 39.198166
MCS9	 0.0	 0.0	 0.0	| 0.000000	 1.000000	 1.000000 |	-82	 41.711445
MCS9	 0.0	 0.0	 0.0	| 0.000000	 1.000000	 1.000000 |	-82	 41.918003
MCS9	 0.0	 3.5	 0.0	| 0.564103	 1.000000	 1.000000 |	-81	 46.653347
MCS9	 0.0	 1.9	 0.0	| 0.000000	 1.000000	 1.000000 |	-83	 46.758064
MCS9	 0.0	 0.1	 0.0	| 0.000000	 1.000000	 1.000000 |	-84	 47.276138
MCS9	 0.0	 0.0	 0.0	| 0.000000	 1.000000	 -nan |	-84	 47.761494
MCS9	 0.0	 0.0	 0.0	| 0.000000	 1.000000	 -nan |	-82	 47.823799
MCS9	 0.0	 0.0	 0.0	| 0.000000	 1.000000	 1.000000 |	-83	 48.187618
MCS9	 0.0	 0.0	 0.0	| 0.000000	 1.000000	 1.000000 |	-84	 48.502365
MCS9	 0.0	 0.0	 0.0	| 0.000000	 1.000000	 -nan |	-85	 54.393150
MCS9	 0.0	 0.0	 0.0	| 0.142857	 1.000000	 1.000000 |	-86	 54.497631
MCS9	 0.0	 0.0	 0.0	| 0.000000	 1.000000	 1.000000 |	-85	 54.601364
MCS9	 0.0	 0.0	 0.0	| 0.000000	 1.000000	 1.000000 |	-86	 54.703785
MCS9	 0.0	 0.0	 0.0	| 0.000000	 1.000000	 1.000000 |	-86	 55.447662
MCS9	 0.0	 0.0	 0.0	| 0.000000	 1.000000	 1.000000 |	-83	 57.185127
MCS9	 17.4	 83.6	 92.8	| 0.522275	 1.000000	 1.000000 |	-80	 35.328423
MCS9	 18.4	 88.7	 93.7	| 0.000000	 1.000000	 1.000000 |	-81	 35.535976
MCS9	 17.1	 82.1	 67.4	| 0.000000	 1.000000	 1.000000 |	-81	 35.638138
MCS9	 17.7	 85.3	 95.1	| 0.000000	 1.000000	 1.000000 |	-80	 35.692116
MCS9	 18.0	 86.5	 90.2	| 0.000000	 1.000000	 1.000000 |	-80	 35.751087
MCS9	 11.9	 57.6	 0.0	| 0.000000	 1.000000	 1.000000 |	-81	 35.858002
MCS9	 9.7	 46.5	 13.5	| 0.000000	 1.000000	 1.000000 |	-82	 35.922646
MCS9	 7.7	 37.2	 9.0	| 0.000000	 1.000000	 1.000000 |	-83	 35.964447
MCS9	 5.4	 26.0	 20.5	| 0.000000	 1.000000	 1.000000 |	-80	 36.070889
