-29	 0.973333	 1.000000	 1.000000	 0.175684
-29	 0.959184	 1.000000	 1.000000	 0.291202
-29	 0.938776	 1.000000	 1.000000	 0.372985
-29	 0.950820	 1.000000	 1.000000	 0.470146
-30	 0.971429	 1.000000	 1.000000	 0.632940
-30	 0.962500	 1.000000	 1.000000	 0.757601
-29	 0.963415	 1.000000	 1.000000	 0.882842
-27	 0.969072	 1.000000	 1.000000	 1.032997
-31	 0.984536	 1.000000	 1.000000	 1.333719
-31	 0.960000	 1.000000	 1.000000	 1.450486
-32	 0.981013	 1.000000	 1.000000	 1.690330
-35	 0.963636	 1.000000	 1.000000	 1.821081
-33	 0.986079	 1.000000	 1.000000	 2.154000
-35	 0.964286	 1.000000	 1.000000	 2.284593
-32	 0.976190	 1.000000	 1.000000	 2.487684
-32	 0.959184	 1.000000	 1.000000	 2.601104
-33	 0.971831	 1.000000	 1.000000	 2.766193
-32	 0.969072	 1.000000	 1.000000	 2.917445
-33	 0.967568	 1.000000	 1.000000	 3.060944
-35	 0.972851	 1.000000	 1.000000	 3.230488
-35	 0.938144	 1.000000	 1.000000	 3.308491
-39	 0.981250	 1.000000	 1.000000	 3.556852
-43	 0.938144	 1.000000	 1.000000	 3.634254
-43	 0.900000	 1.000000	 1.000000	 3.685303
-41	 0.979522	 1.000000	 1.000000	 3.910496
-42	 0.956522	 1.000000	 1.000000	 4.017615
-46	 0.957143	 1.000000	 1.000000	 4.128153
-41	 0.952381	 1.000000	 1.000000	 4.225655
-42	 0.953846	 1.000000	 1.000000	 4.328460
-40	 0.961039	 1.000000	 1.000000	 4.447894
-43	 0.972727	 1.000000	 1.000000	 4.618875
-48	 0.962963	 1.000000	 1.000000	 4.744808
-47	 0.952381	 1.000000	 1.000000	 4.843910
-45	 0.962500	 1.000000	 1.000000	 4.968017
-45	 0.966667	 1.000000	 1.000000	 5.109090
-45	 0.948276	 1.000000	 1.000000	 5.201236
-48	 0.853659	 1.000000	 1.000000	 5.236823
-46	 0.979239	 1.000000	 1.000000	 5.459446
-46	 0.962025	 1.000000	 1.000000	 5.582546
-44	 0.978022	 1.000000	 1.000000	 5.791820
-43	 0.967742	 1.000000	 1.000000	 5.936815
-44	 0.947368	 1.000000	 1.000000	 6.027921
-43	 0.956204	 1.000000	 1.000000	 6.134142
-43	 0.985680	 1.000000	 1.000000	 6.456806
-48	 0.955882	 1.000000	 1.000000	 6.563934
-49	 0.943396	 1.000000	 1.000000	 6.647346
-50	 0.936170	 1.000000	 1.000000	 6.723168
-51	 0.957447	 1.000000	 1.000000	 6.834501
-48	 0.967033	 1.000000	 1.000000	 6.975797
-50	 0.918919	 1.000000	 1.000000	 7.036475
-51	 0.960265	 1.000000	 1.000000	 7.155332
-45	 0.962733	 1.000000	 1.000000	 7.281156
-48	 0.963636	 1.000000	 1.000000	 7.409421
-46	 0.962025	 1.000000	 1.000000	 7.534044
-50	 0.978799	 1.000000	 1.000000	 7.752239
-49	 0.970297	 1.000000	 1.000000	 7.909648
-52	 0.977444	 1.000000	 1.000000	 8.130116
-50	 0.965517	 1.000000	 1.000000	 8.265728
-50	 0.918919	 1.000000	 1.000000	 8.325347
-52	 0.953488	 1.000000	 1.000000	 8.426586
-52	 0.973799	 1.000000	 1.000000	 8.604687
-54	 0.941748	 1.000000	 1.000000	 8.685617
-54	 0.980645	 1.000000	 1.000000	 8.925919
-54	 0.968750	 1.000000	 1.000000	 9.076717
-55	 0.976378	 1.000000	 1.000000	 9.273544
-55	 0.984772	 1.000000	 1.000000	 9.576426
-56	 0.963636	 1.000000	 1.000000	 9.706667
-63	 0.962500	 1.000000	 1.000000	 9.832337
-59	 0.960526	 1.000000	 1.000000	 9.952259
-61	 0.971564	 1.000000	 1.000000	 10.118405
-56	 0.976000	 1.000000	 1.000000	 10.312344
-56	 0.969072	 1.000000	 1.000000	 10.467336
-57	 0.979730	 1.000000	 1.000000	 10.696973
-59	 0.964286	 1.000000	 1.000000	 10.829926
-61	 0.977695	 1.000000	 1.000000	 11.038004
-57	 0.957143	 1.000000	 1.000000	 11.149537
-58	 0.951219	 1.000000	 1.000000	 11.249116
-64	 0.963415	 1.000000	 1.000000	 11.376588
-64	 0.954198	 1.000000	 1.000000	 11.480854
-65	 0.956204	 1.000000	 1.000000	 11.591760
-69	 0.958042	 1.000000	 1.000000	 11.703952
-69	 0.975104	 1.000000	 1.000000	 11.894314
-70	 0.954198	 1.000000	 1.000000	 12.001720
-72	 0.979798	 1.000000	 1.000000	 12.233940
-70	 0.934783	 1.000000	 1.000000	 12.310157
-72	 0.953846	 1.000000	 1.000000	 12.412917
-72	 0.975000	 1.000000	 1.000000	 12.602449
-74	 0.955882	 1.000000	 1.000000	 12.710765
-74	 0.960265	 1.000000	 1.000000	 12.830583
-72	 0.969543	 1.000000	 1.000000	 12.984977
-72	 0.959459	 1.000000	 1.000000	 13.103129
-70	 0.958333	 1.000000	 1.000000	 13.218768
-71	 0.955882	 1.000000	 1.000000	 13.326246
-72	 0.975904	 1.000000	 1.000000	 13.522629
-69	 0.949580	 1.000000	 1.000000	 13.617543
-66	 0.962733	 1.000000	 1.000000	 13.744894
-71	 0.958042	 1.000000	 1.000000	 13.860520
-71	 0.939394	 1.000000	 1.000000	 13.940470
-72	 0.953488	 1.000000	 1.000000	 14.043457
-76	 0.974468	 1.000000	 1.000000	 14.226400
-73	 0.945455	 1.000000	 1.000000	 14.314365
-76	 0.968912	 1.000000	 1.000000	 14.466578
-77	 0.927711	 1.000000	 1.000000	 14.534768
-75	 0.892857	 1.000000	 1.000000	 14.582899
-75	 0.944444	 1.000000	 1.000000	 14.670816
-75	 0.948718	 1.000000	 1.000000	 14.764812
-73	 0.911765	 1.000000	 1.000000	 14.818735
-78	 0.978571	 1.000000	 1.000000	 15.034153
-74	 0.970443	 1.000000	 1.000000	 15.193986
-73	 0.954545	 1.000000	 1.000000	 15.300266
-69	 0.963636	 1.000000	 1.000000	 15.431354
-72	 0.956522	 1.000000	 1.000000	 15.542536
-72	 0.970732	 1.000000	 1.000000	 15.702535
-74	 0.925926	 1.000000	 1.000000	 15.768285
-71	 0.886792	 1.000000	 1.000000	 15.812769
-75	 0.961538	 1.000000	 1.000000	 15.934834
-73	 0.869565	 1.000000	 1.000000	 15.974344
-78	 0.913043	 1.000000	 1.000000	 16.033937
-78	 0.945455	 1.000000	 1.000000	 16.125143
-78	 0.869565	 1.000000	 1.000000	 16.164663
-76	 0.974359	 1.000000	 1.000000	 16.354841
-78	 0.976190	 1.000000	 1.000000	 16.549500
-73	 0.968586	 1.000000	 1.000000	 16.716354
-73	 0.970443	 1.000000	 1.000000	 16.874067
-72	 0.972603	 1.000000	 1.000000	 17.045691
-73	 0.961783	 1.000000	 1.000000	 17.171717
-75	 0.948718	 1.000000	 1.000000	 17.263622
-75	 0.950000	 1.000000	 1.000000	 17.362640
-76	 0.969543	 1.000000	 1.000000	 17.517859
-72	 0.939394	 1.000000	 1.000000	 17.597979
-77	 0.969849	 1.000000	 1.000000	 17.754740
-75	 0.972973	 1.000000	 1.000000	 17.928526
-71	 0.963190	 1.000000	 1.000000	 18.054264
-74	 0.953488	 1.000000	 1.000000	 18.157419
-69	 0.974026	 1.000000	 1.000000	 18.337494
-71	 0.986517	 1.000000	 1.000000	 18.702061
-70	 0.949580	 1.000000	 1.000000	 18.797716
-68	 0.969231	 1.000000	 1.000000	 18.951460
-70	 0.945946	 1.000000	 1.000000	 19.040359
-72	 0.973451	 1.000000	 1.000000	 19.214361
-70	 0.970149	 1.000000	 1.000000	 19.374588
-67	 0.970588	 1.000000	 1.000000	 19.536745
-68	 0.948718	 1.000000	 1.000000	 19.630886
-69	 0.957143	 1.000000	 1.000000	 19.742355
-68	 0.957143	 1.000000	 1.000000	 19.851664
-65	 0.962963	 1.000000	 1.000000	 19.977360
-66	 0.940594	 1.000000	 1.000000	 20.058060
-67	 0.917808	 1.000000	 1.000000	 20.118141
-65	 0.967213	 1.000000	 1.000000	 20.261261
-69	 0.925926	 1.000000	 1.000000	 20.326059
-72	 0.954887	 1.000000	 1.000000	 20.433460
-69	 0.958621	 1.000000	 1.000000	 20.546494
-70	 0.976378	 1.000000	 1.000000	 20.744608
-70	 0.955556	 1.000000	 1.000000	 20.849953
-72	 0.915493	 1.000000	 1.000000	 20.909330
-70	 0.967033	 1.000000	 1.000000	 21.053604
-71	 0.958333	 1.000000	 1.000000	 21.166311
-64	 0.956835	 1.000000	 1.000000	 21.274837
-72	 0.966480	 1.000000	 1.000000	 21.414736
-65	 0.965116	 1.000000	 1.000000	 21.551025
-65	 0.955882	 1.000000	 1.000000	 21.659565
-58	 0.983740	 1.000000	 1.000000	 21.943935
-53	 0.964286	 1.000000	 1.000000	 22.076126
-52	 0.955882	 1.000000	 1.000000	 22.182842
-54	 0.960000	 1.000000	 1.000000	 22.302135
-54	 0.969543	 1.000000	 1.000000	 22.455685
-56	 0.964286	 1.000000	 1.000000	 22.588875
-56	 0.982036	 1.000000	 1.000000	 22.847008
-57	 0.979730	 1.000000	 1.000000	 23.076950
-48	 0.907692	 1.000000	 1.000000	 23.130774
-52	 0.898305	 1.000000	 1.000000	 23.182024
-51	 0.930233	 1.000000	 1.000000	 23.251059
-50	 0.918919	 1.000000	 1.000000	 23.310675
-52	 0.949153	 1.000000	 1.000000	 23.401316
-47	 0.950413	 1.000000	 1.000000	 23.497765
-39	 0.980707	 1.000000	 1.000000	 23.741402
-50	 0.951219	 1.000000	 1.000000	 23.837997
-51	 0.977099	 1.000000	 1.000000	 24.043962
-47	 0.962264	 1.000000	 1.000000	 24.168173
-54	 0.951613	 1.000000	 1.000000	 24.268261
-46	 0.974576	 1.000000	 1.000000	 24.453419
-48	 0.976834	 1.000000	 1.000000	 24.656813
-52	 0.976562	 1.000000	 1.000000	 24.856571
-60	 0.968254	 1.000000	 1.000000	 25.004368
-55	 0.968586	 1.000000	 1.000000	 25.158060
-59	 0.901639	 1.000000	 1.000000	 25.209736
-65	 0.958621	 1.000000	 1.000000	 25.325779
-67	 0.976654	 1.000000	 1.000000	 25.527117
-71	 0.948718	 1.000000	 1.000000	 25.621546
-68	 0.950413	 1.000000	 1.000000	 25.718502
-71	 0.963190	 1.000000	 1.000000	 25.851358
-71	 0.977273	 1.000000	 1.000000	 26.063084
-75	 0.976096	 1.000000	 1.000000	 26.266647
-73	 0.971154	 1.000000	 1.000000	 26.431534
-69	 0.976834	 1.000000	 1.000000	 26.636745
-73	 0.939394	 1.000000	 1.000000	 26.718363
-70	 0.968421	 1.000000	 1.000000	 26.866783
-72	 0.979866	 1.000000	 1.000000	 27.098703
-71	 0.976562	 1.000000	 1.000000	 27.301336
-72	 0.970732	 1.000000	 1.000000	 27.479385
-73	 0.957747	 1.000000	 1.000000	 27.591860
-73	 0.965116	 1.000000	 1.000000	 27.728823
-75	 0.969072	 1.000000	 1.000000	 27.881430
-69	 0.963636	 1.000000	 1.000000	 28.011202
-72	 0.965909	 1.000000	 1.000000	 28.149059
-72	 0.940000	 1.000000	 1.000000	 28.230745
-74	 0.911765	 1.000000	 1.000000	 28.286831
-74	 0.936170	 1.000000	 1.000000	 28.362940
-77	 0.965116	 1.000000	 1.000000	 28.500729
-72	 0.958333	 1.000000	 1.000000	 28.615337
-73	 0.949153	 1.000000	 1.000000	 28.710865
-75	 0.966851	 1.000000	 1.000000	 28.854469
-75	 0.942308	 1.000000	 1.000000	 28.937328
-80	 0.951613	 1.000000	 1.000000	 29.039217
-72	 0.941748	 1.000000	 1.000000	 29.123758
-74	 0.972973	 1.000000	 1.000000	 29.298157
-75	 0.962963	 1.000000	 1.000000	 29.427801
-73	 0.967033	 1.000000	 1.000000	 29.572468
-73	 0.965318	 1.000000	 1.000000	 29.708979
-76	 0.970443	 1.000000	 1.000000	 29.869345
-77	 0.901639	 1.000000	 1.000000	 29.920925
-76	 0.948718	 1.000000	 1.000000	 30.016642
-77	 0.958904	 1.000000	 1.000000	 30.132401
-73	 0.960526	 1.000000	 1.000000	 30.252878
-72	 0.974790	 1.000000	 1.000000	 30.439783
-80	 0.942308	 1.000000	 1.000000	 30.525810
-77	 0.950820	 1.000000	 1.000000	 30.623228
-76	 0.922078	 1.000000	 1.000000	 30.688540
-78	 0.925926	 1.000000	 1.000000	 30.757034
-78	 0.928571	 1.000000	 1.000000	 30.825996
-77	 0.957143	 1.000000	 1.000000	 30.936617
-77	 0.964072	 1.000000	 1.000000	 31.069422
-76	 0.958621	 1.000000	 1.000000	 31.183290
-75	 0.920000	 1.000000	 1.000000	 31.244593
-76	 0.948276	 1.000000	 1.000000	 31.338266
-74	 0.925000	 1.000000	 1.000000	 31.403427
-73	 0.955882	 1.000000	 1.000000	 31.512115
-74	 0.958904	 1.000000	 1.000000	 31.626932
-75	 0.958042	 1.000000	 1.000000	 31.745232
-76	 0.968085	 1.000000	 1.000000	 31.895620
-77	 0.939394	 1.000000	 1.000000	 31.976383
-78	 0.888889	 1.000000	 1.000000	 32.022774
-78	 0.915493	 1.000000	 1.000000	 32.080711
-79	 0.964286	 0.785714	 0.812500	 33.092041
-78	 0.684211	 1.000000	 1.000000	 33.114910
-74	 0.923077	 1.000000	 1.000000	 33.388542
-78	 0.967914	 1.000000	 1.000000	 33.749634
-72	 0.967914	 1.000000	 1.000000	 34.109512
-76	 0.982249	 1.000000	 1.000000	 34.712044
-80	 0.500000	 1.000000	 1.000000	 34.807999
-80	 0.000000	 1.000000	 1.000000	 34.831562
-80	 0.850000	 1.000000	 1.000000	 34.879910
-80	 0.860465	 1.000000	 1.000000	 35.061028
-78	 0.812500	 1.000000	 -nan	 35.093430
-79	 0.949153	 1.000000	 1.000000	 35.244522
-80	 0.950000	 1.000000	 1.000000	 35.489735
-81	 0.944444	 1.000000	 1.000000	 35.576668
-81	 0.903226	 1.000000	 1.000000	 35.764103
-78	 0.142857	 1.000000	 -nan	 35.810310
-78	 0.000000	 1.000000	 -nan	 35.859352
-82	 0.000000	 1.000000	 1.000000	 35.910126
-81	 0.000000	 1.000000	 1.000000	 35.960548
-77	 0.000000	 1.000000	 -nan	 36.010841
-81	 0.142857	 1.000000	 -nan	 36.045254
-81	 0.250000	 1.000000	 -nan	 36.077957
-82	 0.142857	 1.000000	 -nan	 36.122330
-82	 0.000000	 1.000000	 -nan	 36.173859
-82	 0.000000	 1.000000	 -nan	 36.205589
-82	 0.000000	 1.000000	 1.000000	 36.345570
-80	 0.250000	 1.000000	 1.000000	 36.358795
-80	 0.000000	 1.000000	 1.000000	 36.370564
-80	 0.000000	 1.000000	 1.000000	 36.383724
-80	 0.000000	 1.000000	 1.000000	 36.396614
-80	 0.000000	 1.000000	 1.000000	 36.409554
-78	 0.000000	 1.000000	 1.000000	 36.421310
-79	 0.000000	 1.000000	 1.000000	 36.431820
-78	 0.000000	 1.000000	 1.000000	 36.446388
-80	 0.769231	 1.000000	 1.000000	 36.473957
-81	 0.939394	 1.000000	 1.000000	 36.558693
-79	 0.842105	 1.000000	 1.000000	 36.730049
-79	 0.222222	 1.000000	 -nan	 36.743046
-82	 0.000000	 1.000000	 1.000000	 36.841904
-82	 0.000000	 1.000000	 1.000000	 36.891647
-82	 0.000000	 1.000000	 -nan	 36.942146
-82	 0.000000	 1.000000	 -nan	 36.989502
-81	 0.142857	 1.000000	 -nan	 37.030117
-81	 0.000000	 1.000000	 -nan	 37.078842
-78	 0.000000	 1.000000	 -nan	 37.128166
-81	 0.000000	 1.000000	 -nan	 37.175575
-81	 0.000000	 1.000000	 1.000000	 37.322414
-77	 0.863636	 1.000000	 1.000000	 37.429398
-77	 0.000000	 1.000000	 1.000000	 37.441528
-82	 0.250000	 1.000000	 1.000000	 37.454750
-82	 0.942857	 1.000000	 1.000000	 37.543407
-82	 0.625000	 1.000000	 1.000000	 37.691483
-82	 0.250000	 1.000000	 -nan	 37.706188
-82	 0.142857	 1.000000	 -nan	 37.719051
-82	 0.000000	 1.000000	 -nan	 37.731350
-83	 0.000000	 1.000000	 -nan	 37.765186
-83	 0.000000	 1.000000	 -nan	 37.777100
-81	 0.000000	 1.000000	 1.000000	 37.803078
-83	 0.000000	 1.000000	 1.000000	 37.815697
-81	 0.000000	 1.000000	 1.000000	 37.827591
-82	 0.000000	 1.000000	 1.000000	 37.841518
-80	 0.000000	 1.000000	 1.000000	 37.853951
-81	 0.000000	 1.000000	 1.000000	 37.868656
-81	 0.000000	 1.000000	 -nan	 37.888943
-82	 0.000000	 1.000000	 -nan	 37.931160
-83	 0.000000	 1.000000	 -nan	 37.954346
-83	 0.000000	 1.000000	 -nan	 37.965694
-84	 0.000000	 1.000000	 -nan	 37.977364
-84	 0.000000	 1.000000	 -nan	 37.991470
-82	 0.000000	 1.000000	 -nan	 38.004032
-82	 0.918919	 1.000000	 1.000000	 38.197800
-82	 0.571429	 1.000000	 1.000000	 38.221161
-82	 0.000000	 1.000000	 1.000000	 38.232986
-83	 0.000000	 1.000000	 1.000000	 38.245132
-80	 0.000000	 1.000000	 1.000000	 38.257435
-84	 0.000000	 1.000000	 1.000000	 38.269279
-82	 0.000000	 1.000000	 1.000000	 38.282261
-82	 0.000000	 1.000000	 1.000000	 38.295322
-81	 0.000000	 1.000000	 1.000000	 38.308590
-81	 0.000000	 1.000000	 1.000000	 38.321377
-82	 0.000000	 1.000000	 1.000000	 38.333172
-82	 0.000000	 1.000000	 -nan	 38.377327
-82	 0.000000	 1.000000	 -nan	 38.427612
-82	 0.000000	 1.000000	 -nan	 38.442295
-82	 0.000000	 1.000000	 -nan	 38.453568
-83	 0.000000	 1.000000	 -nan	 38.465492
-83	 0.000000	 1.000000	 -nan	 38.477966
-82	 0.000000	 1.000000	 -nan	 38.490772
-80	 0.000000	 1.000000	 1.000000	 38.665722
-83	 0.000000	 1.000000	 1.000000	 38.692944
-83	 0.000000	 1.000000	 1.000000	 38.708061
-82	 0.000000	 1.000000	 1.000000	 38.720303
-81	 0.000000	 1.000000	 1.000000	 38.732647
-82	 0.000000	 1.000000	 1.000000	 38.745129
-83	 0.000000	 1.000000	 1.000000	 38.756416
-81	 0.000000	 1.000000	 1.000000	 38.768738
-82	 0.000000	 1.000000	 1.000000	 38.781212
-83	 0.000000	 1.000000	 1.000000	 38.800842
-83	 0.000000	 1.000000	 1.000000	 38.816959
-83	 0.000000	 1.000000	 1.000000	 38.833893
-83	 0.000000	 1.000000	 -nan	 38.854397
-84	 0.000000	 1.000000	 -nan	 38.889881
-82	 0.000000	 1.000000	 -nan	 38.903130
-81	 0.000000	 1.000000	 -nan	 38.915031
-80	 0.500000	 1.000000	 -nan	 38.931519
-80	 0.307692	 1.000000	 1.000000	 39.082989
-80	 0.000000	 1.000000	 -nan	 39.100445
-80	 0.000000	 1.000000	 -nan	 39.129189
-80	 0.000000	 1.000000	 -nan	 39.148911
-80	 0.000000	 1.000000	 -nan	 39.160748
-84	 0.400000	 1.000000	 1.000000	 39.180794
-84	 0.000000	 1.000000	 1.000000	 39.192589
-81	 0.000000	 1.000000	 1.000000	 39.207390
-83	 0.000000	 1.000000	 1.000000	 39.220829
-82	 0.000000	 1.000000	 1.000000	 39.232613
-83	 0.000000	 1.000000	 1.000000	 39.243744
-83	 0.000000	 1.000000	 1.000000	 39.269520
-83	 0.000000	 1.000000	 1.000000	 39.304951
-84	 0.000000	 1.000000	 1.000000	 39.317268
-83	 0.000000	 1.000000	 1.000000	 39.329811
-83	 0.000000	 1.000000	 1.000000	 39.340775
-82	 0.142857	 1.000000	 1.000000	 39.352573
-82	 0.842105	 1.000000	 1.000000	 39.389111
-83	 0.819672	 1.000000	 1.000000	 39.449745
-83	 0.000000	 1.000000	 1.000000	 39.461857
-80	 0.000000	 1.000000	 1.000000	 39.481186
-82	 0.000000	 1.000000	 1.000000	 39.498909
-83	 0.000000	 1.000000	 1.000000	 39.523720
-83	 0.000000	 1.000000	 1.000000	 39.539410
-83	 0.000000	 1.000000	 1.000000	 39.564980
-82	 0.000000	 1.000000	 1.000000	 39.577141
-83	 0.000000	 1.000000	 1.000000	 39.596973
-82	 0.000000	 1.000000	 1.000000	 39.607548
-83	 0.000000	 1.000000	 1.000000	 39.619610
-81	 0.000000	 1.000000	 1.000000	 39.642899
-82	 0.000000	 1.000000	 1.000000	 39.669357
-81	 0.000000	 1.000000	 1.000000	 39.694302
-81	 0.000000	 1.000000	 1.000000	 39.724895
-81	 0.000000	 1.000000	 1.000000	 39.760983
-82	 0.000000	 1.000000	 1.000000	 39.809586
-82	 0.000000	 1.000000	 1.000000	 39.865017
-82	 0.000000	 1.000000	 1.000000	 39.915066
-82	 0.000000	 1.000000	 1.000000	 39.945358
-83	 0.000000	 1.000000	 1.000000	 39.990276
-81	 0.000000	 1.000000	 1.000000	 40.020084
-82	 0.000000	 1.000000	 1.000000	 40.053135
-83	 0.000000	 1.000000	 1.000000	 40.083118
-82	 0.000000	 1.000000	 1.000000	 40.102592
-83	 0.000000	 1.000000	 1.000000	 40.120712
-82	 0.000000	 1.000000	 1.000000	 40.137360
-83	 0.000000	 1.000000	 1.000000	 40.157459
-82	 0.000000	 1.000000	 1.000000	 40.177410
-82	 0.000000	 1.000000	 1.000000	 40.197014
-83	 0.000000	 1.000000	 1.000000	 40.216522
-82	 0.000000	 1.000000	 1.000000	 40.231754
-83	 0.000000	 1.000000	 1.000000	 40.256615
-84	 0.000000	 1.000000	 1.000000	 40.277103
-83	 0.000000	 1.000000	 1.000000	 40.297333
-82	 0.000000	 1.000000	 1.000000	 40.315735
-83	 0.000000	 1.000000	 1.000000	 40.335304
-84	 0.000000	 1.000000	 1.000000	 40.352749
-83	 0.000000	 1.000000	 1.000000	 40.376690
-83	 0.000000	 1.000000	 1.000000	 40.401779
-83	 0.000000	 1.000000	 1.000000	 40.422127
-83	 0.000000	 1.000000	 1.000000	 40.439880
-83	 0.000000	 1.000000	 1.000000	 40.463371
-83	 0.000000	 1.000000	 1.000000	 40.485008
-83	 0.000000	 1.000000	 1.000000	 40.502190
-83	 0.000000	 1.000000	 1.000000	 40.522160
-84	 0.000000	 1.000000	 1.000000	 40.554798
-83	 0.000000	 1.000000	 1.000000	 40.572975
-83	 0.000000	 1.000000	 -nan	 40.588440
-82	 0.000000	 1.000000	 1.000000	 40.606136
-81	 0.000000	 1.000000	 -nan	 40.628056
-83	 0.000000	 1.000000	 1.000000	 40.649277
-83	 0.000000	 1.000000	 1.000000	 40.669167
-83	 0.000000	 1.000000	 1.000000	 40.690598
-82	 0.000000	 1.000000	 1.000000	 40.711277
-82	 0.000000	 1.000000	 1.000000	 40.729321
-82	 0.000000	 1.000000	 1.000000	 40.746410
-82	 0.000000	 1.000000	 1.000000	 40.763535
-79	 0.000000	 1.000000	 1.000000	 40.783428
-82	 0.000000	 1.000000	 1.000000	 40.801006
-83	 0.000000	 1.000000	 1.000000	 40.819401
-81	 0.000000	 1.000000	 1.000000	 40.838963
-83	 0.000000	 1.000000	 1.000000	 40.856014
-83	 0.000000	 1.000000	 1.000000	 40.873531
-82	 0.000000	 1.000000	 1.000000	 40.890888
-83	 0.000000	 1.000000	 1.000000	 40.908794
-83	 0.000000	 1.000000	 1.000000	 40.927094
-82	 0.000000	 1.000000	 1.000000	 40.947132
-83	 0.000000	 1.000000	 1.000000	 40.970364
-84	 0.000000	 1.000000	 1.000000	 40.991589
-83	 0.000000	 1.000000	 1.000000	 41.013424
-83	 0.000000	 1.000000	 1.000000	 41.037064
-84	 0.000000	 1.000000	 1.000000	 41.058613
-82	 0.000000	 1.000000	 1.000000	 41.076908
-83	 0.000000	 1.000000	 1.000000	 41.095398
-82	 0.000000	 1.000000	 1.000000	 41.112335
-82	 0.000000	 1.000000	 1.000000	 41.130661
-83	 0.000000	 1.000000	 1.000000	 41.148521
-84	 0.000000	 1.000000	 1.000000	 41.165482
-84	 0.000000	 1.000000	 1.000000	 41.185986
-84	 0.000000	 1.000000	 -nan	 41.202198
-83	 0.000000	 1.000000	 1.000000	 41.232567
-82	 0.000000	 1.000000	 1.000000	 41.256340
-81	 0.000000	 1.000000	 1.000000	 41.279682
-81	 0.000000	 1.000000	 1.000000	 41.300762
-80	 0.000000	 1.000000	 1.000000	 41.319763
-80	 0.000000	 1.000000	 1.000000	 41.342224
-80	 0.000000	 1.000000	 1.000000	 41.362652
-79	 0.000000	 1.000000	 1.000000	 41.380856
-78	 0.000000	 1.000000	 1.000000	 41.400700
-79	 0.000000	 1.000000	 1.000000	 41.418217
-79	 0.000000	 1.000000	 1.000000	 41.437737
-79	 0.000000	 1.000000	 1.000000	 41.456089
-83	 0.000000	 1.000000	 1.000000	 41.475742
-82	 0.000000	 1.000000	 1.000000	 41.494331
-82	 0.000000	 1.000000	 1.000000	 41.511448
-80	 0.000000	 1.000000	 1.000000	 41.529446
-83	 0.000000	 1.000000	 1.000000	 41.546726
-82	 0.000000	 1.000000	 1.000000	 41.564571
-82	 0.000000	 1.000000	 1.000000	 41.581577
-82	 0.000000	 1.000000	 1.000000	 41.599098
-84	 0.000000	 1.000000	 1.000000	 41.616909
-84	 0.000000	 1.000000	 1.000000	 41.634182
-84	 0.000000	 1.000000	 1.000000	 41.652031
-83	 0.000000	 1.000000	 1.000000	 41.671021
-83	 0.000000	 1.000000	 1.000000	 41.691555
-84	 0.000000	 1.000000	 1.000000	 41.708328
-83	 0.000000	 1.000000	 1.000000	 41.725037
-82	 0.000000	 1.000000	 1.000000	 41.744671
-84	 0.000000	 1.000000	 1.000000	 41.762054
-84	 0.000000	 1.000000	 1.000000	 41.781319
-83	 0.000000	 1.000000	 1.000000	 41.804455
-83	 0.000000	 1.000000	 1.000000	 41.824158
-82	 0.000000	 1.000000	 1.000000	 41.844414
-83	 0.000000	 1.000000	 1.000000	 41.862286
-83	 0.000000	 1.000000	 1.000000	 41.879574
-82	 0.000000	 1.000000	 1.000000	 41.896538
-84	 0.000000	 1.000000	 1.000000	 41.914951
-82	 0.000000	 1.000000	 1.000000	 41.932983
-83	 0.000000	 1.000000	 1.000000	 41.955574
-83	 0.000000	 1.000000	 1.000000	 41.978050
-83	 0.000000	 1.000000	 1.000000	 42.001587
-83	 0.000000	 1.000000	 -nan	 42.019188
-83	 0.000000	 1.000000	 1.000000	 42.040131
-84	 0.000000	 1.000000	 1.000000	 42.062248
-82	 0.000000	 1.000000	 1.000000	 42.083477
-83	 0.000000	 1.000000	 1.000000	 42.101757
-82	 0.000000	 1.000000	 1.000000	 42.123558
-82	 0.000000	 1.000000	 1.000000	 42.139572
-82	 0.000000	 1.000000	 1.000000	 42.160290
-83	 0.000000	 1.000000	 1.000000	 42.181229
-82	 0.000000	 1.000000	 1.000000	 42.198315
-82	 0.000000	 1.000000	 1.000000	 42.219250
-82	 0.000000	 1.000000	 1.000000	 42.238503
-82	 0.000000	 1.000000	 1.000000	 42.258099
-82	 0.000000	 1.000000	 1.000000	 42.276882
-83	 0.000000	 1.000000	 1.000000	 42.294296
-83	 0.000000	 1.000000	 1.000000	 42.311836
-84	 0.000000	 1.000000	 1.000000	 42.332108
-80	 0.000000	 1.000000	 1.000000	 42.350056
-84	 0.000000	 1.000000	 1.000000	 42.367813
-83	 0.000000	 1.000000	 1.000000	 42.387310
-83	 0.000000	 1.000000	 1.000000	 42.405346
-83	 0.000000	 1.000000	 1.000000	 42.422516
-81	 0.000000	 1.000000	 1.000000	 42.440689
-83	 0.000000	 1.000000	 1.000000	 42.458172
-83	 0.000000	 1.000000	 1.000000	 42.475601
-83	 0.000000	 1.000000	 1.000000	 42.496742
-84	 0.000000	 1.000000	 1.000000	 42.514194
-84	 0.000000	 1.000000	 -nan	 42.531799
-82	 0.000000	 1.000000	 1.000000	 42.557083
-83	 0.000000	 1.000000	 1.000000	 42.574825
-84	 0.000000	 1.000000	 1.000000	 42.604496
-82	 0.000000	 1.000000	 1.000000	 42.622265
-85	 0.000000	 1.000000	 1.000000	 42.642506
-83	 0.000000	 1.000000	 1.000000	 42.663349
-83	 0.000000	 1.000000	 1.000000	 42.680832
-84	 0.000000	 1.000000	 1.000000	 42.701229
-83	 0.000000	 1.000000	 1.000000	 42.718498
-84	 0.000000	 1.000000	 1.000000	 42.737141
-81	 0.000000	 1.000000	 1.000000	 42.757103
-83	 0.000000	 1.000000	 1.000000	 42.774654
-83	 0.000000	 1.000000	 1.000000	 42.793144
-83	 0.142857	 1.000000	 1.000000	 42.813049
-82	 0.000000	 1.000000	 1.000000	 42.830303
-82	 0.142857	 1.000000	 1.000000	 42.849045
-79	 0.333333	 1.000000	 1.000000	 42.870789
-81	 0.142857	 1.000000	 1.000000	 42.889736
-81	 0.454545	 1.000000	 1.000000	 42.910263
-81	 0.400000	 1.000000	 1.000000	 42.930988
-80	 0.000000	 1.000000	 1.000000	 42.949680
-79	 0.142857	 1.000000	 1.000000	 42.967594
-82	 0.000000	 1.000000	 1.000000	 42.984802
-83	 0.000000	 1.000000	 1.000000	 43.002010
-81	 0.000000	 1.000000	 1.000000	 43.018600
-82	 0.142857	 1.000000	 1.000000	 43.037003
-82	 0.142857	 1.000000	 1.000000	 43.057590
-82	 0.000000	 1.000000	 1.000000	 43.078392
-82	 0.000000	 1.000000	 1.000000	 43.095360
-83	 0.000000	 1.000000	 1.000000	 43.112644
-82	 0.000000	 1.000000	 1.000000	 43.132538
-82	 0.000000	 1.000000	 1.000000	 43.153233
-81	 0.000000	 1.000000	 1.000000	 43.173466
-83	 0.000000	 1.000000	 1.000000	 43.198128
-82	 0.000000	 1.000000	 1.000000	 43.220909
-83	 0.000000	 1.000000	 1.000000	 43.243217
-84	 0.000000	 1.000000	 1.000000	 43.270927
-83	 0.000000	 1.000000	 1.000000	 43.289368
-83	 0.000000	 1.000000	 1.000000	 43.311905
-83	 0.000000	 1.000000	 1.000000	 43.331551
-82	 0.000000	 1.000000	 1.000000	 43.351719
-83	 0.000000	 1.000000	 1.000000	 43.376400
-83	 0.000000	 1.000000	 1.000000	 43.394512
-83	 0.000000	 1.000000	 1.000000	 43.412888
-84	 0.000000	 1.000000	 1.000000	 43.430187
-84	 0.000000	 1.000000	 1.000000	 43.450325
-84	 0.000000	 1.000000	 1.000000	 43.469887
-84	 0.000000	 1.000000	 1.000000	 43.487751
-83	 0.000000	 1.000000	 1.000000	 43.506054
-82	 0.000000	 1.000000	 1.000000	 43.522606
-84	 0.142857	 1.000000	 1.000000	 43.540348
-83	 0.000000	 1.000000	 1.000000	 43.558147
-82	 0.000000	 1.000000	 1.000000	 43.575943
-82	 0.000000	 1.000000	 1.000000	 43.594360
-82	 0.000000	 1.000000	 1.000000	 43.610931
-83	 0.000000	 1.000000	 1.000000	 43.628780
-82	 0.000000	 1.000000	 1.000000	 43.645615
-82	 0.000000	 1.000000	 1.000000	 43.664024
-79	 0.000000	 1.000000	 1.000000	 43.681427
-82	 0.000000	 1.000000	 1.000000	 43.701889
-84	 0.000000	 1.000000	 1.000000	 43.719486
-82	 0.000000	 1.000000	 1.000000	 43.737041
-83	 0.000000	 1.000000	 1.000000	 43.754711
-84	 0.000000	 1.000000	 1.000000	 43.775204
-84	 0.000000	 1.000000	 1.000000	 43.795746
-83	 0.000000	 1.000000	 1.000000	 43.816643
-82	 0.000000	 1.000000	 1.000000	 43.836018
-84	 0.000000	 1.000000	 1.000000	 43.854919
-83	 0.000000	 1.000000	 1.000000	 43.872219
-83	 0.000000	 1.000000	 1.000000	 43.892529
-83	 0.000000	 1.000000	 1.000000	 43.911968
-83	 0.000000	 1.000000	 1.000000	 43.931847
-82	 0.000000	 1.000000	 1.000000	 43.952419
-83	 0.000000	 1.000000	 1.000000	 43.973717
-83	 0.000000	 1.000000	 1.000000	 43.992104
-84	 0.000000	 1.000000	 1.000000	 44.012218
-83	 0.000000	 1.000000	 1.000000	 44.032364
-83	 0.000000	 1.000000	 1.000000	 44.052593
-83	 0.000000	 1.000000	 1.000000	 44.070751
-84	 0.000000	 1.000000	 1.000000	 44.087582
-83	 0.000000	 1.000000	 1.000000	 44.108681
-84	 0.000000	 1.000000	 1.000000	 44.128403
-83	 0.000000	 1.000000	 1.000000	 44.146786
-83	 0.000000	 1.000000	 1.000000	 44.164215
-84	 0.000000	 1.000000	 1.000000	 44.183956
-84	 0.000000	 1.000000	 1.000000	 44.206722
-84	 0.000000	 1.000000	 1.000000	 44.230103
-84	 0.000000	 1.000000	 1.000000	 44.252369
-81	 0.000000	 1.000000	 1.000000	 44.274578
-82	 0.000000	 1.000000	 1.000000	 44.295147
-82	 0.000000	 1.000000	 1.000000	 44.313534
-82	 0.000000	 1.000000	 1.000000	 44.330894
-85	 0.000000	 1.000000	 1.000000	 44.350803
-85	 0.000000	 1.000000	 1.000000	 44.368523
-85	 0.000000	 1.000000	 1.000000	 44.385918
-84	 0.000000	 1.000000	 1.000000	 44.406292
-85	 0.000000	 1.000000	 1.000000	 44.424580
-85	 0.000000	 1.000000	 1.000000	 44.441570
-84	 0.000000	 1.000000	 1.000000	 44.459049
-85	 0.000000	 1.000000	 1.000000	 44.477516
-84	 0.000000	 1.000000	 1.000000	 44.496033
-84	 0.000000	 1.000000	 1.000000	 44.516663
-84	 0.000000	 1.000000	 1.000000	 44.533680
-84	 0.000000	 1.000000	 1.000000	 44.556850
-85	 0.000000	 1.000000	 1.000000	 44.576939
-84	 0.000000	 1.000000	 1.000000	 44.598801
-83	 0.000000	 1.000000	 1.000000	 44.616245
-83	 0.000000	 1.000000	 1.000000	 44.637466
-83	 0.000000	 1.000000	 1.000000	 44.653938
-85	 0.000000	 1.000000	 1.000000	 44.673786
-84	 0.000000	 1.000000	 1.000000	 44.691944
-84	 0.000000	 1.000000	 1.000000	 44.712685
-82	 0.000000	 1.000000	 1.000000	 44.734432
-84	 0.000000	 1.000000	 1.000000	 44.755409
-83	 0.000000	 1.000000	 1.000000	 44.777454
-84	 0.000000	 1.000000	 1.000000	 44.819458
-83	 0.000000	 1.000000	 1.000000	 44.839153
-84	 0.000000	 1.000000	 1.000000	 44.856754
-83	 0.000000	 1.000000	 1.000000	 44.875320
-84	 0.000000	 1.000000	 1.000000	 44.895882
-85	 0.000000	 1.000000	 1.000000	 45.016758
-85	 0.000000	 1.000000	 -nan	 45.106602
-84	 0.000000	 1.000000	 1.000000	 45.126144
-84	 0.000000	 1.000000	 -nan	 45.143375
-84	 0.000000	 1.000000	 -nan	 45.162022
-84	 0.000000	 1.000000	 -nan	 45.179340
-84	 0.000000	 1.000000	 -nan	 45.195625
-84	 0.000000	 1.000000	 1.000000	 45.219311
-84	 0.000000	 1.000000	 1.000000	 45.239468
-84	 0.000000	 1.000000	 1.000000	 45.257851
-84	 0.000000	 1.000000	 1.000000	 45.274704
-84	 0.000000	 1.000000	 1.000000	 45.293468
-84	 0.000000	 1.000000	 1.000000	 45.310478
-84	 0.000000	 1.000000	 1.000000	 45.328979
-85	 0.000000	 1.000000	 1.000000	 45.348000
-85	 0.000000	 1.000000	 1.000000	 45.372887
-85	 0.000000	 1.000000	 1.000000	 45.393921
-85	 0.000000	 1.000000	 1.000000	 45.414234
-84	 0.000000	 1.000000	 1.000000	 45.431995
-84	 0.000000	 1.000000	 1.000000	 45.451828
-83	 0.000000	 1.000000	 1.000000	 45.471596
-85	 0.000000	 1.000000	 1.000000	 45.490170
-85	 0.000000	 1.000000	 1.000000	 45.511009
-84	 0.000000	 1.000000	 1.000000	 45.532677
-83	 0.000000	 1.000000	 1.000000	 45.553143
-83	 0.000000	 1.000000	 1.000000	 45.573826
-86	 0.000000	 1.000000	 1.000000	 45.596924
-85	 0.000000	 1.000000	 1.000000	 45.618923
-85	 0.000000	 1.000000	 1.000000	 45.639439
-84	 0.000000	 1.000000	 1.000000	 45.659988
-85	 0.000000	 1.000000	 1.000000	 45.682369
-84	 0.000000	 1.000000	 1.000000	 45.715942
-84	 0.000000	 1.000000	 1.000000	 45.738285
-84	 0.000000	 1.000000	 1.000000	 45.766441
-83	 0.000000	 1.000000	 1.000000	 45.789024
-83	 0.000000	 1.000000	 1.000000	 45.815029
-84	 0.000000	 1.000000	 1.000000	 45.833214
-84	 0.000000	 1.000000	 1.000000	 45.855816
-84	 0.000000	 1.000000	 1.000000	 45.881561
-87	 0.000000	 1.000000	 1.000000	 48.005852
-87	 0.000000	 1.000000	 -nan	 48.069916
-87	 0.000000	 1.000000	 -nan	 48.128471
-87	 0.000000	 1.000000	 -nan	 48.150520
-87	 0.000000	 1.000000	 -nan	 48.178562
-87	 0.000000	 1.000000	 -nan	 48.200043
-87	 0.000000	 1.000000	 -nan	 48.232082
-85	 0.000000	 1.000000	 1.000000	 48.263153
-85	 0.000000	 1.000000	 1.000000	 48.303009
-85	 0.000000	 1.000000	 1.000000	 48.324390
-86	 0.000000	 1.000000	 1.000000	 48.363762
-85	 0.000000	 1.000000	 1.000000	 48.398766
-85	 0.000000	 1.000000	 1.000000	 48.443062
